1:24:30.000 PM 9/21/2022 	 -50118.297179 	 -345.553495 	 297.647000 	 44.546000 	 -131.291448 	 -49987.005731 	 -344.648272 
1:24:37.104 PM 9/21/2022 	 -50115.347821 	 -345.533160 	 297.647000 	 44.546000 	 -132.398377 	 -49982.949444 	 -344.620305 
1:24:44.219 PM 9/21/2022 	 -50114.874467 	 -345.529896 	 297.647000 	 44.546000 	 -132.688903 	 -49982.185564 	 -344.615038 
1:24:51.465 PM 9/21/2022 	 -50113.964172 	 -345.523620 	 297.647000 	 44.546000 	 -133.000889 	 -49980.963283 	 -344.606611 
1:24:58.699 PM 9/21/2022 	 -50115.821175 	 -345.536424 	 297.647000 	 44.546000 	 -131.800581 	 -49984.020594 	 -344.627691 
1:25:05.858 PM 9/21/2022 	 -50111.342521 	 -345.505544 	 297.647000 	 44.546000 	 -132.769066 	 -49978.573454 	 -344.590134 
1:25:13.026 PM 9/21/2022 	 -50115.639116 	 -345.535168 	 297.647000 	 44.546000 	 -132.624897 	 -49983.014219 	 -344.620752 
1:25:20.295 PM 9/21/2022 	 -50112.944641 	 -345.516591 	 297.647000 	 44.546000 	 -132.798057 	 -49980.146584 	 -344.600980 
1:25:27.429 PM 9/21/2022 	 -50110.832755 	 -345.502030 	 297.647000 	 44.546000 	 -131.818139 	 -49979.014616 	 -344.593176 
1:25:34.684 PM 9/21/2022 	 -50116.840706 	 -345.543453 	 297.647000 	 44.546000 	 -131.868587 	 -49984.972119 	 -344.634251 
1:25:41.872 PM 9/21/2022 	 -50116.367352 	 -345.540189 	 297.647000 	 44.546000 	 -131.372724 	 -49984.994628 	 -344.634406 
1:25:49.072 PM 9/21/2022 	 -50113.563642 	 -345.520858 	 297.647000 	 44.546000 	 -131.627093 	 -49981.936549 	 -344.613322 
1:25:56.297 PM 9/21/2022 	 -50114.874467 	 -345.529896 	 297.647000 	 44.546000 	 -132.251754 	 -49982.622713 	 -344.618052 
1:26:03.483 PM 9/21/2022 	 -50116.949941 	 -345.544206 	 297.647000 	 44.546000 	 -132.288236 	 -49984.661706 	 -344.632111 
1:26:10.675 PM 9/21/2022 	 -50120.700359 	 -345.570064 	 297.647000 	 44.546000 	 -130.749498 	 -49989.950861 	 -344.668578 
1:26:17.905 PM 9/21/2022 	 -50117.168412 	 -345.545712 	 297.647000 	 44.546000 	 -131.775552 	 -49985.392860 	 -344.637152 
1:26:25.109 PM 9/21/2022 	 -50118.406414 	 -345.554248 	 297.647000 	 44.546000 	 -131.222452 	 -49987.183962 	 -344.649501 
1:26:32.328 PM 9/21/2022 	 -50115.056526 	 -345.531151 	 297.647000 	 44.546000 	 -132.256749 	 -49982.799778 	 -344.619273 
1:26:39.531 PM 9/21/2022 	 -50119.717240 	 -345.563286 	 297.647000 	 44.546000 	 -132.764774 	 -49986.952465 	 -344.647905 
1:26:46.682 PM 9/21/2022 	 -50110.359401 	 -345.498766 	 297.647000 	 44.546000 	 -131.653546 	 -49978.705855 	 -344.591047 
1:26:53.922 PM 9/21/2022 	 -50115.092938 	 -345.531403 	 297.647000 	 44.546000 	 -132.178031 	 -49982.914907 	 -344.620067 
1:27:01.139 PM 9/21/2022 	 -50113.126700 	 -345.517846 	 297.647000 	 44.546000 	 -132.701077 	 -49980.425622 	 -344.602904 
1:27:08.315 PM 9/21/2022 	 -50112.398463 	 -345.512825 	 297.647000 	 44.546000 	 -132.399472 	 -49979.998991 	 -344.599963 
1:27:15.422 PM 9/21/2022 	 -50111.560991 	 -345.507051 	 297.647000 	 44.546000 	 -131.980153 	 -49979.580838 	 -344.597079 
1:27:22.723 PM 9/21/2022 	 -50117.168412 	 -345.545712 	 297.647000 	 44.546000 	 -132.473504 	 -49984.694908 	 -344.632340 
1:27:29.894 PM 9/21/2022 	 -50119.935711 	 -345.564792 	 297.647000 	 44.546000 	 -132.034147 	 -49987.901564 	 -344.654449 
1:27:37.128 PM 9/21/2022 	 -50116.622235 	 -345.541947 	 297.647000 	 44.546000 	 -131.126127 	 -49985.496108 	 -344.637864 
1:27:44.332 PM 9/21/2022 	 -50115.274997 	 -345.532658 	 297.647000 	 44.546000 	 -132.443761 	 -49982.831236 	 -344.619490 
1:27:51.520 PM 9/21/2022 	 -50120.627535 	 -345.569562 	 297.647000 	 44.546000 	 -131.755047 	 -49988.872488 	 -344.661143 
1:27:58.755 PM 9/21/2022 	 -50112.143581 	 -345.511067 	 297.647000 	 44.546000 	 -131.619440 	 -49980.524141 	 -344.603583 
1:28:05.989 PM 9/21/2022 	 -50119.753651 	 -345.563537 	 297.647000 	 44.546000 	 -132.216180 	 -49987.537472 	 -344.651939 
1:28:13.211 PM 9/21/2022 	 -50112.908229 	 -345.516339 	 297.647000 	 44.546000 	 -132.708457 	 -49980.199772 	 -344.601347 
1:28:20.306 PM 9/21/2022 	 -50117.714589 	 -345.549478 	 297.647000 	 44.546000 	 -130.581182 	 -49987.133407 	 -344.649153 
1:28:27.603 PM 9/21/2022 	 -50114.874467 	 -345.529896 	 297.647000 	 44.546000 	 -130.293533 	 -49984.580935 	 -344.631554 
1:28:34.784 PM 9/21/2022 	 -50120.117770 	 -345.566048 	 297.647000 	 44.546000 	 -130.582949 	 -49989.534821 	 -344.665710 
1:28:42.016 PM 9/21/2022 	 -50113.199523 	 -345.518348 	 297.647000 	 44.546000 	 -131.956727 	 -49981.242796 	 -344.608538 
1:28:49.146 PM 9/21/2022 	 -50108.757281 	 -345.487720 	 297.647000 	 44.546000 	 -132.397129 	 -49976.360152 	 -344.574874 
1:28:56.381 PM 9/21/2022 	 -50112.507699 	 -345.513578 	 297.647000 	 44.546000 	 -131.408955 	 -49981.098744 	 -344.607545 
1:29:03.459 PM 9/21/2022 	 -50120.955242 	 -345.571822 	 297.647000 	 44.546000 	 -132.027526 	 -49988.927716 	 -344.661524 
1:29:10.792 PM 9/21/2022 	 -50116.622235 	 -345.541947 	 297.647000 	 44.546000 	 -129.609066 	 -49987.013169 	 -344.648324 
1:29:17.912 PM 9/21/2022 	 -50117.823825 	 -345.550231 	 297.647000 	 44.546000 	 -132.207464 	 -49985.616361 	 -344.638693 
1:29:25.104 PM 9/21/2022 	 -50116.148881 	 -345.538683 	 297.647000 	 44.546000 	 -132.164520 	 -49983.984361 	 -344.627441 
1:29:32.333 PM 9/21/2022 	 -50118.989003 	 -345.558265 	 297.647000 	 44.546000 	 -131.162059 	 -49987.826944 	 -344.653934 
1:29:39.525 PM 9/21/2022 	 -50123.139951 	 -345.586885 	 297.647000 	 44.546000 	 -131.160987 	 -49991.978964 	 -344.682562 
1:29:46.718 PM 9/21/2022 	 -50122.775833 	 -345.584374 	 297.647000 	 44.546000 	 -130.703052 	 -49992.072781 	 -344.683208 
1:29:53.929 PM 9/21/2022 	 -50115.384233 	 -345.533411 	 297.647000 	 44.546000 	 -130.706270 	 -49984.677963 	 -344.632223 
1:30:01.156 PM 9/21/2022 	 -50109.631165 	 -345.493745 	 297.647000 	 44.546000 	 -131.061155 	 -49978.570009 	 -344.590110 
1:30:08.337 PM 9/21/2022 	 -50117.714589 	 -345.549478 	 297.647000 	 44.546000 	 -131.357394 	 -49986.357196 	 -344.643801 
1:30:15.610 PM 9/21/2022 	 -50118.224355 	 -345.552993 	 297.647000 	 44.546000 	 -131.442898 	 -49986.781457 	 -344.646726 
1:30:22.798 PM 9/21/2022 	 -50119.389533 	 -345.561027 	 297.647000 	 44.546000 	 -131.784917 	 -49987.604616 	 -344.652401 
1:30:29.978 PM 9/21/2022 	 -50119.680828 	 -345.563035 	 297.647000 	 44.546000 	 -131.564527 	 -49988.116300 	 -344.655929 
1:30:37.223 PM 9/21/2022 	 -50117.459707 	 -345.547721 	 297.647000 	 44.546000 	 -132.812405 	 -49984.647301 	 -344.632012 
1:30:44.393 PM 9/21/2022 	 -50111.888698 	 -345.509310 	 297.647000 	 44.546000 	 -131.569507 	 -49980.319191 	 -344.602170 
1:30:51.624 PM 9/21/2022 	 -50115.566292 	 -345.534666 	 297.647000 	 44.546000 	 -131.936197 	 -49983.630095 	 -344.624998 
1:30:58.798 PM 9/21/2022 	 -50117.969472 	 -345.551236 	 297.647000 	 44.546000 	 -131.082567 	 -49986.886905 	 -344.647453 
1:31:06.067 PM 9/21/2022 	 -50121.428595 	 -345.575085 	 297.647000 	 44.546000 	 -131.281462 	 -49990.147133 	 -344.669932 
1:31:13.269 PM 9/21/2022 	 -50108.902928 	 -345.488724 	 297.647000 	 44.546000 	 -130.584520 	 -49978.318408 	 -344.588375 
1:31:20.373 PM 9/21/2022 	 -50115.384233 	 -345.533411 	 297.647000 	 44.546000 	 -132.779029 	 -49982.605203 	 -344.617932 
1:31:27.694 PM 9/21/2022 	 -50116.258117 	 -345.539436 	 297.647000 	 44.546000 	 -130.192743 	 -49986.065373 	 -344.641789 
1:31:34.874 PM 9/21/2022 	 -50106.244865 	 -345.470397 	 297.647000 	 44.546000 	 -131.449165 	 -49974.795700 	 -344.564087 
1:31:42.038 PM 9/21/2022 	 -50118.879768 	 -345.557512 	 297.647000 	 44.546000 	 -132.129257 	 -49986.750511 	 -344.646513 
1:31:49.206 PM 9/21/2022 	 -50113.053876 	 -345.517344 	 297.647000 	 44.546000 	 -131.492749 	 -49981.561128 	 -344.610733 
1:31:56.490 PM 9/21/2022 	 -50119.644416 	 -345.562784 	 297.647000 	 44.546000 	 -131.438687 	 -49988.205729 	 -344.656546 
1:32:03.704 PM 9/21/2022 	 -50120.700359 	 -345.570064 	 297.647000 	 44.546000 	 -130.709174 	 -49989.991185 	 -344.668856 
1:32:10.912 PM 9/21/2022 	 -50115.602704 	 -345.534917 	 297.647000 	 44.546000 	 -131.067273 	 -49984.535431 	 -344.631240 
1:32:18.145 PM 9/21/2022 	 -50113.126700 	 -345.517846 	 297.647000 	 44.546000 	 -130.761328 	 -49982.365372 	 -344.616278 
1:32:25.349 PM 9/21/2022 	 -50112.289228 	 -345.512072 	 297.647000 	 44.546000 	 -130.960554 	 -49981.328673 	 -344.609130 
1:32:32.508 PM 9/21/2022 	 -50115.748351 	 -345.535921 	 297.647000 	 44.546000 	 -131.391629 	 -49984.356722 	 -344.630008 
1:32:39.715 PM 9/21/2022 	 -50114.146231 	 -345.524875 	 297.647000 	 44.546000 	 -130.285392 	 -49983.860839 	 -344.626589 
1:32:46.775 PM 9/21/2022 	 -50105.443805 	 -345.464874 	 297.647000 	 44.546000 	 -131.406921 	 -49974.036884 	 -344.558855 
1:32:54.160 PM 9/21/2022 	 -50115.457056 	 -345.533913 	 297.647000 	 44.546000 	 -131.363236 	 -49984.093820 	 -344.628195 
1:33:01.308 PM 9/21/2022 	 -50118.843356 	 -345.557261 	 297.647000 	 44.546000 	 -129.678183 	 -49989.165173 	 -344.663161 
1:33:08.542 PM 9/21/2022 	 -50119.498769 	 -345.561780 	 297.647000 	 44.546000 	 -130.795408 	 -49988.703361 	 -344.659977 
1:33:15.713 PM 9/21/2022 	 -50116.804294 	 -345.543202 	 297.647000 	 44.546000 	 -130.661929 	 -49986.142364 	 -344.642320 
1:33:22.966 PM 9/21/2022 	 -50118.989003 	 -345.558265 	 297.647000 	 44.546000 	 -129.984681 	 -49989.004322 	 -344.662052 
1:33:30.080 PM 9/21/2022 	 -50119.353121 	 -345.560775 	 297.647000 	 44.546000 	 -131.179573 	 -49988.173548 	 -344.656324 
1:33:37.340 PM 9/21/2022 	 -50113.782113 	 -345.522365 	 297.647000 	 44.546000 	 -129.817566 	 -49983.964546 	 -344.627304 
1:33:44.520 PM 9/21/2022 	 -50121.210124 	 -345.573579 	 297.647000 	 44.546000 	 -130.409982 	 -49990.800143 	 -344.674434 
1:33:51.700 PM 9/21/2022 	 -50117.350471 	 -345.546968 	 297.647000 	 44.546000 	 -129.802491 	 -49987.547981 	 -344.652011 
1:33:58.961 PM 9/21/2022 	 -50115.129350 	 -345.531654 	 297.647000 	 44.546000 	 -130.487912 	 -49984.641438 	 -344.631971 
1:34:06.087 PM 9/21/2022 	 -50119.535181 	 -345.562031 	 297.647000 	 44.546000 	 -130.750115 	 -49988.785065 	 -344.660540 
1:34:13.318 PM 9/21/2022 	 -50113.417994 	 -345.519854 	 297.647000 	 44.546000 	 -129.365939 	 -49984.052056 	 -344.627907 
1:34:20.578 PM 9/21/2022 	 -50111.852286 	 -345.509059 	 297.647000 	 44.546000 	 -130.414134 	 -49981.438152 	 -344.609885 
1:34:27.798 PM 9/21/2022 	 -50117.204824 	 -345.545963 	 297.647000 	 44.546000 	 -129.844568 	 -49987.360256 	 -344.650717 
1:34:35.009 PM 9/21/2022 	 -50110.796343 	 -345.501779 	 297.647000 	 44.546000 	 -130.009472 	 -49980.786871 	 -344.605395 
1:34:42.193 PM 9/21/2022 	 -50115.092938 	 -345.531403 	 297.647000 	 44.546000 	 -130.887747 	 -49984.205191 	 -344.628963 
1:34:49.308 PM 9/21/2022 	 -50119.425945 	 -345.561278 	 297.647000 	 44.546000 	 -129.758662 	 -49989.667283 	 -344.666623 
1:34:56.554 PM 9/21/2022 	 -50110.505049 	 -345.499770 	 297.647000 	 44.546000 	 -130.967484 	 -49979.537564 	 -344.596781 
1:35:03.799 PM 9/21/2022 	 6626.323529 	 45.686892 	 297.647000 	 44.546000 	 -128.998401 	 6755.321930 	 46.576305 
1:35:10.955 PM 9/21/2022 	 6692.811516 	 46.145311 	 297.647000 	 44.546000 	 -128.565877 	 6821.377393 	 47.031742 
1:35:18.190 PM 9/21/2022 	 6610.739269 	 45.579443 	 297.647000 	 44.546000 	 -129.591876 	 6740.331145 	 46.472947 
1:35:25.362 PM 9/21/2022 	 6615.363571 	 45.611326 	 297.647000 	 44.546000 	 -130.189313 	 6745.552884 	 46.508950 
1:35:32.647 PM 9/21/2022 	 9182.360626 	 63.310148 	 297.647000 	 44.546000 	 -129.211541 	 9311.572167 	 64.201030 
1:35:39.847 PM 9/21/2022 	 10384.424113 	 71.598084 	 297.647000 	 44.546000 	 -129.052000 	 10513.476114 	 72.487866 
1:35:46.853 PM 9/21/2022 	 10277.118473 	 70.858238 	 297.647000 	 44.546000 	 -129.020506 	 10406.138979 	 71.747803 
1:35:54.279 PM 9/21/2022 	 10460.779705 	 72.124537 	 297.647000 	 44.546000 	 -128.316477 	 10589.096182 	 73.009248 
1:36:01.419 PM 9/21/2022 	 10339.928867 	 71.291300 	 297.647000 	 44.546000 	 -129.024794 	 10468.953661 	 72.180895 
1:36:08.634 PM 9/21/2022 	 10380.309577 	 71.569715 	 297.647000 	 44.546000 	 -128.388373 	 10508.697951 	 72.454922 
1:36:15.843 PM 9/21/2022 	 10279.266771 	 70.873050 	 297.647000 	 44.546000 	 -128.280363 	 10407.547134 	 71.757512 
1:36:23.044 PM 9/21/2022 	 10177.641375 	 70.172367 	 297.647000 	 44.546000 	 -128.498934 	 10306.140309 	 71.058336 
1:36:30.290 PM 9/21/2022 	 10080.822340 	 69.504823 	 297.647000 	 44.546000 	 -128.766558 	 10209.588897 	 70.392638 
1:36:37.467 PM 9/21/2022 	 10280.796067 	 70.883594 	 297.647000 	 44.546000 	 -129.758590 	 10410.554657 	 71.778248 
1:36:44.652 PM 9/21/2022 	 10070.554206 	 69.434027 	 297.647000 	 44.546000 	 -128.194532 	 10198.748738 	 70.317897 
1:36:52.009 PM 9/21/2022 	 10055.843830 	 69.332603 	 297.647000 	 44.546000 	 -128.462154 	 10184.305983 	 70.218318 
1:36:59.046 PM 9/21/2022 	 10008.289990 	 69.004730 	 297.647000 	 44.546000 	 -128.073658 	 10136.363648 	 69.887767 
1:37:06.228 PM 9/21/2022 	 10126.519177 	 69.819892 	 297.647000 	 44.546000 	 -127.940253 	 10254.459430 	 70.702009 
1:37:13.372 PM 9/21/2022 	 9962.993683 	 68.692423 	 297.647000 	 44.546000 	 -129.158014 	 10092.151697 	 69.582937 
1:37:20.479 PM 9/21/2022 	 10032.394616 	 69.170926 	 297.647000 	 44.546000 	 -127.592569 	 10159.987185 	 70.050646 
1:37:27.810 PM 9/21/2022 	 10083.225520 	 69.521393 	 297.647000 	 44.546000 	 -129.360913 	 10212.586432 	 70.413305 
1:37:35.068 PM 9/21/2022 	 10106.456262 	 69.681563 	 297.647000 	 44.546000 	 -128.883359 	 10235.339622 	 70.570183 
1:37:42.235 PM 9/21/2022 	 10075.579037 	 69.468672 	 297.647000 	 44.546000 	 -129.734813 	 10205.313850 	 70.363162 
1:37:49.430 PM 9/21/2022 	 9946.244245 	 68.576940 	 297.647000 	 44.546000 	 -128.326409 	 10074.570654 	 69.461719 
1:37:57.120 PM 9/21/2022 	 9889.587449 	 68.186305 	 297.647000 	 44.546000 	 -128.080701 	 10017.668150 	 69.069391 
1:38:07.452 PM 9/21/2022 	 9996.929501 	 68.926403 	 297.647000 	 44.546000 	 -128.483200 	 10125.412701 	 69.812263 
1:38:14.680 PM 9/21/2022 	 9985.459777 	 68.847322 	 297.647000 	 44.546000 	 -128.145157 	 10113.604934 	 69.730851 
1:38:21.855 PM 9/21/2022 	 9934.592462 	 68.496604 	 297.647000 	 44.546000 	 -127.758471 	 10062.350932 	 69.377467 
1:38:29.105 PM 9/21/2022 	 10020.888480 	 69.091594 	 297.647000 	 44.546000 	 -128.417462 	 10149.305943 	 69.977001 
1:38:36.331 PM 9/21/2022 	 9972.060227 	 68.754935 	 297.647000 	 44.546000 	 -129.574454 	 10101.634681 	 69.648319 
1:38:43.449 PM 9/21/2022 	 9857.617869 	 67.965883 	 297.647000 	 44.546000 	 -128.094491 	 9985.712360 	 68.849063 
1:38:50.560 PM 9/21/2022 	 9928.875805 	 68.457189 	 297.647000 	 44.546000 	 -127.304638 	 10056.180443 	 69.334923 
1:38:57.995 PM 9/21/2022 	 9974.681878 	 68.773011 	 297.647000 	 44.546000 	 -127.701766 	 10102.383644 	 69.653483 
1:39:05.125 PM 9/21/2022 	 10001.189684 	 68.955776 	 297.647000 	 44.546000 	 -127.785515 	 10128.975199 	 69.836826 
1:39:12.333 PM 9/21/2022 	 10023.692191 	 69.110925 	 297.647000 	 44.546000 	 -127.815594 	 10151.507785 	 69.992182 
1:39:19.343 PM 9/21/2022 	 9950.468016 	 68.606062 	 297.647000 	 44.546000 	 -128.409117 	 10078.877133 	 69.491412 
1:39:26.744 PM 9/21/2022 	 9893.192220 	 68.211159 	 297.647000 	 44.546000 	 -128.010289 	 10021.202509 	 69.093759 
1:39:33.933 PM 9/21/2022 	 692.033977 	 4.771406 	 297.647000 	 44.546000 	 -127.553846 	 819.587823 	 5.650859 
1:39:41.166 PM 9/21/2022 	 101.834751 	 0.702126 	 297.647000 	 44.546000 	 -128.020724 	 229.855475 	 1.584798 
1:39:48.243 PM 9/21/2022 	 184.016233 	 1.268747 	 297.647000 	 44.546000 	 -127.789333 	 311.805567 	 2.149824 
1:39:55.605 PM 9/21/2022 	 105.767227 	 0.729239 	 297.647000 	 44.546000 	 -129.221764 	 234.988991 	 1.620192 
1:40:02.824 PM 9/21/2022 	 146.839763 	 1.012425 	 297.647000 	 44.546000 	 -128.248750 	 275.088513 	 1.896669 
1:40:09.974 PM 9/21/2022 	 109.444822 	 0.754595 	 297.647000 	 44.546000 	 -128.541070 	 237.985892 	 1.640855 
1:40:17.185 PM 9/21/2022 	 174.986102 	 1.206487 	 297.647000 	 44.546000 	 -128.709238 	 303.695339 	 2.093906 
1:40:24.428 PM 9/21/2022 	 272.897491 	 1.881562 	 297.647000 	 44.546000 	 -128.908893 	 401.806385 	 2.770358 
1:40:31.591 PM 9/21/2022 	 151.245593 	 1.042802 	 297.647000 	 44.546000 	 -129.080278 	 280.325871 	 1.932779 
1:40:38.792 PM 9/21/2022 	 338.147477 	 2.331445 	 297.647000 	 44.546000 	 -128.851357 	 466.998834 	 3.219844 
1:40:45.899 PM 9/21/2022 	 311.639670 	 2.148680 	 297.647000 	 44.546000 	 -128.485415 	 440.125085 	 3.034556 
1:40:53.172 PM 9/21/2022 	 103.072753 	 0.710662 	 297.647000 	 44.546000 	 -128.287254 	 231.360007 	 1.595171 
1:41:00.426 PM 9/21/2022 	 314.479792 	 2.168262 	 297.647000 	 44.546000 	 -129.723287 	 444.203079 	 3.062672 
1:41:07.716 PM 9/21/2022 	 242.165914 	 1.669675 	 297.647000 	 44.546000 	 -128.530945 	 370.696859 	 2.555865 
1:41:18.440 PM 9/21/2022 	 216.859697 	 1.495195 	 297.647000 	 44.546000 	 -128.570695 	 345.430392 	 2.381659 
1:41:25.653 PM 9/21/2022 	 247.372804 	 1.705575 	 297.647000 	 44.546000 	 -128.121044 	 375.493848 	 2.588939 
1:41:32.688 PM 9/21/2022 	 336.763828 	 2.321905 	 297.647000 	 44.546000 	 -128.385800 	 465.149628 	 3.207094 
1:41:40.037 PM 9/21/2022 	 283.566155 	 1.955120 	 297.647000 	 44.546000 	 -129.066256 	 412.632411 	 2.845000 
1:41:47.049 PM 9/21/2022 	 237.650848 	 1.638545 	 297.647000 	 44.546000 	 -128.530372 	 366.181220 	 2.524731 
1:41:54.415 PM 9/21/2022 	 138.246573 	 0.953177 	 297.647000 	 44.546000 	 -130.035079 	 268.281652 	 1.849737 
1:42:01.715 PM 9/21/2022 	 244.095740 	 1.682981 	 297.647000 	 44.546000 	 -128.736111 	 372.831851 	 2.570585 
1:42:12.489 PM 9/21/2022 	 213.145691 	 1.469588 	 297.647000 	 44.546000 	 -128.810544 	 341.956235 	 2.357705 
1:42:19.666 PM 9/21/2022 	 276.320203 	 1.905161 	 297.647000 	 44.546000 	 -129.805454 	 406.125657 	 2.800138 
1:42:26.846 PM 9/21/2022 	 24.095510 	 0.166133 	 297.647000 	 44.546000 	 -128.629553 	 152.725063 	 1.053002 
1:42:34.082 PM 9/21/2022 	 152.010242 	 1.048074 	 297.647000 	 44.546000 	 -130.138542 	 282.148783 	 1.945347 
1:42:41.230 PM 9/21/2022 	 283.821038 	 1.956877 	 297.647000 	 44.546000 	 -130.241938 	 414.062976 	 2.854864 
1:42:48.338 PM 9/21/2022 	 297.876002 	 2.053783 	 297.647000 	 44.546000 	 -130.342829 	 428.218831 	 2.952465 
1:42:55.693 PM 9/21/2022 	 199.564082 	 1.375946 	 297.647000 	 44.546000 	 -128.399903 	 327.963984 	 2.261232 
1:43:02.952 PM 9/21/2022 	 163.043024 	 1.124142 	 297.647000 	 44.546000 	 -129.224858 	 292.267882 	 2.015116 
1:43:13.749 PM 9/21/2022 	 315.353676 	 2.174287 	 297.647000 	 44.546000 	 -129.807623 	 445.161300 	 3.069279 
1:43:24.560 PM 9/21/2022 	 306.141485 	 2.110771 	 297.647000 	 44.546000 	 -129.380819 	 435.522304 	 3.002821 
1:43:35.341 PM 9/21/2022 	 171.199272 	 1.180377 	 297.647000 	 44.546000 	 -128.375904 	 299.575176 	 2.065498 
1:43:46.029 PM 9/21/2022 	 145.164819 	 1.000876 	 297.647000 	 44.546000 	 -129.118926 	 274.283745 	 1.891120 
1:43:53.315 PM 9/21/2022 	 211.798454 	 1.460299 	 297.647000 	 44.546000 	 -128.459595 	 340.258049 	 2.345997 
1:44:04.063 PM 9/21/2022 	 319.504624 	 2.202907 	 297.647000 	 44.546000 	 -129.596847 	 449.101471 	 3.096446 
1:44:11.334 PM 9/21/2022 	 156.416072 	 1.078451 	 297.647000 	 44.546000 	 -128.726438 	 285.142510 	 1.965988 
1:44:22.061 PM 9/21/2022 	 289.064341 	 1.993028 	 297.647000 	 44.546000 	 -130.399235 	 419.463575 	 2.892100 
1:44:29.193 PM 9/21/2022 	 189.623654 	 1.307409 	 297.647000 	 44.546000 	 -128.173307 	 317.796961 	 2.191133 
1:44:36.600 PM 9/21/2022 	 313.970027 	 2.164747 	 297.647000 	 44.546000 	 -126.984885 	 440.954912 	 3.040277 
1:44:47.254 PM 9/21/2022 	 116.872833 	 0.805810 	 297.647000 	 44.546000 	 -128.601806 	 245.474639 	 1.692488 
1:44:54.482 PM 9/21/2022 	 270.676370 	 1.866248 	 297.647000 	 44.546000 	 -128.770631 	 399.447001 	 2.754090 
1:45:01.870 PM 9/21/2022 	 171.053625 	 1.179373 	 297.647000 	 44.546000 	 -128.798854 	 299.852479 	 2.067410 
1:45:12.620 PM 9/21/2022 	 255.055699 	 1.758547 	 297.647000 	 44.546000 	 -128.947977 	 384.003675 	 2.647612 
1:45:23.314 PM 9/21/2022 	 106.313405 	 0.733005 	 297.647000 	 44.546000 	 -127.744488 	 234.057893 	 1.613772 
1:45:34.200 PM 9/21/2022 	 160.639844 	 1.107573 	 297.647000 	 44.546000 	 -128.486030 	 289.125874 	 1.993453 
1:45:44.898 PM 9/21/2022 	 175.787162 	 1.212010 	 297.647000 	 44.546000 	 -128.742120 	 304.529281 	 2.099655 
1:45:52.078 PM 9/21/2022 	 168.614033 	 1.162553 	 297.647000 	 44.546000 	 -128.150759 	 296.764792 	 2.046121 
1:45:59.225 PM 9/21/2022 	 278.723383 	 1.921730 	 297.647000 	 44.546000 	 -127.848451 	 406.571834 	 2.803214 
1:46:06.642 PM 9/21/2022 	 159.256194 	 1.098033 	 297.647000 	 44.546000 	 -127.584762 	 286.840956 	 1.977699 
1:46:17.406 PM 9/21/2022 	 196.505488 	 1.354858 	 297.647000 	 44.546000 	 -128.414314 	 324.919803 	 2.240243 
1:46:28.288 PM 9/21/2022 	 376.125008 	 2.593291 	 297.647000 	 44.546000 	 -128.973410 	 505.098417 	 3.482531 
1:46:39.083 PM 9/21/2022 	 219.153642 	 1.511011 	 297.647000 	 44.546000 	 -127.761309 	 346.914951 	 2.391894 
1:46:49.772 PM 9/21/2022 	 218.643876 	 1.507496 	 297.647000 	 44.546000 	 -127.889290 	 346.533166 	 2.389262 
1:47:00.551 PM 9/21/2022 	 132.930447 	 0.916523 	 297.647000 	 44.546000 	 -127.585469 	 260.515916 	 1.796194 
1:47:11.377 PM 9/21/2022 	 131.291915 	 0.905226 	 297.647000 	 44.546000 	 -128.258607 	 259.550522 	 1.789538 
1:47:22.229 PM 9/21/2022 	 186.565061 	 1.286321 	 297.647000 	 44.546000 	 -128.139359 	 314.704420 	 2.169811 
1:47:33.037 PM 9/21/2022 	 214.966282 	 1.482140 	 297.647000 	 44.546000 	 -128.779946 	 343.746228 	 2.370047 
1:47:43.797 PM 9/21/2022 	 271.877960 	 1.874533 	 297.647000 	 44.546000 	 -128.213526 	 400.091487 	 2.758534 
1:47:54.720 PM 9/21/2022 	 291.321874 	 2.008594 	 297.647000 	 44.546000 	 -127.490768 	 418.812641 	 2.887612 
1:48:05.509 PM 9/21/2022 	 260.553884 	 1.796456 	 297.647000 	 44.546000 	 -127.458071 	 388.011954 	 2.675248 
1:48:16.304 PM 9/21/2022 	 134.459743 	 0.927067 	 297.647000 	 44.546000 	 -128.497501 	 262.957245 	 1.813026 
1:48:27.061 PM 9/21/2022 	 186.892767 	 1.288580 	 297.647000 	 44.546000 	 -128.053405 	 314.946172 	 2.171477 
1:48:37.980 PM 9/21/2022 	 50.566905 	 0.348647 	 297.647000 	 44.546000 	 -126.779716 	 177.346621 	 1.222762 
1:48:48.611 PM 9/21/2022 	 226.727301 	 1.563230 	 297.647000 	 44.546000 	 -126.949457 	 353.676758 	 2.438515 
1:48:59.553 PM 9/21/2022 	 193.738190 	 1.335778 	 297.647000 	 44.546000 	 -127.587829 	 321.326019 	 2.215465 
1:49:10.390 PM 9/21/2022 	 295.545645 	 2.037715 	 297.647000 	 44.546000 	 -126.735860 	 422.281505 	 2.911528 
1:49:21.159 PM 9/21/2022 	 277.303322 	 1.911939 	 297.647000 	 44.546000 	 -127.754129 	 405.057451 	 2.792773 
1:49:31.916 PM 9/21/2022 	 270.967665 	 1.868256 	 297.647000 	 44.546000 	 -126.876735 	 397.844400 	 2.743041 
1:49:42.655 PM 9/21/2022 	 268.382426 	 1.850432 	 297.647000 	 44.546000 	 -127.787989 	 396.170415 	 2.731499 
1:49:53.441 PM 9/21/2022 	 221.447587 	 1.526827 	 297.647000 	 44.546000 	 -127.637188 	 349.084774 	 2.406855 
1:50:04.478 PM 9/21/2022 	 191.881187 	 1.322974 	 297.647000 	 44.546000 	 -126.258605 	 318.139792 	 2.193497 
1:50:15.196 PM 9/21/2022 	 208.484978 	 1.437453 	 297.647000 	 44.546000 	 -128.167599 	 336.652577 	 2.321138 
1:50:25.851 PM 9/21/2022 	 279.961385 	 1.930266 	 297.647000 	 44.546000 	 -127.023705 	 406.985090 	 2.806063 
1:50:36.708 PM 9/21/2022 	 206.555151 	 1.424148 	 297.647000 	 44.546000 	 -126.194667 	 332.749818 	 2.294229 
1:50:47.423 PM 9/21/2022 	 230.259248 	 1.587582 	 297.647000 	 44.546000 	 -127.198620 	 357.457868 	 2.464585 
1:50:58.402 PM 9/21/2022 	 203.241676 	 1.401302 	 297.647000 	 44.546000 	 -127.864481 	 331.106156 	 2.282897 
1:51:09.199 PM 9/21/2022 	 246.608156 	 1.700303 	 297.647000 	 44.546000 	 -126.754180 	 373.362336 	 2.574243 
1:51:20.091 PM 9/21/2022 	 208.739861 	 1.439211 	 297.647000 	 44.546000 	 -126.420507 	 335.160367 	 2.310849 
1:51:30.744 PM 9/21/2022 	 268.091131 	 1.848423 	 297.647000 	 44.546000 	 -126.667037 	 394.758168 	 2.721762 
1:51:41.649 PM 9/21/2022 	 77.329594 	 0.533169 	 297.647000 	 44.546000 	 -126.357682 	 203.687277 	 1.404374 
1:51:52.329 PM 9/21/2022 	 244.314211 	 1.684487 	 297.647000 	 44.546000 	 -125.925583 	 370.239794 	 2.552714 
1:52:03.266 PM 9/21/2022 	 262.993476 	 1.813276 	 297.647000 	 44.546000 	 -125.942075 	 388.935550 	 2.681616 
1:52:14.057 PM 9/21/2022 	 221.593234 	 1.527832 	 297.647000 	 44.546000 	 -126.589582 	 348.182816 	 2.400636 
1:52:24.849 PM 9/21/2022 	 411.917829 	 2.840073 	 297.647000 	 44.546000 	 -127.405276 	 539.323105 	 3.718502 
1:52:35.585 PM 9/21/2022 	 318.812799 	 2.198137 	 297.647000 	 44.546000 	 -126.279205 	 445.092004 	 3.068801 
1:52:46.325 PM 9/21/2022 	 157.617662 	 1.086736 	 297.647000 	 44.546000 	 -126.176320 	 283.793982 	 1.956691 
1:52:57.312 PM 9/21/2022 	 157.908957 	 1.088744 	 297.647000 	 44.546000 	 -125.567557 	 283.476514 	 1.954502 
1:53:08.130 PM 9/21/2022 	 294.963056 	 2.033699 	 297.647000 	 44.546000 	 -125.172001 	 420.135057 	 2.896729 
1:53:18.899 PM 9/21/2022 	 200.183083 	 1.380214 	 297.647000 	 44.546000 	 -125.334210 	 325.517293 	 2.244363 
1:53:29.743 PM 9/21/2022 	 208.849096 	 1.439964 	 297.647000 	 44.546000 	 -125.229819 	 334.078915 	 2.303393 
1:53:40.435 PM 9/21/2022 	 233.572723 	 1.610427 	 297.647000 	 44.546000 	 -125.972872 	 359.545596 	 2.478980 
1:53:51.314 PM 9/21/2022 	 242.311561 	 1.670679 	 297.647000 	 44.546000 	 -124.442992 	 366.754553 	 2.528684 
1:54:02.094 PM 9/21/2022 	 241.728972 	 1.666663 	 297.647000 	 44.546000 	 -126.329379 	 368.058351 	 2.537673 
1:54:12.935 PM 9/21/2022 	 142.725227 	 0.984056 	 297.647000 	 44.546000 	 -124.661431 	 267.386658 	 1.843566 
1:54:23.768 PM 9/21/2022 	 216.823285 	 1.494944 	 297.647000 	 44.546000 	 -124.149335 	 340.972620 	 2.350923 
1:54:34.535 PM 9/21/2022 	 207.938801 	 1.433688 	 297.647000 	 44.546000 	 -126.129815 	 334.068615 	 2.303322 
1:54:45.087 PM 9/21/2022 	 207.392623 	 1.429922 	 297.647000 	 44.546000 	 -124.871475 	 332.264098 	 2.290880 
1:54:55.971 PM 9/21/2022 	 34.217997 	 0.235925 	 297.647000 	 44.546000 	 -125.490868 	 159.708865 	 1.101154 
1:55:06.913 PM 9/21/2022 	 325.548986 	 2.244581 	 297.647000 	 44.546000 	 -124.935468 	 450.484454 	 3.105981 
1:55:17.840 PM 9/21/2022 	 198.908669 	 1.371427 	 297.647000 	 44.546000 	 -125.247539 	 324.156207 	 2.234978 
1:55:28.474 PM 9/21/2022 	 275.009377 	 1.896123 	 297.647000 	 44.546000 	 -125.221922 	 400.231299 	 2.759498 
1:55:39.453 PM 9/21/2022 	 182.996702 	 1.261718 	 297.647000 	 44.546000 	 -126.521225 	 309.517927 	 2.134051 
1:55:50.059 PM 9/21/2022 	 243.840857 	 1.681224 	 297.647000 	 44.546000 	 -125.534648 	 369.375506 	 2.546754 
1:56:00.920 PM 9/21/2022 	 8.292779 	 0.057177 	 297.647000 	 44.546000 	 -123.515023 	 131.807803 	 0.908783 
1:56:11.778 PM 9/21/2022 	 176.187692 	 1.214771 	 297.647000 	 44.546000 	 -125.918860 	 302.106551 	 2.082951 
1:56:22.636 PM 9/21/2022 	 270.530723 	 1.865244 	 297.647000 	 44.546000 	 -125.743980 	 396.274703 	 2.732218 
1:56:33.345 PM 9/21/2022 	 200.255906 	 1.380716 	 297.647000 	 44.546000 	 -125.277494 	 325.533400 	 2.244474 
1:56:44.185 PM 9/21/2022 	 250.613456 	 1.727919 	 297.647000 	 44.546000 	 -125.280275 	 375.893731 	 2.591696 
1:56:54.962 PM 9/21/2022 	 239.034497 	 1.648085 	 297.647000 	 44.546000 	 -125.455123 	 364.489620 	 2.513067 
1:57:05.842 PM 9/21/2022 	 240.782264 	 1.660135 	 297.647000 	 44.546000 	 -124.492229 	 365.274493 	 2.518479 
1:57:16.566 PM 9/21/2022 	 252.324812 	 1.739718 	 297.647000 	 44.546000 	 -125.116097 	 377.440909 	 2.602363 
1:57:27.526 PM 9/21/2022 	 86.104843 	 0.593672 	 297.647000 	 44.546000 	 -124.605665 	 210.710508 	 1.452798 
1:57:38.162 PM 9/21/2022 	 297.074941 	 2.048260 	 297.647000 	 44.546000 	 -125.094716 	 422.169658 	 2.910757 
1:57:48.918 PM 9/21/2022 	 284.403627 	 1.960894 	 297.647000 	 44.546000 	 -125.819799 	 410.223427 	 2.828391 
1:57:59.685 PM 9/21/2022 	 317.756856 	 2.190856 	 297.647000 	 44.546000 	 -125.599440 	 443.356296 	 3.056834 
1:58:10.516 PM 9/21/2022 	 198.253256 	 1.366908 	 297.647000 	 44.546000 	 -125.363358 	 323.616614 	 2.231258 
1:58:21.337 PM 9/21/2022 	 233.427076 	 1.609423 	 297.647000 	 44.546000 	 -123.712349 	 357.139425 	 2.462390 
1:58:32.037 PM 9/21/2022 	 223.705120 	 1.542393 	 297.647000 	 44.546000 	 -123.950457 	 347.655577 	 2.397001 
1:58:42.808 PM 9/21/2022 	 212.963632 	 1.468333 	 297.647000 	 44.546000 	 -124.606352 	 337.569984 	 2.327463 
1:58:53.794 PM 9/21/2022 	 141.195930 	 0.973512 	 297.647000 	 44.546000 	 -125.544792 	 266.740722 	 1.839113 
1:59:04.485 PM 9/21/2022 	 262.738593 	 1.811519 	 297.647000 	 44.546000 	 -124.720074 	 387.458667 	 2.671433 
1:59:15.289 PM 9/21/2022 	 235.866668 	 1.626243 	 297.647000 	 44.546000 	 -125.302311 	 361.168979 	 2.490172 
1:59:26.050 PM 9/21/2022 	 246.644568 	 1.700554 	 297.647000 	 44.546000 	 -124.662766 	 371.307334 	 2.560074 
1:59:36.795 PM 9/21/2022 	 128.342557 	 0.884891 	 297.647000 	 44.546000 	 -124.904695 	 253.247252 	 1.746078 
1:59:47.583 PM 9/21/2022 	 329.481463 	 2.271695 	 297.647000 	 44.546000 	 -124.032356 	 453.513819 	 3.126868 
1:59:58.406 PM 9/21/2022 	 314.989558 	 2.171777 	 297.647000 	 44.546000 	 -124.489626 	 439.479184 	 3.030102 
2:00:09.194 PM 9/21/2022 	 138.574279 	 0.955436 	 297.647000 	 44.546000 	 -125.735962 	 264.310242 	 1.822355 
2:00:19.975 PM 9/21/2022 	 229.348952 	 1.581305 	 297.647000 	 44.546000 	 -124.863583 	 354.212536 	 2.442209 
2:00:30.825 PM 9/21/2022 	 164.317438 	 1.132929 	 297.647000 	 44.546000 	 -124.765628 	 289.083066 	 1.993158 
2:00:41.501 PM 9/21/2022 	 153.102596 	 1.055605 	 297.647000 	 44.546000 	 -126.316050 	 279.418647 	 1.926524 
2:00:52.371 PM 9/21/2022 	 296.091822 	 2.041481 	 297.647000 	 44.546000 	 -123.005779 	 419.097602 	 2.889576 
2:01:03.148 PM 9/21/2022 	 190.825244 	 1.315694 	 297.647000 	 44.546000 	 -123.662174 	 314.487418 	 2.168314 
2:01:14.014 PM 9/21/2022 	 271.368195 	 1.871018 	 297.647000 	 44.546000 	 -123.700053 	 395.068248 	 2.723900 
2:01:24.872 PM 9/21/2022 	 255.674700 	 1.762815 	 297.647000 	 44.546000 	 -125.109752 	 380.784451 	 2.625416 
2:01:35.616 PM 9/21/2022 	 278.759795 	 1.921981 	 297.647000 	 44.546000 	 -123.202108 	 401.961903 	 2.771430 
2:01:46.484 PM 9/21/2022 	 257.167584 	 1.773108 	 297.647000 	 44.546000 	 -123.620310 	 380.787894 	 2.625440 
2:01:57.311 PM 9/21/2022 	 356.499035 	 2.457974 	 297.647000 	 44.546000 	 -124.127242 	 480.626277 	 3.313802 
2:02:08.070 PM 9/21/2022 	 127.650733 	 0.880121 	 297.647000 	 44.546000 	 -125.195383 	 252.846116 	 1.743313 
2:02:18.820 PM 9/21/2022 	 253.053048 	 1.744739 	 297.647000 	 44.546000 	 -125.548576 	 378.601625 	 2.610366 
2:02:29.713 PM 9/21/2022 	 251.305281 	 1.732689 	 297.647000 	 44.546000 	 -124.462284 	 375.767565 	 2.590826 
2:02:40.550 PM 9/21/2022 	 245.588625 	 1.693274 	 297.647000 	 44.546000 	 -125.152066 	 370.740691 	 2.556167 
2:02:51.274 PM 9/21/2022 	 211.288688 	 1.456784 	 297.647000 	 44.546000 	 -124.255113 	 335.543801 	 2.313493 
2:03:02.103 PM 9/21/2022 	 256.220877 	 1.766581 	 297.647000 	 44.546000 	 -123.781821 	 380.002698 	 2.620026 
2:03:12.895 PM 9/21/2022 	 184.052645 	 1.268998 	 297.647000 	 44.546000 	 -123.428685 	 307.481330 	 2.120009 
2:03:23.766 PM 9/21/2022 	 232.880899 	 1.605657 	 297.647000 	 44.546000 	 -123.036576 	 355.917475 	 2.453965 
2:03:34.636 PM 9/21/2022 	 221.666058 	 1.528334 	 297.647000 	 44.546000 	 -124.069870 	 345.735927 	 2.383765 
2:03:45.483 PM 9/21/2022 	 162.642494 	 1.121381 	 297.647000 	 44.546000 	 -123.989407 	 286.631901 	 1.976257 
2:03:56.234 PM 9/21/2022 	 127.541497 	 0.879368 	 297.647000 	 44.546000 	 -124.738514 	 252.280011 	 1.739409 
2:04:06.977 PM 9/21/2022 	 232.880899 	 1.605657 	 297.647000 	 44.546000 	 -124.154282 	 357.035181 	 2.461671 
2:04:17.712 PM 9/21/2022 	 315.462912 	 2.175040 	 297.647000 	 44.546000 	 -123.134895 	 438.597807 	 3.024025 
2:04:28.633 PM 9/21/2022 	 215.148341 	 1.483396 	 297.647000 	 44.546000 	 -123.518245 	 338.666587 	 2.335024 
2:04:39.461 PM 9/21/2022 	 306.505603 	 2.113282 	 297.647000 	 44.546000 	 -125.254370 	 431.759973 	 2.976880 
2:04:50.115 PM 9/21/2022 	 220.027526 	 1.517036 	 297.647000 	 44.546000 	 -124.856832 	 344.884357 	 2.377894 
2:05:00.966 PM 9/21/2022 	 170.325388 	 1.174352 	 297.647000 	 44.546000 	 -123.987913 	 294.313301 	 2.029219 
2:05:11.811 PM 9/21/2022 	 191.262186 	 1.318706 	 297.647000 	 44.546000 	 -124.219206 	 315.481392 	 2.175168 
2:05:22.556 PM 9/21/2022 	 156.853014 	 1.081463 	 297.647000 	 44.546000 	 -123.592161 	 280.445175 	 1.933601 
2:05:33.423 PM 9/21/2022 	 113.777828 	 0.784471 	 297.647000 	 44.546000 	 -124.331044 	 238.108873 	 1.641703 
2:05:44.260 PM 9/21/2022 	 214.274458 	 1.477370 	 297.647000 	 44.546000 	 -124.092030 	 338.366488 	 2.332955 
2:05:54.927 PM 9/21/2022 	 268.455249 	 1.850934 	 297.647000 	 44.546000 	 -124.921814 	 393.377063 	 2.712239 
2:06:05.861 PM 9/21/2022 	 299.478122 	 2.064829 	 297.647000 	 44.546000 	 -124.488527 	 423.966649 	 2.923147 
2:06:16.680 PM 9/21/2022 	 209.577333 	 1.444985 	 297.647000 	 44.546000 	 -124.891886 	 334.469219 	 2.306084 
2:06:27.454 PM 9/21/2022 	 184.817294 	 1.274270 	 297.647000 	 44.546000 	 -123.695578 	 308.512871 	 2.127121 
2:06:38.357 PM 9/21/2022 	 173.748100 	 1.197951 	 297.647000 	 44.546000 	 -123.446247 	 297.194347 	 2.049083 
2:06:49.031 PM 9/21/2022 	 257.495291 	 1.775368 	 297.647000 	 44.546000 	 -123.854989 	 381.350280 	 2.629318 
2:06:59.808 PM 9/21/2022 	 290.884932 	 2.005581 	 297.647000 	 44.546000 	 -122.836171 	 413.721103 	 2.852507 
2:07:10.700 PM 9/21/2022 	 179.173461 	 1.235358 	 297.647000 	 44.546000 	 -123.870391 	 303.043852 	 2.089414 
2:07:21.496 PM 9/21/2022 	 262.520122 	 1.810013 	 297.647000 	 44.546000 	 -122.941387 	 385.461509 	 2.657664 
2:07:32.321 PM 9/21/2022 	 203.168852 	 1.400800 	 297.647000 	 44.546000 	 -123.823553 	 326.992405 	 2.254533 
2:07:43.174 PM 9/21/2022 	 184.525999 	 1.272262 	 297.647000 	 44.546000 	 -122.457249 	 306.983248 	 2.116575 
2:07:53.834 PM 9/21/2022 	 119.785779 	 0.825894 	 297.647000 	 44.546000 	 -123.442184 	 243.227963 	 1.676998 
2:08:04.730 PM 9/21/2022 	 316.409619 	 2.181568 	 297.647000 	 44.546000 	 -122.125658 	 438.535277 	 3.023594 
2:08:15.526 PM 9/21/2022 	 215.876578 	 1.488417 	 297.647000 	 44.546000 	 -122.925637 	 338.802215 	 2.335959 
2:08:26.323 PM 9/21/2022 	 147.968529 	 1.020207 	 297.647000 	 44.546000 	 -122.147610 	 270.116139 	 1.862385 
2:08:37.120 PM 9/21/2022 	 222.430706 	 1.533606 	 297.647000 	 44.546000 	 -123.474118 	 345.904824 	 2.384930 
2:08:47.955 PM 9/21/2022 	 142.761639 	 0.984307 	 297.647000 	 44.546000 	 -122.927146 	 265.688785 	 1.831860 
2:08:58.728 PM 9/21/2022 	 144.363759 	 0.995353 	 297.647000 	 44.546000 	 -123.053939 	 267.417698 	 1.843780 
2:09:09.547 PM 9/21/2022 	 359.047863 	 2.475548 	 297.647000 	 44.546000 	 -121.202341 	 480.250204 	 3.311209 
2:09:20.378 PM 9/21/2022 	 203.605794 	 1.403813 	 297.647000 	 44.546000 	 -122.747996 	 326.353790 	 2.250130 
2:09:31.163 PM 9/21/2022 	 195.922899 	 1.350841 	 297.647000 	 44.546000 	 -122.593939 	 318.516839 	 2.196096 
2:09:41.960 PM 9/21/2022 	 241.109971 	 1.662395 	 297.647000 	 44.546000 	 -122.615698 	 363.725669 	 2.507800 
2:09:52.792 PM 9/21/2022 	 256.075230 	 1.765577 	 297.647000 	 44.546000 	 -122.955678 	 379.030908 	 2.613326 
2:10:03.613 PM 9/21/2022 	 118.693424 	 0.818362 	 297.647000 	 44.546000 	 -122.217174 	 240.910599 	 1.661020 
2:10:14.423 PM 9/21/2022 	 287.316573 	 1.980978 	 297.647000 	 44.546000 	 -123.130781 	 410.447354 	 2.829935 
2:10:25.179 PM 9/21/2022 	 161.040374 	 1.110334 	 297.647000 	 44.546000 	 -123.584923 	 284.625296 	 1.962422 
2:10:36.013 PM 9/21/2022 	 316.846561 	 2.184580 	 297.647000 	 44.546000 	 -122.241871 	 439.088432 	 3.027408 
2:10:46.888 PM 9/21/2022 	 178.809343 	 1.232847 	 297.647000 	 44.546000 	 -122.694279 	 301.503622 	 2.078794 
2:10:57.597 PM 9/21/2022 	 270.603547 	 1.865746 	 297.647000 	 44.546000 	 -122.666185 	 393.269731 	 2.711499 
2:11:08.450 PM 9/21/2022 	 301.954126 	 2.081900 	 297.647000 	 44.546000 	 -121.860985 	 423.815110 	 2.922102 
2:11:19.550 PM 9/21/2022 	 244.204976 	 1.683734 	 297.647000 	 44.546000 	 -121.395685 	 365.600661 	 2.520728 
2:11:30.253 PM 9/21/2022 	 212.672338 	 1.466324 	 297.647000 	 44.546000 	 -122.030523 	 334.702861 	 2.307695 
2:11:41.101 PM 9/21/2022 	 277.958735 	 1.916458 	 297.647000 	 44.546000 	 -120.872103 	 398.830837 	 2.749842 
2:11:51.744 PM 9/21/2022 	 141.560049 	 0.976022 	 297.647000 	 44.546000 	 -121.758077 	 263.318126 	 1.815515 
2:12:02.751 PM 9/21/2022 	 209.905039 	 1.447244 	 297.647000 	 44.546000 	 -121.488741 	 331.393780 	 2.284880 
2:12:13.786 PM 9/21/2022 	 269.656839 	 1.859218 	 297.647000 	 44.546000 	 -120.979696 	 390.636535 	 2.693344 
2:12:24.552 PM 9/21/2022 	 188.895418 	 1.302388 	 297.647000 	 44.546000 	 -122.354349 	 311.249767 	 2.145992 
2:12:35.289 PM 9/21/2022 	 185.800413 	 1.281049 	 297.647000 	 44.546000 	 -120.592648 	 306.393061 	 2.112506 
2:12:45.948 PM 9/21/2022 	 255.383405 	 1.760807 	 297.647000 	 44.546000 	 -120.798429 	 376.181834 	 2.593682 
2:12:57.029 PM 9/21/2022 	 234.191724 	 1.614695 	 297.647000 	 44.546000 	 -121.970609 	 356.162334 	 2.455653 
2:13:07.867 PM 9/21/2022 	 253.162284 	 1.745493 	 297.647000 	 44.546000 	 -121.021546 	 374.183830 	 2.579907 
2:13:18.633 PM 9/21/2022 	 203.460147 	 1.402808 	 297.647000 	 44.546000 	 -122.130412 	 325.590558 	 2.244868 
2:13:29.482 PM 9/21/2022 	 282.619448 	 1.948593 	 297.647000 	 44.546000 	 -120.600733 	 403.220181 	 2.780105 
2:13:40.116 PM 9/21/2022 	 212.016925 	 1.461805 	 297.647000 	 44.546000 	 -120.100863 	 332.117788 	 2.289872 
2:13:50.990 PM 9/21/2022 	 147.604411 	 1.017697 	 297.647000 	 44.546000 	 -119.198394 	 266.802805 	 1.839541 
2:14:01.828 PM 9/21/2022 	 220.901409 	 1.523062 	 297.647000 	 44.546000 	 -121.535015 	 342.436424 	 2.361016 
2:14:12.666 PM 9/21/2022 	 154.122127 	 1.062635 	 297.647000 	 44.546000 	 -119.909590 	 274.031718 	 1.889382 
2:14:23.424 PM 9/21/2022 	 41.391126 	 0.285382 	 297.647000 	 44.546000 	 -120.721349 	 162.112474 	 1.117726 
2:14:34.124 PM 9/21/2022 	 159.256194 	 1.098033 	 297.647000 	 44.546000 	 -119.293435 	 278.549629 	 1.920532 
2:14:44.941 PM 9/21/2022 	 216.422755 	 1.492182 	 297.647000 	 44.546000 	 -121.187939 	 337.610695 	 2.327744 
2:14:55.922 PM 9/21/2022 	 193.082777 	 1.331259 	 297.647000 	 44.546000 	 -119.990503 	 313.073280 	 2.158564 
2:15:06.647 PM 9/21/2022 	 254.108991 	 1.752020 	 297.647000 	 44.546000 	 -121.218352 	 375.327344 	 2.587791 
2:15:17.503 PM 9/21/2022 	 37.677120 	 0.259775 	 297.647000 	 44.546000 	 -119.866144 	 157.543264 	 1.086223 
2:15:28.307 PM 9/21/2022 	 76.965476 	 0.530658 	 297.647000 	 44.546000 	 -121.121046 	 198.086522 	 1.365758 
2:15:39.127 PM 9/21/2022 	 46.124663 	 0.318018 	 297.647000 	 44.546000 	 -120.450630 	 166.575293 	 1.148496 
2:15:49.671 PM 9/21/2022 	 319.832330 	 2.205166 	 297.647000 	 44.546000 	 -120.582147 	 440.414477 	 3.036551 
2:16:00.772 PM 9/21/2022 	 219.517760 	 1.513522 	 297.647000 	 44.546000 	 -120.854363 	 340.372123 	 2.346783 
2:16:11.550 PM 9/21/2022 	 218.352582 	 1.505488 	 297.647000 	 44.546000 	 -120.236985 	 338.589567 	 2.334493 
2:16:22.420 PM 9/21/2022 	 298.640650 	 2.059055 	 297.647000 	 44.546000 	 -120.369590 	 419.010239 	 2.888974 
2:16:33.129 PM 9/21/2022 	 117.346187 	 0.809073 	 297.647000 	 44.546000 	 -120.418858 	 237.765045 	 1.639332 
2:16:43.869 PM 9/21/2022 	 101.324985 	 0.698611 	 297.647000 	 44.546000 	 -120.355568 	 221.680553 	 1.528434 
2:16:54.693 PM 9/21/2022 	 248.283100 	 1.711852 	 297.647000 	 44.546000 	 -121.088797 	 369.371897 	 2.546730 
2:17:05.604 PM 9/21/2022 	 229.494599 	 1.582310 	 297.647000 	 44.546000 	 -119.944896 	 349.439496 	 2.409301 
2:17:16.417 PM 9/21/2022 	 197.961961 	 1.364900 	 297.647000 	 44.546000 	 -120.229530 	 318.191491 	 2.193853 
2:17:27.212 PM 9/21/2022 	 284.257980 	 1.959890 	 297.647000 	 44.546000 	 -119.682474 	 403.940454 	 2.785071 
2:17:38.058 PM 9/21/2022 	 240.345322 	 1.657123 	 297.647000 	 44.546000 	 -119.942749 	 360.288071 	 2.484099 
2:17:48.649 PM 9/21/2022 	 144.837113 	 0.998617 	 297.647000 	 44.546000 	 -119.522852 	 264.359965 	 1.822698 
2:17:59.664 PM 9/21/2022 	 106.495464 	 0.734260 	 297.647000 	 44.546000 	 -118.848642 	 225.344106 	 1.553693 
2:18:10.490 PM 9/21/2022 	 77.912183 	 0.537186 	 297.647000 	 44.546000 	 -119.383247 	 197.295430 	 1.360304 
2:18:21.257 PM 9/21/2022 	 248.210276 	 1.711350 	 297.647000 	 44.546000 	 -120.371307 	 368.581583 	 2.541281 
2:18:32.146 PM 9/21/2022 	 223.231766 	 1.539129 	 297.647000 	 44.546000 	 -118.821583 	 342.053349 	 2.358375 
2:18:42.887 PM 9/21/2022 	 335.999179 	 2.316633 	 297.647000 	 44.546000 	 -118.816169 	 454.815349 	 3.135841 
2:18:53.566 PM 9/21/2022 	 223.486649 	 1.540886 	 297.647000 	 44.546000 	 -119.355099 	 342.841747 	 2.363811 
2:19:04.504 PM 9/21/2022 	 111.920825 	 0.771667 	 297.647000 	 44.546000 	 -118.483930 	 230.404755 	 1.588585 
2:19:15.337 PM 9/21/2022 	 130.563678 	 0.900205 	 297.647000 	 44.546000 	 -119.481168 	 250.044846 	 1.723999 
2:19:26.190 PM 9/21/2022 	 113.486534 	 0.782462 	 297.647000 	 44.546000 	 -120.022811 	 233.509344 	 1.609990 
2:19:36.897 PM 9/21/2022 	 210.851746 	 1.453772 	 297.647000 	 44.546000 	 -119.018518 	 329.870264 	 2.274375 
2:19:47.683 PM 9/21/2022 	 191.735540 	 1.321970 	 297.647000 	 44.546000 	 -119.486567 	 311.222106 	 2.145801 
2:19:58.547 PM 9/21/2022 	 267.035188 	 1.841143 	 297.647000 	 44.546000 	 -119.064508 	 386.099696 	 2.662064 
2:20:09.355 PM 9/21/2022 	 211.143041 	 1.455780 	 297.647000 	 44.546000 	 -120.127775 	 331.270816 	 2.284032 
2:20:20.135 PM 9/21/2022 	 197.452196 	 1.361385 	 297.647000 	 44.546000 	 -118.704679 	 316.156875 	 2.179825 
2:20:30.978 PM 9/21/2022 	 241.437677 	 1.664654 	 297.647000 	 44.546000 	 -119.967616 	 361.405293 	 2.491802 
2:20:41.828 PM 9/21/2022 	 379.001541 	 2.613124 	 297.647000 	 44.546000 	 -120.194346 	 499.195887 	 3.441834 
2:20:52.444 PM 9/21/2022 	 260.189766 	 1.793945 	 297.647000 	 44.546000 	 -118.507735 	 378.697501 	 2.611027 
2:21:03.312 PM 9/21/2022 	 217.806404 	 1.501722 	 297.647000 	 44.546000 	 -119.185732 	 336.992136 	 2.323479 
2:21:14.216 PM 9/21/2022 	 265.141773 	 1.828088 	 297.647000 	 44.546000 	 -118.953062 	 384.094835 	 2.648241 
2:21:24.994 PM 9/21/2022 	 85.740725 	 0.591161 	 297.647000 	 44.546000 	 -119.409753 	 205.150478 	 1.414463 
2:21:35.894 PM 9/21/2022 	 162.860965 	 1.122887 	 297.647000 	 44.546000 	 -118.468247 	 281.329211 	 1.939697 
2:21:46.535 PM 9/21/2022 	 218.134111 	 1.503982 	 297.647000 	 44.546000 	 -119.937336 	 338.071447 	 2.330921 
2:21:57.455 PM 9/21/2022 	 166.939089 	 1.151005 	 297.647000 	 44.546000 	 -119.943290 	 286.882379 	 1.977984 
2:22:08.188 PM 9/21/2022 	 222.794824 	 1.536116 	 297.647000 	 44.546000 	 -120.039067 	 342.833891 	 2.363756 
2:22:19.155 PM 9/21/2022 	 332.758527 	 2.294289 	 297.647000 	 44.546000 	 -120.291766 	 453.050293 	 3.123672 
2:22:29.932 PM 9/21/2022 	 208.084448 	 1.434692 	 297.647000 	 44.546000 	 -119.325349 	 327.409797 	 2.257411 
2:22:40.806 PM 9/21/2022 	 172.510098 	 1.189415 	 297.647000 	 44.546000 	 -119.633775 	 292.143873 	 2.014261 
2:22:51.430 PM 9/21/2022 	 241.801795 	 1.667165 	 297.647000 	 44.546000 	 -119.744159 	 361.545954 	 2.492772 
2:23:02.296 PM 9/21/2022 	 195.558781 	 1.348330 	 297.647000 	 44.546000 	 -118.084611 	 313.643392 	 2.162495 
2:23:13.247 PM 9/21/2022 	 172.546509 	 1.189666 	 297.647000 	 44.546000 	 -118.775038 	 291.321548 	 2.008591 
2:23:23.947 PM 9/21/2022 	 186.128119 	 1.283308 	 297.647000 	 44.546000 	 -118.599724 	 304.727844 	 2.101025 
2:23:34.784 PM 9/21/2022 	 198.872257 	 1.371176 	 297.647000 	 44.546000 	 -118.515847 	 317.388104 	 2.188314 
2:23:45.582 PM 9/21/2022 	 262.228828 	 1.808004 	 297.647000 	 44.546000 	 -120.313929 	 382.542756 	 2.637539 
2:23:56.423 PM 9/21/2022 	 205.171502 	 1.414608 	 297.647000 	 44.546000 	 -118.409252 	 323.580754 	 2.231011 
2:24:07.272 PM 9/21/2022 	 268.455249 	 1.850934 	 297.647000 	 44.546000 	 -118.189570 	 386.644820 	 2.665822 
2:24:18.026 PM 9/21/2022 	 228.038127 	 1.572268 	 297.647000 	 44.546000 	 -118.488257 	 346.526384 	 2.389215 
2:24:28.922 PM 9/21/2022 	 128.597440 	 0.886648 	 297.647000 	 44.546000 	 -119.993061 	 248.590501 	 1.713971 
2:24:39.608 PM 9/21/2022 	 191.990422 	 1.323727 	 297.647000 	 44.546000 	 -118.726888 	 310.717310 	 2.142320 
2:24:50.467 PM 9/21/2022 	 195.449546 	 1.347577 	 297.647000 	 44.546000 	 -119.323723 	 314.773269 	 2.170285 
2:25:01.280 PM 9/21/2022 	 196.032135 	 1.351594 	 297.647000 	 44.546000 	 -118.788037 	 314.820172 	 2.170609 
2:25:12.151 PM 9/21/2022 	 165.300557 	 1.139707 	 297.647000 	 44.546000 	 -117.593314 	 282.893871 	 1.950485 
2:25:22.892 PM 9/21/2022 	 254.218227 	 1.752773 	 297.647000 	 44.546000 	 -117.322774 	 371.541000 	 2.561685 
2:25:33.737 PM 9/21/2022 	 252.543283 	 1.741225 	 297.647000 	 44.546000 	 -118.064600 	 370.607882 	 2.555251 
2:25:44.421 PM 9/21/2022 	 263.102711 	 1.814029 	 297.647000 	 44.546000 	 -118.847559 	 381.950270 	 2.633454 
2:25:55.439 PM 9/21/2022 	 232.953723 	 1.606159 	 297.647000 	 44.546000 	 -118.171734 	 351.125456 	 2.420925 
2:26:06.184 PM 9/21/2022 	 202.076497 	 1.393268 	 297.647000 	 44.546000 	 -118.595405 	 320.671902 	 2.210955 
2:26:16.999 PM 9/21/2022 	 223.013295 	 1.537623 	 297.647000 	 44.546000 	 -119.846967 	 342.860262 	 2.363938 
2:26:27.650 PM 9/21/2022 	 280.616798 	 1.934785 	 297.647000 	 44.546000 	 -117.448830 	 398.065628 	 2.744566 
2:26:38.541 PM 9/21/2022 	 209.504509 	 1.444483 	 297.647000 	 44.546000 	 -118.835631 	 328.340140 	 2.263826 
2:26:49.409 PM 9/21/2022 	 259.170235 	 1.786916 	 297.647000 	 44.546000 	 -118.971975 	 378.142210 	 2.607199 
2:27:00.227 PM 9/21/2022 	 257.822997 	 1.777627 	 297.647000 	 44.546000 	 -117.345995 	 375.168992 	 2.586699 
2:27:11.093 PM 9/21/2022 	 186.674296 	 1.287074 	 297.647000 	 44.546000 	 -118.881588 	 305.555885 	 2.106734 
2:27:21.917 PM 9/21/2022 	 142.943698 	 0.985562 	 297.647000 	 44.546000 	 -117.956301 	 260.899999 	 1.798842 
2:27:32.635 PM 9/21/2022 	 167.011912 	 1.151507 	 297.647000 	 44.546000 	 -118.701908 	 285.713820 	 1.969927 
2:27:43.314 PM 9/21/2022 	 284.440039 	 1.961145 	 297.647000 	 44.546000 	 -117.450890 	 401.890929 	 2.770940 
2:27:54.245 PM 9/21/2022 	 149.097296 	 1.027990 	 297.647000 	 44.546000 	 -118.620169 	 267.717465 	 1.845847 
2:28:05.242 PM 9/21/2022 	 185.946060 	 1.282053 	 297.647000 	 44.546000 	 -118.171053 	 304.117113 	 2.096814 
2:28:15.905 PM 9/21/2022 	 189.550830 	 1.306907 	 297.647000 	 44.546000 	 -120.335444 	 309.886274 	 2.136591 
2:28:26.736 PM 9/21/2022 	 261.828298 	 1.805243 	 297.647000 	 44.546000 	 -119.162314 	 380.990611 	 2.626838 
2:28:37.576 PM 9/21/2022 	 240.017616 	 1.654863 	 297.647000 	 44.546000 	 -118.353898 	 358.371514 	 2.470885 
2:28:48.285 PM 9/21/2022 	 264.013007 	 1.820306 	 297.647000 	 44.546000 	 -117.289571 	 381.302577 	 2.628989 
2:28:59.151 PM 9/21/2022 	 153.758009 	 1.060124 	 297.647000 	 44.546000 	 -118.903632 	 272.661641 	 1.879936 
2:29:09.863 PM 9/21/2022 	 196.396253 	 1.354104 	 297.647000 	 44.546000 	 -119.067573 	 315.463826 	 2.175047 
2:29:20.793 PM 9/21/2022 	 189.987772 	 1.309920 	 297.647000 	 44.546000 	 -118.819202 	 308.806974 	 2.129149 
2:29:31.669 PM 9/21/2022 	 63.529514 	 0.438021 	 297.647000 	 44.546000 	 -117.936674 	 181.466188 	 1.251165 
2:29:42.387 PM 9/21/2022 	 243.695210 	 1.680219 	 297.647000 	 44.546000 	 -118.512406 	 362.207616 	 2.497334 
2:29:53.147 PM 9/21/2022 	 72.377586 	 0.499026 	 297.647000 	 44.546000 	 -117.628269 	 190.005856 	 1.310044 
2:30:03.948 PM 9/21/2022 	 188.130769 	 1.297116 	 297.647000 	 44.546000 	 -117.629352 	 305.760121 	 2.108142 
2:30:14.739 PM 9/21/2022 	 194.466426 	 1.340799 	 297.647000 	 44.546000 	 -116.916211 	 311.382638 	 2.146908 
2:30:25.641 PM 9/21/2022 	 192.682247 	 1.328497 	 297.647000 	 44.546000 	 -118.663372 	 311.345620 	 2.146652 
2:30:36.376 PM 9/21/2022 	 178.518048 	 1.230839 	 297.647000 	 44.546000 	 -116.807986 	 295.326034 	 2.036201 
2:30:47.193 PM 9/21/2022 	 269.292721 	 1.856708 	 297.647000 	 44.546000 	 -117.890670 	 387.183391 	 2.669536 
2:30:58.033 PM 9/21/2022 	 223.341001 	 1.539882 	 297.647000 	 44.546000 	 -117.937716 	 341.278718 	 2.353034 
2:31:08.922 PM 9/21/2022 	 286.224218 	 1.973447 	 297.647000 	 44.546000 	 -117.927950 	 404.152169 	 2.786531 
2:31:19.879 PM 9/21/2022 	 200.146671 	 1.379963 	 297.647000 	 44.546000 	 -117.594622 	 317.741292 	 2.190749 
2:31:30.474 PM 9/21/2022 	 283.748215 	 1.956375 	 297.647000 	 44.546000 	 -116.538968 	 400.287183 	 2.759883 
2:31:41.339 PM 9/21/2022 	 137.773219 	 0.949913 	 297.647000 	 44.546000 	 -118.105386 	 255.878605 	 1.764221 
2:31:52.082 PM 9/21/2022 	 295.290762 	 2.035958 	 297.647000 	 44.546000 	 -117.541013 	 412.831775 	 2.846375 
2:32:02.786 PM 9/21/2022 	 290.702873 	 2.004326 	 297.647000 	 44.546000 	 -116.810524 	 407.513397 	 2.809706 
2:32:13.789 PM 9/21/2022 	 303.192128 	 2.090436 	 297.647000 	 44.546000 	 -116.268877 	 419.461004 	 2.892082 
2:32:24.636 PM 9/21/2022 	 180.957640 	 1.247659 	 297.647000 	 44.546000 	 -117.547905 	 298.505545 	 2.058123 
2:32:35.367 PM 9/21/2022 	 209.358862 	 1.443479 	 297.647000 	 44.546000 	 -117.703142 	 327.062003 	 2.255013 
2:32:46.099 PM 9/21/2022 	 95.863212 	 0.660954 	 297.647000 	 44.546000 	 -118.092111 	 213.955323 	 1.475170 
2:32:57.136 PM 9/21/2022 	 119.931426 	 0.826898 	 297.647000 	 44.546000 	 -117.487100 	 237.418527 	 1.636943 
2:33:07.915 PM 9/21/2022 	 309.090843 	 2.131106 	 297.647000 	 44.546000 	 -116.978938 	 426.069780 	 2.937648 
2:33:18.709 PM 9/21/2022 	 292.814758 	 2.018887 	 297.647000 	 44.546000 	 -117.329455 	 410.144213 	 2.827845 
2:33:29.458 PM 9/21/2022 	 209.540921 	 1.444734 	 297.647000 	 44.546000 	 -117.089671 	 326.630592 	 2.252039 
2:33:40.380 PM 9/21/2022 	 264.777655 	 1.825578 	 297.647000 	 44.546000 	 -117.419076 	 382.196732 	 2.635154 
2:33:51.022 PM 9/21/2022 	 360.649983 	 2.486594 	 297.647000 	 44.546000 	 -117.735003 	 478.384986 	 3.298348 
2:34:01.939 PM 9/21/2022 	 126.048612 	 0.869075 	 297.647000 	 44.546000 	 -115.706968 	 241.755580 	 1.666846 
2:34:12.791 PM 9/21/2022 	 246.972274 	 1.702814 	 297.647000 	 44.546000 	 -117.213248 	 364.185522 	 2.510971 
2:34:23.546 PM 9/21/2022 	 298.822709 	 2.060310 	 297.647000 	 44.546000 	 -115.980581 	 414.803290 	 2.859968 
2:34:34.225 PM 9/21/2022 	 217.587934 	 1.500216 	 297.647000 	 44.546000 	 -118.040942 	 335.628876 	 2.314080 
2:34:45.174 PM 9/21/2022 	 214.055987 	 1.475864 	 297.647000 	 44.546000 	 -117.421342 	 331.477329 	 2.285456 
2:34:55.949 PM 9/21/2022 	 107.332936 	 0.740035 	 297.647000 	 44.546000 	 -117.252474 	 224.585410 	 1.548462 
2:35:06.796 PM 9/21/2022 	 265.870010 	 1.833109 	 297.647000 	 44.546000 	 -116.702171 	 382.572181 	 2.637742 
2:35:17.643 PM 9/21/2022 	 191.152951 	 1.317953 	 297.647000 	 44.546000 	 -117.598724 	 308.751675 	 2.128768 
2:35:28.244 PM 9/21/2022 	 225.416475 	 1.554192 	 297.647000 	 44.546000 	 -116.695103 	 342.111578 	 2.358776 
2:35:39.121 PM 9/21/2022 	 206.627975 	 1.424650 	 297.647000 	 44.546000 	 -116.939142 	 323.567117 	 2.230917 
2:35:50.123 PM 9/21/2022 	 124.191610 	 0.856271 	 297.647000 	 44.546000 	 -117.410972 	 241.602581 	 1.665791 
2:36:00.902 PM 9/21/2022 	 153.102596 	 1.055605 	 297.647000 	 44.546000 	 -115.253696 	 268.356292 	 1.850252 
2:36:11.725 PM 9/21/2022 	 191.917599 	 1.323225 	 297.647000 	 44.546000 	 -115.922387 	 307.839986 	 2.122482 
2:36:22.434 PM 9/21/2022 	 209.031155 	 1.441219 	 297.647000 	 44.546000 	 -115.834162 	 324.865317 	 2.239868 
2:36:33.189 PM 9/21/2022 	 323.946866 	 2.233535 	 297.647000 	 44.546000 	 -117.023390 	 440.970256 	 3.040383 
2:36:43.944 PM 9/21/2022 	 84.575547 	 0.583128 	 297.647000 	 44.546000 	 -116.664657 	 201.240204 	 1.387502 
2:36:54.597 PM 9/21/2022 	 225.598534 	 1.555447 	 297.647000 	 44.546000 	 -116.131696 	 341.730230 	 2.356147 
2:37:05.713 PM 9/21/2022 	 210.851746 	 1.453772 	 297.647000 	 44.546000 	 -116.469323 	 327.321069 	 2.256799 
2:37:16.509 PM 9/21/2022 	 192.937130 	 1.330255 	 297.647000 	 44.546000 	 -116.494190 	 309.431320 	 2.133454 
2:37:27.464 PM 9/21/2022 	 236.048727 	 1.627499 	 297.647000 	 44.546000 	 -116.624565 	 352.673293 	 2.431597 
2:37:38.125 PM 9/21/2022 	 190.351890 	 1.312430 	 297.647000 	 44.546000 	 -117.658509 	 308.010400 	 2.123657 
2:37:48.816 PM 9/21/2022 	 148.806001 	 1.025981 	 297.647000 	 44.546000 	 -116.849558 	 265.655560 	 1.831631 
2:37:59.923 PM 9/21/2022 	 131.874504 	 0.909243 	 297.647000 	 44.546000 	 -116.481530 	 248.356034 	 1.712355 
2:38:10.675 PM 9/21/2022 	 139.156868 	 0.959453 	 297.647000 	 44.546000 	 -116.336438 	 255.493307 	 1.761564 
2:38:21.487 PM 9/21/2022 	 226.654477 	 1.562728 	 297.647000 	 44.546000 	 -115.930541 	 342.585018 	 2.362041 
2:38:32.228 PM 9/21/2022 	 199.454846 	 1.375193 	 297.647000 	 44.546000 	 -116.151760 	 315.606606 	 2.176031 
2:38:42.968 PM 9/21/2022 	 211.070217 	 1.455278 	 297.647000 	 44.546000 	 -116.193837 	 327.264055 	 2.256406 
2:38:53.742 PM 9/21/2022 	 244.022916 	 1.682479 	 297.647000 	 44.546000 	 -117.034530 	 361.057446 	 2.489403 
2:39:04.576 PM 9/21/2022 	 244.496270 	 1.685742 	 297.647000 	 44.546000 	 -115.408553 	 359.904823 	 2.481456 
2:39:15.458 PM 9/21/2022 	 216.568403 	 1.493187 	 297.647000 	 44.546000 	 -115.850464 	 332.418867 	 2.291947 
2:39:26.395 PM 9/21/2022 	 325.403339 	 2.243577 	 297.647000 	 44.546000 	 -118.036836 	 443.440175 	 3.057412 
2:39:36.994 PM 9/21/2022 	 250.868339 	 1.729676 	 297.647000 	 44.546000 	 -116.309072 	 367.177411 	 2.531599 
2:39:47.836 PM 9/21/2022 	 198.471727 	 1.368414 	 297.647000 	 44.546000 	 -114.921728 	 313.393455 	 2.160772 
2:39:58.764 PM 9/21/2022 	 250.759104 	 1.728923 	 297.647000 	 44.546000 	 -116.758571 	 367.517675 	 2.533945 
2:40:09.496 PM 9/21/2022 	 111.920825 	 0.771667 	 297.647000 	 44.546000 	 -116.173575 	 228.094400 	 1.572656 
2:40:20.111 PM 9/21/2022 	 206.045386 	 1.420633 	 297.647000 	 44.546000 	 -116.339567 	 322.384953 	 2.222766 
2:40:31.095 PM 9/21/2022 	 269.074250 	 1.855202 	 297.647000 	 44.546000 	 -117.161382 	 386.235632 	 2.663001 
2:40:41.766 PM 9/21/2022 	 259.388705 	 1.788422 	 297.647000 	 44.546000 	 -115.844323 	 375.233028 	 2.587141 
2:40:52.529 PM 9/21/2022 	 245.807096 	 1.694780 	 297.647000 	 44.546000 	 -114.957991 	 360.765087 	 2.487388 
2:41:03.466 PM 9/21/2022 	 231.752132 	 1.597875 	 297.647000 	 44.546000 	 -114.507124 	 346.259256 	 2.387374 
2:41:14.121 PM 9/21/2022 	 242.530032 	 1.672186 	 297.647000 	 44.546000 	 -114.362008 	 356.892040 	 2.460684 
2:41:25.038 PM 9/21/2022 	 167.412442 	 1.154268 	 297.647000 	 44.546000 	 -115.221650 	 282.634093 	 1.948693 
2:41:35.926 PM 9/21/2022 	 138.392220 	 0.954181 	 297.647000 	 44.546000 	 -114.779446 	 253.171667 	 1.745557 
2:41:46.603 PM 9/21/2022 	 209.176803 	 1.442223 	 297.647000 	 44.546000 	 -115.791056 	 324.967858 	 2.240575 
2:41:57.446 PM 9/21/2022 	 211.179453 	 1.456031 	 297.647000 	 44.546000 	 -115.991057 	 327.170509 	 2.255761 
2:42:08.347 PM 9/21/2022 	 166.684206 	 1.149247 	 297.647000 	 44.546000 	 -115.311797 	 281.996003 	 1.944294 
2:42:19.183 PM 9/21/2022 	 212.599514 	 1.465822 	 297.647000 	 44.546000 	 -115.448980 	 328.048494 	 2.261815 
2:42:30.010 PM 9/21/2022 	 227.783244 	 1.570510 	 297.647000 	 44.546000 	 -114.911505 	 342.694749 	 2.362797 
2:42:41.005 PM 9/21/2022 	 195.704428 	 1.349335 	 297.647000 	 44.546000 	 -116.255300 	 311.959728 	 2.150887 
2:42:51.715 PM 9/21/2022 	 216.531991 	 1.492936 	 297.647000 	 44.546000 	 -115.564181 	 332.096172 	 2.289723 
2:43:02.821 PM 9/21/2022 	 260.699531 	 1.797460 	 297.647000 	 44.546000 	 -114.326119 	 375.025651 	 2.585711 
2:43:13.346 PM 9/21/2022 	 159.875195 	 1.102301 	 297.647000 	 44.546000 	 -114.018680 	 273.893875 	 1.888432 
2:43:24.417 PM 9/21/2022 	 105.075403 	 0.724469 	 297.647000 	 44.546000 	 -116.272564 	 221.347967 	 1.526141 
2:43:35.213 PM 9/21/2022 	 160.275725 	 1.105062 	 297.647000 	 44.546000 	 -114.799114 	 275.074840 	 1.896574 
2:43:45.778 PM 9/21/2022 	 156.816602 	 1.081212 	 297.647000 	 44.546000 	 -115.592080 	 272.408682 	 1.878192 
2:43:56.651 PM 9/21/2022 	 248.610806 	 1.714111 	 297.647000 	 44.546000 	 -115.726075 	 364.336881 	 2.512014 
2:44:07.552 PM 9/21/2022 	 103.655342 	 0.714678 	 297.647000 	 44.546000 	 -115.619868 	 219.275209 	 1.511849 
2:44:18.402 PM 9/21/2022 	 294.526114 	 2.030686 	 297.647000 	 44.546000 	 -114.757759 	 409.283873 	 2.821913 
2:44:29.298 PM 9/21/2022 	 240.381734 	 1.657374 	 297.647000 	 44.546000 	 -114.903081 	 355.284815 	 2.449603 
2:44:39.956 PM 9/21/2022 	 216.095049 	 1.489923 	 297.647000 	 44.546000 	 -115.186343 	 331.281392 	 2.284105 
2:44:50.698 PM 9/21/2022 	 176.952340 	 1.220043 	 297.647000 	 44.546000 	 -115.168274 	 292.120614 	 2.014101 
2:45:01.505 PM 9/21/2022 	 211.434336 	 1.457788 	 297.647000 	 44.546000 	 -115.854627 	 327.288962 	 2.256578 
2:45:12.321 PM 9/21/2022 	 194.393603 	 1.340297 	 297.647000 	 44.546000 	 -116.192022 	 310.585624 	 2.141412 
2:45:22.876 PM 9/21/2022 	 182.450525 	 1.257952 	 297.647000 	 44.546000 	 -115.006854 	 297.457379 	 2.050896 
2:45:33.960 PM 9/21/2022 	 151.063534 	 1.041546 	 297.647000 	 44.546000 	 -115.603361 	 266.666896 	 1.838604 
2:45:44.794 PM 9/21/2022 	 160.202902 	 1.104560 	 297.647000 	 44.546000 	 -114.895445 	 275.098346 	 1.896736 
2:45:55.788 PM 9/21/2022 	 222.139411 	 1.531597 	 297.647000 	 44.546000 	 -115.316139 	 337.455551 	 2.326674 
2:46:10.129 PM 9/21/2022 	 253.817697 	 1.750011 	 297.647000 	 44.546000 	 -113.454547 	 367.272243 	 2.532253 
2:46:24.567 PM 9/21/2022 	 174.585571 	 1.203725 	 297.647000 	 44.546000 	 -115.354940 	 289.940511 	 1.999069 
2:46:38.844 PM 9/21/2022 	 204.552501 	 1.410340 	 297.647000 	 44.546000 	 -115.333452 	 319.885953 	 2.205536 
2:46:49.644 PM 9/21/2022 	 194.976192 	 1.344314 	 297.647000 	 44.546000 	 -113.972479 	 308.948671 	 2.130126 
2:47:00.579 PM 9/21/2022 	 272.351314 	 1.877796 	 297.647000 	 44.546000 	 -113.807751 	 386.159065 	 2.662473 
2:47:14.876 PM 9/21/2022 	 147.786470 	 1.018952 	 297.647000 	 44.546000 	 -114.717940 	 262.504411 	 1.809904 
2:47:25.788 PM 9/21/2022 	 152.629243 	 1.052342 	 297.647000 	 44.546000 	 -115.488167 	 268.117409 	 1.848604 
2:47:40.332 PM 9/21/2022 	 156.670955 	 1.080208 	 297.647000 	 44.546000 	 -113.830070 	 270.501025 	 1.865039 
2:47:54.460 PM 9/21/2022 	 212.417455 	 1.464567 	 297.647000 	 44.546000 	 -114.636437 	 327.053892 	 2.254957 
2:48:05.411 PM 9/21/2022 	 157.581250 	 1.086484 	 297.647000 	 44.546000 	 -113.822521 	 271.403771 	 1.871263 
2:48:19.957 PM 9/21/2022 	 280.361915 	 1.933027 	 297.647000 	 44.546000 	 -113.316907 	 393.678822 	 2.714320 
2:48:34.239 PM 9/21/2022 	 271.987196 	 1.875286 	 297.647000 	 44.546000 	 -113.687741 	 385.674937 	 2.659135 
2:48:48.616 PM 9/21/2022 	 222.321470 	 1.532853 	 297.647000 	 44.546000 	 -114.600212 	 336.921682 	 2.322993 
2:49:03.070 PM 9/21/2022 	 291.940875 	 2.012861 	 297.647000 	 44.546000 	 -114.526371 	 406.467245 	 2.802493 
2:49:17.627 PM 9/21/2022 	 244.860388 	 1.688253 	 297.647000 	 44.546000 	 -114.127945 	 358.988333 	 2.475137 
2:49:31.932 PM 9/21/2022 	 339.931656 	 2.343746 	 297.647000 	 44.546000 	 -112.865639 	 452.797295 	 3.121927 
2:49:46.160 PM 9/21/2022 	 167.995032 	 1.158285 	 297.647000 	 44.546000 	 -113.470884 	 281.465916 	 1.940639 
2:50:00.879 PM 9/21/2022 	 234.264548 	 1.615197 	 297.647000 	 44.546000 	 -114.153555 	 348.418103 	 2.402258 
2:50:15.300 PM 9/21/2022 	 179.246285 	 1.235860 	 297.647000 	 44.546000 	 -113.064708 	 292.310993 	 2.015413 
2:50:29.718 PM 9/21/2022 	 226.727301 	 1.563230 	 297.647000 	 44.546000 	 -114.603351 	 341.330652 	 2.353392 
2:50:44.015 PM 9/21/2022 	 189.405183 	 1.305903 	 297.647000 	 44.546000 	 -113.178590 	 302.583773 	 2.086242 
2:50:58.351 PM 9/21/2022 	 251.851458 	 1.736455 	 297.647000 	 44.546000 	 -112.803594 	 364.655052 	 2.514208 
2:51:12.898 PM 9/21/2022 	 312.950496 	 2.157718 	 297.647000 	 44.546000 	 -115.156479 	 428.106975 	 2.951694 
2:51:27.307 PM 9/21/2022 	 328.279873 	 2.263410 	 297.647000 	 44.546000 	 -113.218618 	 441.498492 	 3.044025 
2:51:41.716 PM 9/21/2022 	 340.405010 	 2.347010 	 297.647000 	 44.546000 	 -114.543152 	 454.948162 	 3.136757 
2:51:55.981 PM 9/21/2022 	 311.530435 	 2.147927 	 297.647000 	 44.546000 	 -113.833481 	 425.363915 	 2.932781 
2:52:10.595 PM 9/21/2022 	 93.896973 	 0.647397 	 297.647000 	 44.546000 	 -113.465616 	 207.362590 	 1.429715 
2:52:24.905 PM 9/21/2022 	 232.407545 	 1.602394 	 297.647000 	 44.546000 	 -113.556687 	 345.964232 	 2.385339 
2:52:39.206 PM 9/21/2022 	 159.729548 	 1.101296 	 297.647000 	 44.546000 	 -113.395485 	 273.125033 	 1.883131 
2:52:53.519 PM 9/21/2022 	 122.698725 	 0.845978 	 297.647000 	 44.546000 	 -113.742868 	 236.441593 	 1.630207 
2:53:08.258 PM 9/21/2022 	 173.311158 	 1.194938 	 297.647000 	 44.546000 	 -113.069672 	 286.380829 	 1.974526 
2:53:22.419 PM 9/21/2022 	 197.816314 	 1.363895 	 297.647000 	 44.546000 	 -113.938518 	 311.754832 	 2.149474 
2:53:36.910 PM 9/21/2022 	 230.186424 	 1.587080 	 297.647000 	 44.546000 	 -113.602926 	 343.789350 	 2.370344 
2:53:51.354 PM 9/21/2022 	 138.792750 	 0.956942 	 297.647000 	 44.546000 	 -113.891819 	 252.684569 	 1.742199 
2:54:05.715 PM 9/21/2022 	 205.062267 	 1.413855 	 297.647000 	 44.546000 	 -112.989307 	 318.051574 	 2.192888 
2:54:20.205 PM 9/21/2022 	 176.915928 	 1.219792 	 297.647000 	 44.546000 	 -113.060676 	 289.976604 	 1.999318 
2:54:34.691 PM 9/21/2022 	 205.062267 	 1.413855 	 297.647000 	 44.546000 	 -112.842225 	 317.904492 	 2.191874 
2:54:48.922 PM 9/21/2022 	 213.109279 	 1.469337 	 297.647000 	 44.546000 	 -112.959053 	 326.068332 	 2.248162 
2:55:03.538 PM 9/21/2022 	 186.856356 	 1.288329 	 297.647000 	 44.546000 	 -113.417985 	 300.274341 	 2.070319 
2:55:17.988 PM 9/21/2022 	 243.331092 	 1.677709 	 297.647000 	 44.546000 	 -112.804522 	 356.135614 	 2.455469 
2:55:32.235 PM 9/21/2022 	 222.248647 	 1.532350 	 297.647000 	 44.546000 	 -112.921350 	 335.169997 	 2.310916 
2:55:46.871 PM 9/21/2022 	 153.357479 	 1.057363 	 297.647000 	 44.546000 	 -113.220632 	 266.578111 	 1.837991 
2:56:01.158 PM 9/21/2022 	 231.388014 	 1.595364 	 297.647000 	 44.546000 	 -113.569567 	 344.957581 	 2.378399 
2:56:15.602 PM 9/21/2022 	 275.482731 	 1.899387 	 297.647000 	 44.546000 	 -114.261546 	 389.744276 	 2.687192 
2:56:30.105 PM 9/21/2022 	 116.617950 	 0.804052 	 297.647000 	 44.546000 	 -111.035858 	 227.653808 	 1.569618 
2:56:44.573 PM 9/21/2022 	 150.226062 	 1.035772 	 297.647000 	 44.546000 	 -112.752860 	 262.978922 	 1.813176 
2:56:58.991 PM 9/21/2022 	 288.627399 	 1.990016 	 297.647000 	 44.546000 	 -112.291915 	 400.919314 	 2.764241 
2:57:13.421 PM 9/21/2022 	 174.294277 	 1.201717 	 297.647000 	 44.546000 	 -112.419602 	 286.713879 	 1.976823 
2:57:27.590 PM 9/21/2022 	 191.407833 	 1.319711 	 297.647000 	 44.546000 	 -111.919564 	 303.327397 	 2.091369 
2:57:42.071 PM 9/21/2022 	 140.941048 	 0.971754 	 297.647000 	 44.546000 	 -113.298210 	 254.239258 	 1.752918 
2:57:56.355 PM 9/21/2022 	 279.451620 	 1.926751 	 297.647000 	 44.546000 	 -111.756350 	 391.207969 	 2.697284 
2:58:10.927 PM 9/21/2022 	 254.545933 	 1.755032 	 297.647000 	 44.546000 	 -112.841139 	 367.387072 	 2.533045 
2:58:25.380 PM 9/21/2022 	 162.970200 	 1.123640 	 297.647000 	 44.546000 	 -113.060210 	 276.030410 	 1.903163 
2:58:39.696 PM 9/21/2022 	 134.751038 	 0.929076 	 297.647000 	 44.546000 	 -111.748282 	 246.499320 	 1.699553 
2:58:54.308 PM 9/21/2022 	 243.331092 	 1.677709 	 297.647000 	 44.546000 	 -112.244905 	 355.575997 	 2.451610 
2:59:08.654 PM 9/21/2022 	 145.565349 	 1.003638 	 297.647000 	 44.546000 	 -111.799635 	 257.364984 	 1.774469 
2:59:23.087 PM 9/21/2022 	 121.133016 	 0.835183 	 297.647000 	 44.546000 	 -113.238787 	 234.371804 	 1.615937 
2:59:37.374 PM 9/21/2022 	 296.018999 	 2.040979 	 297.647000 	 44.546000 	 -113.240027 	 409.259026 	 2.821742 
2:59:51.734 PM 9/21/2022 	 263.321182 	 1.815536 	 297.647000 	 44.546000 	 -112.154296 	 375.475479 	 2.588812 
3:00:06.342 PM 9/21/2022 	 270.457899 	 1.864742 	 297.647000 	 44.546000 	 -112.460090 	 382.917989 	 2.640127 
3:00:20.686 PM 9/21/2022 	 313.751556 	 2.163241 	 297.647000 	 44.546000 	 -111.848810 	 425.600366 	 2.934411 
3:00:35.153 PM 9/21/2022 	 155.032423 	 1.068911 	 297.647000 	 44.546000 	 -112.566828 	 267.599251 	 1.845032 
3:00:49.508 PM 9/21/2022 	 116.763598 	 0.805057 	 297.647000 	 44.546000 	 -112.326658 	 229.090256 	 1.579522 
3:01:04.113 PM 9/21/2022 	 254.254639 	 1.753024 	 297.647000 	 44.546000 	 -111.543791 	 365.798429 	 2.522091 
3:01:18.424 PM 9/21/2022 	 295.035879 	 2.034201 	 297.647000 	 44.546000 	 -111.890074 	 406.925954 	 2.805656 
3:01:32.754 PM 9/21/2022 	 222.066588 	 1.531095 	 297.647000 	 44.546000 	 -109.165009 	 331.231596 	 2.283761 
3:01:47.083 PM 9/21/2022 	 186.856356 	 1.288329 	 297.647000 	 44.546000 	 -111.052452 	 297.908807 	 2.054009 
3:02:01.637 PM 9/21/2022 	 216.058637 	 1.489672 	 297.647000 	 44.546000 	 -109.782468 	 325.841105 	 2.246595 
3:02:16.005 PM 9/21/2022 	 237.723671 	 1.639047 	 297.647000 	 44.546000 	 -111.488569 	 349.212240 	 2.407734 
3:02:30.525 PM 9/21/2022 	 237.869319 	 1.640051 	 297.647000 	 44.546000 	 -111.761004 	 349.630323 	 2.410616 
3:02:44.860 PM 9/21/2022 	 233.208605 	 1.607917 	 297.647000 	 44.546000 	 -111.534181 	 344.742787 	 2.376918 
3:02:59.254 PM 9/21/2022 	 179.756050 	 1.239374 	 297.647000 	 44.546000 	 -111.040202 	 290.796252 	 2.004970 
3:03:13.649 PM 9/21/2022 	 197.088078 	 1.358874 	 297.647000 	 44.546000 	 -111.162298 	 308.250376 	 2.125312 
3:03:28.214 PM 9/21/2022 	 193.119189 	 1.331510 	 297.647000 	 44.546000 	 -112.344816 	 305.464005 	 2.106100 
3:03:42.593 PM 9/21/2022 	 208.120860 	 1.434943 	 297.647000 	 44.546000 	 -110.857900 	 318.978760 	 2.199281 
3:03:56.859 PM 9/21/2022 	 235.320491 	 1.622478 	 297.647000 	 44.546000 	 -111.214883 	 346.535374 	 2.389277 
3:04:11.381 PM 9/21/2022 	 234.847137 	 1.619214 	 297.647000 	 44.546000 	 -110.834006 	 345.681143 	 2.383388 
3:04:25.721 PM 9/21/2022 	 171.490567 	 1.182386 	 297.647000 	 44.546000 	 -112.086490 	 283.577056 	 1.955195 
3:04:40.243 PM 9/21/2022 	 152.774890 	 1.053346 	 297.647000 	 44.546000 	 -110.303888 	 263.078778 	 1.813864 
3:04:54.591 PM 9/21/2022 	 211.470747 	 1.458039 	 297.647000 	 44.546000 	 -110.620217 	 322.090964 	 2.220739 
3:05:09.063 PM 9/21/2022 	 303.811129 	 2.094704 	 297.647000 	 44.546000 	 -110.836481 	 414.647610 	 2.858895 
3:05:23.356 PM 9/21/2022 	 196.469077 	 1.354607 	 297.647000 	 44.546000 	 -111.365980 	 307.835057 	 2.122448 
3:05:37.921 PM 9/21/2022 	 220.719350 	 1.521806 	 297.647000 	 44.546000 	 -110.779214 	 331.498564 	 2.285602 
3:05:52.322 PM 9/21/2022 	 242.530032 	 1.672186 	 297.647000 	 44.546000 	 -112.206521 	 354.736553 	 2.445822 
3:06:06.789 PM 9/21/2022 	 260.735943 	 1.797711 	 297.647000 	 44.546000 	 -110.150841 	 370.886783 	 2.557174 
3:06:21.095 PM 9/21/2022 	 49.620198 	 0.342119 	 297.647000 	 44.546000 	 -110.131119 	 159.751317 	 1.101447 
3:06:35.747 PM 9/21/2022 	 174.257865 	 1.201466 	 297.647000 	 44.546000 	 -111.409950 	 285.667815 	 1.969610 
3:06:49.835 PM 9/21/2022 	 298.276532 	 2.056544 	 297.647000 	 44.546000 	 -111.969068 	 410.245600 	 2.828544 
3:07:04.479 PM 9/21/2022 	 110.027411 	 0.758612 	 297.647000 	 44.546000 	 -111.197985 	 221.225395 	 1.525295 
3:07:18.820 PM 9/21/2022 	 180.156580 	 1.242136 	 297.647000 	 44.546000 	 -111.186491 	 291.343072 	 2.008740 
3:07:33.167 PM 9/21/2022 	 411.662946 	 2.838316 	 297.647000 	 44.546000 	 -111.142119 	 522.805066 	 3.604614 
3:07:47.604 PM 9/21/2022 	 245.297330 	 1.691266 	 297.647000 	 44.546000 	 -110.227242 	 355.524572 	 2.451256 
3:08:02.233 PM 9/21/2022 	 220.209585 	 1.518292 	 297.647000 	 44.546000 	 -110.306836 	 330.516421 	 2.278831 
3:08:16.597 PM 9/21/2022 	 189.478007 	 1.306405 	 297.647000 	 44.546000 	 -110.183043 	 299.661050 	 2.066090 
3:08:31.033 PM 9/21/2022 	 132.384270 	 0.912757 	 297.647000 	 44.546000 	 -110.298029 	 242.682298 	 1.673236 
3:08:45.445 PM 9/21/2022 	 228.475068 	 1.575280 	 297.647000 	 44.546000 	 -109.109849 	 337.584917 	 2.327566 
3:08:59.419 PM 9/21/2022 	 176.005633 	 1.213516 	 297.647000 	 44.546000 	 -109.427291 	 285.432923 	 1.967991 
3:09:14.195 PM 9/21/2022 	 99.031040 	 0.682795 	 297.647000 	 44.546000 	 -109.134574 	 208.165614 	 1.435251 
3:09:28.538 PM 9/21/2022 	 329.117345 	 2.269184 	 297.647000 	 44.546000 	 -108.337499 	 437.454844 	 3.016145 
3:09:43.002 PM 9/21/2022 	 99.650041 	 0.687063 	 297.647000 	 44.546000 	 -108.830687 	 208.480729 	 1.437424 
3:09:57.307 PM 9/21/2022 	 341.752247 	 2.356299 	 297.647000 	 44.546000 	 -108.574100 	 450.326348 	 3.104891 
3:10:11.984 PM 9/21/2022 	 207.064917 	 1.427662 	 297.647000 	 44.546000 	 -109.100792 	 316.165709 	 2.179886 
3:10:26.274 PM 9/21/2022 	 86.905904 	 0.599195 	 297.647000 	 44.546000 	 -108.941154 	 195.847058 	 1.350318 
3:10:40.808 PM 9/21/2022 	 191.007303 	 1.316949 	 297.647000 	 44.546000 	 -107.931058 	 298.938361 	 2.061107 
3:10:55.215 PM 9/21/2022 	 143.963229 	 0.992592 	 297.647000 	 44.546000 	 -108.164203 	 252.127432 	 1.738357 
3:11:09.536 PM 9/21/2022 	 254.400286 	 1.754028 	 297.647000 	 44.546000 	 -108.126318 	 362.526604 	 2.499533 
3:11:23.941 PM 9/21/2022 	 125.902965 	 0.868070 	 297.647000 	 44.546000 	 -108.775371 	 234.678336 	 1.618050 
3:11:38.517 PM 9/21/2022 	 235.939492 	 1.626746 	 297.647000 	 44.546000 	 -108.175741 	 344.115233 	 2.372591 
3:11:52.666 PM 9/21/2022 	 217.806404 	 1.501722 	 297.647000 	 44.546000 	 -109.137255 	 326.943659 	 2.254197 
3:12:07.390 PM 9/21/2022 	 157.180720 	 1.083723 	 297.647000 	 44.546000 	 -108.929801 	 266.110522 	 1.834767 
3:12:21.720 PM 9/21/2022 	 237.869319 	 1.640051 	 297.647000 	 44.546000 	 -107.924813 	 345.794131 	 2.384167 
3:12:36.066 PM 9/21/2022 	 166.283676 	 1.146486 	 297.647000 	 44.546000 	 -107.772445 	 274.056121 	 1.889550 
3:12:50.273 PM 9/21/2022 	 240.636617 	 1.659131 	 297.647000 	 44.546000 	 -107.894485 	 348.531102 	 2.403037 
3:13:04.850 PM 9/21/2022 	 204.588913 	 1.410591 	 297.647000 	 44.546000 	 -107.758524 	 312.347437 	 2.153560 
3:13:19.173 PM 9/21/2022 	 144.072464 	 0.993345 	 297.647000 	 44.546000 	 -108.262494 	 252.334958 	 1.739788 
3:13:33.824 PM 9/21/2022 	 204.880208 	 1.412599 	 297.647000 	 44.546000 	 -106.351518 	 311.231726 	 2.145867 
3:13:48.198 PM 9/21/2022 	 213.983163 	 1.475362 	 297.647000 	 44.546000 	 -108.372835 	 322.355998 	 2.222566 
3:14:02.810 PM 9/21/2022 	 278.067970 	 1.917211 	 297.647000 	 44.546000 	 -108.027558 	 386.095528 	 2.662035 
3:14:17.042 PM 9/21/2022 	 231.424426 	 1.595615 	 297.647000 	 44.546000 	 -107.544954 	 338.969380 	 2.337112 
3:14:31.240 PM 9/21/2022 	 138.683515 	 0.956189 	 297.647000 	 44.546000 	 -108.663633 	 247.347148 	 1.705399 
3:14:45.737 PM 9/21/2022 	 228.365833 	 1.574527 	 297.647000 	 44.546000 	 -108.653727 	 337.019560 	 2.323668 
3:15:00.176 PM 9/21/2022 	 218.243346 	 1.504735 	 297.647000 	 44.546000 	 -106.967893 	 325.211239 	 2.242253 
3:15:14.769 PM 9/21/2022 	 132.347858 	 0.912506 	 297.647000 	 44.546000 	 -107.836491 	 240.184349 	 1.656013 
3:15:28.939 PM 9/21/2022 	 113.086004 	 0.779701 	 297.647000 	 44.546000 	 -108.266368 	 221.352372 	 1.526171 
3:15:43.482 PM 9/21/2022 	 154.559069 	 1.065647 	 297.647000 	 44.546000 	 -106.833690 	 261.392759 	 1.802240 
3:15:58.024 PM 9/21/2022 	 308.144135 	 2.124579 	 297.647000 	 44.546000 	 -106.638296 	 414.782431 	 2.859824 
3:16:12.485 PM 9/21/2022 	 141.305166 	 0.974265 	 297.647000 	 44.546000 	 -106.569473 	 247.874639 	 1.709035 
3:16:26.655 PM 9/21/2022 	 220.864998 	 1.522811 	 297.647000 	 44.546000 	 -107.505242 	 328.370240 	 2.264033 
3:16:41.236 PM 9/21/2022 	 134.314096 	 0.926063 	 297.647000 	 44.546000 	 -106.682284 	 240.996380 	 1.661612 
3:16:55.603 PM 9/21/2022 	 247.518451 	 1.706580 	 297.647000 	 44.546000 	 -106.020928 	 353.539379 	 2.437568 
3:17:09.996 PM 9/21/2022 	 142.798051 	 0.984558 	 297.647000 	 44.546000 	 -107.501688 	 250.299739 	 1.725756 
3:17:24.548 PM 9/21/2022 	 255.055699 	 1.758547 	 297.647000 	 44.546000 	 -104.694810 	 359.750508 	 2.480392 
3:17:38.970 PM 9/21/2022 	 157.763310 	 1.087740 	 297.647000 	 44.546000 	 -106.748995 	 264.512305 	 1.823748 
3:17:53.245 PM 9/21/2022 	 151.755359 	 1.046316 	 297.647000 	 44.546000 	 -106.973138 	 258.728497 	 1.783870 
3:18:07.899 PM 9/21/2022 	 152.119477 	 1.048827 	 297.647000 	 44.546000 	 -107.115053 	 259.234531 	 1.787359 
3:18:22.178 PM 9/21/2022 	 281.854800 	 1.943320 	 297.647000 	 44.546000 	 -105.252627 	 387.107427 	 2.669012 
3:18:36.717 PM 9/21/2022 	 311.821729 	 2.149935 	 297.647000 	 44.546000 	 -106.534221 	 418.355951 	 2.884463 
3:18:50.825 PM 9/21/2022 	 181.430994 	 1.250923 	 297.647000 	 44.546000 	 -106.114438 	 287.545432 	 1.982556 
3:19:05.262 PM 9/21/2022 	 178.772931 	 1.232596 	 297.647000 	 44.546000 	 -107.424085 	 286.197016 	 1.973259 
3:19:19.995 PM 9/21/2022 	 83.046250 	 0.572584 	 297.647000 	 44.546000 	 -106.656902 	 189.703152 	 1.307957 
3:19:34.308 PM 9/21/2022 	 141.851343 	 0.978031 	 297.647000 	 44.546000 	 -105.488880 	 247.340223 	 1.705351 
3:19:48.477 PM 9/21/2022 	 231.570073 	 1.596619 	 297.647000 	 44.546000 	 -107.641846 	 339.211919 	 2.338784 
3:20:03.224 PM 9/21/2022 	 236.813376 	 1.632771 	 297.647000 	 44.546000 	 -105.703027 	 342.516403 	 2.361567 
3:20:17.671 PM 9/21/2022 	 56.247149 	 0.387810 	 297.647000 	 44.546000 	 -105.530494 	 161.777643 	 1.115418 
3:20:31.956 PM 9/21/2022 	 141.450813 	 0.975269 	 297.647000 	 44.546000 	 -105.700432 	 247.151246 	 1.704048 
3:20:46.276 PM 9/21/2022 	 289.828989 	 1.998301 	 297.647000 	 44.546000 	 -105.320683 	 395.149672 	 2.724461 
3:21:00.863 PM 9/21/2022 	 262.665769 	 1.811017 	 297.647000 	 44.546000 	 -104.846214 	 367.511983 	 2.533906 
3:21:15.459 PM 9/21/2022 	 226.836536 	 1.563983 	 297.647000 	 44.546000 	 -105.989138 	 332.825675 	 2.294752 
3:21:29.618 PM 9/21/2022 	 263.248359 	 1.815034 	 297.647000 	 44.546000 	 -104.733992 	 367.982351 	 2.537149 
3:21:44.021 PM 9/21/2022 	 254.291050 	 1.753275 	 297.647000 	 44.546000 	 -105.307947 	 359.598997 	 2.479348 
3:21:58.423 PM 9/21/2022 	 208.157272 	 1.435194 	 297.647000 	 44.546000 	 -105.096395 	 313.253666 	 2.159808 
3:22:12.896 PM 9/21/2022 	 218.170523 	 1.504233 	 297.647000 	 44.546000 	 -104.965397 	 323.135920 	 2.227944 
3:22:27.364 PM 9/21/2022 	 133.767919 	 0.922297 	 297.647000 	 44.546000 	 -105.599232 	 239.367150 	 1.650378 
3:22:41.763 PM 9/21/2022 	 105.730816 	 0.728988 	 297.647000 	 44.546000 	 -104.841822 	 210.572638 	 1.451847 
3:22:56.144 PM 9/21/2022 	 297.766766 	 2.053030 	 297.647000 	 44.546000 	 -105.391930 	 403.158696 	 2.779681 
3:23:10.674 PM 9/21/2022 	 134.896685 	 0.930080 	 297.647000 	 44.546000 	 -104.655619 	 239.552305 	 1.651655 
3:23:24.950 PM 9/21/2022 	 164.608732 	 1.134937 	 297.647000 	 44.546000 	 -104.520282 	 269.129014 	 1.855579 
3:23:39.363 PM 9/21/2022 	 90.292203 	 0.622543 	 297.647000 	 44.546000 	 -104.021378 	 194.313581 	 1.339745 
3:23:54.052 PM 9/21/2022 	 235.939492 	 1.626746 	 297.647000 	 44.546000 	 -104.615661 	 340.555153 	 2.348045 
3:24:08.280 PM 9/21/2022 	 231.096720 	 1.593356 	 297.647000 	 44.546000 	 -105.130979 	 336.227699 	 2.318208 
3:24:22.727 PM 9/21/2022 	 213.509809 	 1.472098 	 297.647000 	 44.546000 	 -104.444265 	 317.954075 	 2.192216 
3:24:37.152 PM 9/21/2022 	 132.675564 	 0.914766 	 297.647000 	 44.546000 	 -104.560310 	 237.235874 	 1.635684 
3:24:51.149 PM 9/21/2022 	 255.237758 	 1.759802 	 297.647000 	 44.546000 	 -103.053593 	 358.291351 	 2.470332 
3:25:05.999 PM 9/21/2022 	 204.115559 	 1.407327 	 297.647000 	 44.546000 	 -102.379409 	 306.494968 	 2.113208 
3:25:20.542 PM 9/21/2022 	 198.981492 	 1.371929 	 297.647000 	 44.546000 	 -103.815327 	 302.796819 	 2.087711 
3:25:34.713 PM 9/21/2022 	 259.279470 	 1.787669 	 297.647000 	 44.546000 	 -103.865890 	 363.145360 	 2.503799 
3:25:49.110 PM 9/21/2022 	 203.023205 	 1.399796 	 297.647000 	 44.546000 	 -104.266902 	 307.290106 	 2.118691 
3:26:03.772 PM 9/21/2022 	 198.617374 	 1.369419 	 297.647000 	 44.546000 	 -103.954470 	 302.571844 	 2.086159 
3:26:18.081 PM 9/21/2022 	 230.441307 	 1.588837 	 297.647000 	 44.546000 	 -103.378029 	 333.819336 	 2.301603 
3:26:32.702 PM 9/21/2022 	 246.426097 	 1.699048 	 297.647000 	 44.546000 	 -103.722713 	 350.148810 	 2.414191 
3:26:46.928 PM 9/21/2022 	 319.686683 	 2.204162 	 297.647000 	 44.546000 	 -102.962900 	 422.649583 	 2.914066 
3:27:01.328 PM 9/21/2022 	 265.141773 	 1.828088 	 297.647000 	 44.546000 	 -101.612894 	 366.754668 	 2.528684 
3:27:15.818 PM 9/21/2022 	 100.523925 	 0.693088 	 297.647000 	 44.546000 	 -103.968299 	 204.492224 	 1.409924 
3:27:30.287 PM 9/21/2022 	 142.834462 	 0.984809 	 297.647000 	 44.546000 	 -101.867478 	 244.701941 	 1.687160 
3:27:44.764 PM 9/21/2022 	 200.947731 	 1.385486 	 297.647000 	 44.546000 	 -103.454120 	 304.401851 	 2.098777 
3:27:59.193 PM 9/21/2022 	 46.816487 	 0.322788 	 297.647000 	 44.546000 	 -103.068444 	 149.884932 	 1.033420 
3:28:13.547 PM 9/21/2022 	 136.316746 	 0.939871 	 297.647000 	 44.546000 	 -104.136367 	 240.453113 	 1.657866 
3:28:27.876 PM 9/21/2022 	 288.700222 	 1.990518 	 297.647000 	 44.546000 	 -103.461485 	 392.161707 	 2.703860 
3:28:42.270 PM 9/21/2022 	 270.130193 	 1.862482 	 297.647000 	 44.546000 	 -102.523350 	 372.653543 	 2.569356 
3:28:56.456 PM 9/21/2022 	 202.877557 	 1.398792 	 297.647000 	 44.546000 	 -102.156374 	 305.033931 	 2.103135 
3:29:11.271 PM 9/21/2022 	 305.049131 	 2.103240 	 297.647000 	 44.546000 	 -102.093421 	 407.142551 	 2.807149 
3:29:25.545 PM 9/21/2022 	 193.993073 	 1.337535 	 297.647000 	 44.546000 	 -102.784349 	 296.777422 	 2.046208 
3:29:39.987 PM 9/21/2022 	 74.016118 	 0.510323 	 297.647000 	 44.546000 	 -104.293848 	 178.309966 	 1.229404 
3:29:54.446 PM 9/21/2022 	 203.678617 	 1.404315 	 297.647000 	 44.546000 	 -103.031175 	 306.709793 	 2.114690 
3:30:08.887 PM 9/21/2022 	 280.798857 	 1.936040 	 297.647000 	 44.546000 	 -102.500373 	 383.299230 	 2.642755 
3:30:23.131 PM 9/21/2022 	 282.692272 	 1.949095 	 297.647000 	 44.546000 	 -102.507357 	 385.199628 	 2.655858 
3:30:37.465 PM 9/21/2022 	 165.773910 	 1.142971 	 297.647000 	 44.546000 	 -102.713974 	 268.487885 	 1.851159 
3:30:51.968 PM 9/21/2022 	 303.993188 	 2.095959 	 297.647000 	 44.546000 	 -102.522409 	 406.515597 	 2.802826 
3:31:06.689 PM 9/21/2022 	 267.763425 	 1.846164 	 297.647000 	 44.546000 	 -102.354112 	 370.117536 	 2.551871 
3:31:24.696 PM 9/21/2022 	 287.061690 	 1.979221 	 297.647000 	 44.546000 	 -102.263831 	 389.325521 	 2.684305 
3:31:42.609 PM 9/21/2022 	 279.269560 	 1.925496 	 297.647000 	 44.546000 	 -102.497876 	 381.767436 	 2.632194 
3:32:00.817 PM 9/21/2022 	 126.813261 	 0.874347 	 297.647000 	 44.546000 	 -102.264831 	 229.078091 	 1.579438 
3:32:18.726 PM 9/21/2022 	 164.790791 	 1.136193 	 297.647000 	 44.546000 	 -103.142259 	 267.933051 	 1.847333 
3:32:36.859 PM 9/21/2022 	 218.643876 	 1.507496 	 297.647000 	 44.546000 	 -102.197685 	 320.841562 	 2.212125 
3:32:54.621 PM 9/21/2022 	 187.111238 	 1.290087 	 297.647000 	 44.546000 	 -102.500890 	 289.612128 	 1.996805 
3:33:12.840 PM 9/21/2022 	 208.448566 	 1.437202 	 297.647000 	 44.546000 	 -102.426535 	 310.875101 	 2.143408 
3:33:30.902 PM 9/21/2022 	 163.589201 	 1.127908 	 297.647000 	 44.546000 	 -102.435474 	 266.024675 	 1.834176 
3:33:48.511 PM 9/21/2022 	 68.263051 	 0.470657 	 297.647000 	 44.546000 	 -102.395101 	 170.658152 	 1.176647 
3:34:06.988 PM 9/21/2022 	 78.676832 	 0.542458 	 297.647000 	 44.546000 	 -99.921163 	 178.597995 	 1.231390 
3:34:24.964 PM 9/21/2022 	 165.628263 	 1.141967 	 297.647000 	 44.546000 	 -102.085070 	 267.713333 	 1.845818 
3:34:42.950 PM 9/21/2022 	 164.754379 	 1.135941 	 297.647000 	 44.546000 	 -101.937042 	 266.691421 	 1.838773 
3:35:00.814 PM 9/21/2022 	 134.132037 	 0.924808 	 297.647000 	 44.546000 	 -102.015761 	 236.147798 	 1.628182 
3:35:18.802 PM 9/21/2022 	 254.473109 	 1.754530 	 297.647000 	 44.546000 	 -102.051081 	 356.524190 	 2.458148 
3:35:36.951 PM 9/21/2022 	 82.900603 	 0.571580 	 297.647000 	 44.546000 	 -102.975082 	 185.875685 	 1.281568 
3:35:54.860 PM 9/21/2022 	 262.665769 	 1.811017 	 297.647000 	 44.546000 	 -101.632058 	 364.297827 	 2.511745 
3:36:13.024 PM 9/21/2022 	 196.469077 	 1.354607 	 297.647000 	 44.546000 	 -101.420252 	 297.889329 	 2.053875 
3:36:30.795 PM 9/21/2022 	 271.623078 	 1.872775 	 297.647000 	 44.546000 	 -102.072163 	 373.695241 	 2.576538 
3:36:48.642 PM 9/21/2022 	 189.150300 	 1.304145 	 297.647000 	 44.546000 	 -101.498842 	 290.649142 	 2.003955 
3:37:06.682 PM 9/21/2022 	 182.559761 	 1.258705 	 297.647000 	 44.546000 	 -101.353828 	 283.913588 	 1.957515 
3:37:24.726 PM 9/21/2022 	 270.494311 	 1.864993 	 297.647000 	 44.546000 	 -99.905255 	 370.399566 	 2.553815 
3:37:42.540 PM 9/21/2022 	 200.073847 	 1.379461 	 297.647000 	 44.546000 	 -101.291141 	 301.364988 	 2.077838 
3:38:00.868 PM 9/21/2022 	 235.102020 	 1.620971 	 297.647000 	 44.546000 	 -101.144787 	 336.246807 	 2.318340 
3:38:18.787 PM 9/21/2022 	 244.714741 	 1.687249 	 297.647000 	 44.546000 	 -100.151969 	 344.866710 	 2.377772 
3:38:36.944 PM 9/21/2022 	 162.496846 	 1.120376 	 297.647000 	 44.546000 	 -100.722244 	 263.219091 	 1.814832 
3:38:54.703 PM 9/21/2022 	 265.178185 	 1.828339 	 297.647000 	 44.546000 	 -102.142747 	 367.320932 	 2.532589 
3:39:12.681 PM 9/21/2022 	 244.241387 	 1.683985 	 297.647000 	 44.546000 	 -100.106368 	 344.347755 	 2.374194 
3:39:31.038 PM 9/21/2022 	 180.921229 	 1.247408 	 297.647000 	 44.546000 	 -100.633744 	 281.554972 	 1.941253 
3:39:48.990 PM 9/21/2022 	 254.764404 	 1.756539 	 297.647000 	 44.546000 	 -100.730543 	 355.494947 	 2.451051 
3:40:07.360 PM 9/21/2022 	 199.855376 	 1.377954 	 297.647000 	 44.546000 	 -99.431713 	 299.287089 	 2.063512 
3:40:25.477 PM 9/21/2022 	 214.347281 	 1.477872 	 297.647000 	 44.546000 	 -101.190569 	 315.537850 	 2.175557 
3:40:43.384 PM 9/21/2022 	 308.799548 	 2.129098 	 297.647000 	 44.546000 	 -100.125338 	 408.924887 	 2.819438 
3:41:01.006 PM 9/21/2022 	 247.591275 	 1.707082 	 297.647000 	 44.546000 	 -100.669471 	 348.260746 	 2.401173 
3:41:19.424 PM 9/21/2022 	 236.667728 	 1.631767 	 297.647000 	 44.546000 	 -99.559032 	 336.226760 	 2.318202 
3:41:37.390 PM 9/21/2022 	 239.107320 	 1.648587 	 297.647000 	 44.546000 	 -99.555066 	 338.662387 	 2.334995 
3:41:55.469 PM 9/21/2022 	 206.919270 	 1.426658 	 297.647000 	 44.546000 	 -100.410449 	 307.329719 	 2.118964 
3:42:13.717 PM 9/21/2022 	 289.610518 	 1.996794 	 297.647000 	 44.546000 	 -99.593304 	 389.203822 	 2.683466 
3:42:31.631 PM 9/21/2022 	 185.946060 	 1.282053 	 297.647000 	 44.546000 	 -100.431797 	 286.377857 	 1.974506 
3:42:49.575 PM 9/21/2022 	 201.675967 	 1.390507 	 297.647000 	 44.546000 	 -101.060904 	 302.736871 	 2.087297 
3:43:07.444 PM 9/21/2022 	 134.350508 	 0.926314 	 297.647000 	 44.546000 	 -100.425370 	 234.775878 	 1.618723 
3:43:25.631 PM 9/21/2022 	 296.747235 	 2.046000 	 297.647000 	 44.546000 	 -100.574208 	 397.321443 	 2.739435 
3:43:43.790 PM 9/21/2022 	 187.948710 	 1.295861 	 297.647000 	 44.546000 	 -100.146616 	 288.095326 	 1.986347 
3:44:01.538 PM 9/21/2022 	 222.576353 	 1.534610 	 297.647000 	 44.546000 	 -100.954474 	 323.530827 	 2.230667 
3:44:19.799 PM 9/21/2022 	 121.970488 	 0.840957 	 297.647000 	 44.546000 	 -100.769297 	 222.739786 	 1.535737 
3:44:37.675 PM 9/21/2022 	 103.800989 	 0.715683 	 297.647000 	 44.546000 	 -99.948625 	 203.749614 	 1.404804 
3:44:56.797 PM 9/21/2022 	 294.344055 	 2.029431 	 297.647000 	 44.546000 	 -100.037208 	 394.381263 	 2.719163 
3:45:13.440 PM 9/21/2022 	 125.393200 	 0.864556 	 297.647000 	 44.546000 	 -99.982802 	 225.376002 	 1.553913 
3:45:31.670 PM 9/21/2022 	 283.202037 	 1.952609 	 297.647000 	 44.546000 	 -100.804143 	 384.006181 	 2.647629 
3:45:49.545 PM 9/21/2022 	 226.217535 	 1.559715 	 297.647000 	 44.546000 	 -100.700554 	 326.918089 	 2.254021 
3:46:07.693 PM 9/21/2022 	 1621.154445 	 11.177466 	 297.647000 	 44.546000 	 -101.323356 	 1722.477801 	 11.876066 
3:46:25.997 PM 9/21/2022 	 7443.878174 	 51.323733 	 297.647000 	 44.546000 	 -100.067124 	 7543.945298 	 52.013672 
3:46:44.079 PM 9/21/2022 	 8380.317418 	 57.780255 	 297.647000 	 44.546000 	 -98.996576 	 8479.313993 	 58.462812 
3:47:02.298 PM 9/21/2022 	 8156.530358 	 56.237297 	 297.647000 	 44.546000 	 -98.475113 	 8255.005472 	 56.916259 
3:47:20.269 PM 9/21/2022 	 8124.670014 	 56.017628 	 297.647000 	 44.546000 	 -98.192352 	 8222.862365 	 56.694640 
3:47:38.067 PM 9/21/2022 	 8099.727916 	 55.845658 	 297.647000 	 44.546000 	 -98.968029 	 8198.695945 	 56.528019 
3:47:55.830 PM 9/21/2022 	 8004.802295 	 55.191169 	 297.647000 	 44.546000 	 -97.974428 	 8102.776723 	 55.866679 
3:48:14.168 PM 9/21/2022 	 7957.940280 	 54.868067 	 297.647000 	 44.546000 	 -98.428583 	 8056.368863 	 55.546708 
3:48:32.043 PM 9/21/2022 	 7905.871374 	 54.509064 	 297.647000 	 44.546000 	 -98.238118 	 8004.109492 	 55.186392 
3:48:49.870 PM 9/21/2022 	 7895.093475 	 54.434753 	 297.647000 	 44.546000 	 -99.277022 	 7994.370497 	 55.119244 
3:49:07.976 PM 9/21/2022 	 7807.340983 	 53.829721 	 297.647000 	 44.546000 	 -98.094036 	 7905.435019 	 54.506056 
3:49:25.698 PM 9/21/2022 	 7807.887160 	 53.833487 	 297.647000 	 44.546000 	 -97.608257 	 7905.495418 	 54.506472 
3:49:44.012 PM 9/21/2022 	 7923.567520 	 54.631075 	 297.647000 	 44.546000 	 -98.419602 	 8021.987121 	 55.309654 
3:50:02.172 PM 9/21/2022 	 7868.876963 	 54.253997 	 297.647000 	 44.546000 	 -97.922027 	 7966.798990 	 54.929145 
3:50:20.447 PM 9/21/2022 	 7801.478680 	 53.789302 	 297.647000 	 44.546000 	 -99.673798 	 7901.152477 	 54.476529 
3:50:38.223 PM 9/21/2022 	 7880.528746 	 54.334333 	 297.647000 	 44.546000 	 -97.333887 	 7977.862633 	 55.005427 
3:50:58.275 PM 9/21/2022 	 7788.807366 	 53.701936 	 297.647000 	 44.546000 	 -97.788650 	 7886.596015 	 54.376165 
3:51:17.690 PM 9/21/2022 	 7748.681538 	 53.425279 	 297.647000 	 44.546000 	 -97.749719 	 7846.431256 	 54.099239 
3:51:35.732 PM 9/21/2022 	 7704.077055 	 53.117741 	 297.647000 	 44.546000 	 -98.311659 	 7802.388714 	 53.795576 
3:51:53.696 PM 9/21/2022 	 7843.425099 	 54.078512 	 297.647000 	 44.546000 	 -98.791399 	 7942.216498 	 54.759655 
3:52:11.818 PM 9/21/2022 	 7754.288958 	 53.463940 	 297.647000 	 44.546000 	 -99.247879 	 7853.536837 	 54.148230 
3:52:29.559 PM 9/21/2022 	 7879.946157 	 54.330316 	 297.647000 	 44.546000 	 -98.123213 	 7978.069369 	 55.006852 
3:52:48.028 PM 9/21/2022 	 7840.839860 	 54.060688 	 297.647000 	 44.546000 	 -98.854845 	 7939.694705 	 54.742268 
3:53:06.009 PM 9/21/2022 	 7727.307798 	 53.277912 	 297.647000 	 44.546000 	 -97.720569 	 7825.028366 	 53.951671 
3:53:23.771 PM 9/21/2022 	 7774.825226 	 53.605533 	 297.647000 	 44.546000 	 -97.180041 	 7872.005266 	 54.275566 
3:53:47.095 PM 9/21/2022 	 7720.207493 	 53.228957 	 297.647000 	 44.546000 	 -99.239511 	 7819.447004 	 53.913189 
3:54:03.267 PM 9/21/2022 	 7625.864461 	 52.578485 	 297.647000 	 44.546000 	 -98.932089 	 7724.796550 	 53.260597 
3:54:21.276 PM 9/21/2022 	 7825.219188 	 53.952987 	 297.647000 	 44.546000 	 -96.622918 	 7921.842105 	 54.619179 
3:54:39.658 PM 9/21/2022 	 7737.685167 	 53.349461 	 297.647000 	 44.546000 	 -97.515830 	 7835.200997 	 54.021809 
3:54:57.736 PM 9/21/2022 	 7798.492910 	 53.768716 	 297.647000 	 44.546000 	 -97.838595 	 7896.331506 	 54.443289 
6:06:48.261 PM 9/21/2022 	 7514.407873 	 51.810018 	 297.647000 	 44.546000 	 -101.426123 	 7615.833996 	 52.509327 
6:06:55.560 PM 9/21/2022 	 7565.712131 	 52.163749 	 297.647000 	 44.546000 	 -100.304143 	 7666.016274 	 52.855322 
6:07:02.747 PM 9/21/2022 	 7435.467043 	 51.265741 	 297.647000 	 44.546000 	 -99.671110 	 7535.138153 	 51.952949 
6:07:09.969 PM 9/21/2022 	 7431.461742 	 51.238125 	 297.647000 	 44.546000 	 -100.657058 	 7532.118801 	 51.932131 
6:07:16.996 PM 9/21/2022 	 7464.814971 	 51.468087 	 297.647000 	 44.546000 	 -99.617889 	 7564.432861 	 52.154929 
6:07:24.102 PM 9/21/2022 	 7528.062307 	 51.904162 	 297.647000 	 44.546000 	 -100.738585 	 7628.800892 	 52.598731 
6:07:31.399 PM 9/21/2022 	 7411.107534 	 51.097788 	 297.647000 	 44.546000 	 -100.469673 	 7511.577207 	 51.790502 
6:07:38.703 PM 9/21/2022 	 7571.428787 	 52.203164 	 297.647000 	 44.546000 	 -100.922925 	 7672.351712 	 52.899003 
6:07:45.810 PM 9/21/2022 	 7534.980553 	 51.951862 	 297.647000 	 44.546000 	 -100.941754 	 7635.922307 	 52.647831 
6:07:53.138 PM 9/21/2022 	 7518.959351 	 51.841400 	 297.647000 	 44.546000 	 -99.386641 	 7618.345992 	 52.526647 
6:08:00.360 PM 9/21/2022 	 7582.388745 	 52.278730 	 297.647000 	 44.546000 	 -100.751798 	 7683.140544 	 52.973389 
6:08:07.562 PM 9/21/2022 	 7408.449471 	 51.079461 	 297.647000 	 44.546000 	 -101.870842 	 7510.320313 	 51.781836 
6:08:14.735 PM 9/21/2022 	 7603.726073 	 52.425846 	 297.647000 	 44.546000 	 -100.186369 	 7703.912443 	 53.116606 
6:08:22.994 PM 9/21/2022 	 7495.218843 	 51.677715 	 297.647000 	 44.546000 	 -100.963535 	 7596.182378 	 52.373834 
6:08:32.773 PM 9/21/2022 	 7614.139854 	 52.497646 	 297.647000 	 44.546000 	 -100.354825 	 7714.494679 	 53.189568 
6:08:39.874 PM 9/21/2022 	 7468.783860 	 51.495452 	 297.647000 	 44.546000 	 -100.468873 	 7569.252733 	 52.188160 
6:08:47.027 PM 9/21/2022 	 7562.289420 	 52.140150 	 297.647000 	 44.546000 	 -101.500270 	 7663.789689 	 52.839970 
6:08:54.234 PM 9/21/2022 	 7464.050323 	 51.462815 	 297.647000 	 44.546000 	 -100.269643 	 7564.319966 	 52.154150 
6:09:01.423 PM 9/21/2022 	 7493.908017 	 51.668677 	 297.647000 	 44.546000 	 -99.503616 	 7593.411633 	 52.354730 
6:09:08.718 PM 9/21/2022 	 7441.657052 	 51.308419 	 297.647000 	 44.546000 	 -101.269583 	 7542.926635 	 52.006648 
6:09:15.857 PM 9/21/2022 	 7552.967993 	 52.075881 	 297.647000 	 44.546000 	 -101.253314 	 7654.221307 	 52.773998 
6:09:23.154 PM 9/21/2022 	 7471.988100 	 51.517544 	 297.647000 	 44.546000 	 -101.183414 	 7573.171514 	 52.215180 
6:09:30.257 PM 9/21/2022 	 7484.695826 	 51.605161 	 297.647000 	 44.546000 	 -100.085869 	 7584.781695 	 52.295229 
6:09:37.502 PM 9/21/2022 	 7451.779539 	 51.378211 	 297.647000 	 44.546000 	 -100.833362 	 7552.612901 	 52.073433 
6:09:44.589 PM 9/21/2022 	 7540.041796 	 51.986758 	 297.647000 	 44.546000 	 -99.812015 	 7639.853811 	 52.674938 
6:09:51.842 PM 9/21/2022 	 7553.040817 	 52.076383 	 297.647000 	 44.546000 	 -100.121333 	 7653.162150 	 52.766696 
6:09:59.084 PM 9/21/2022 	 7551.329461 	 52.064584 	 297.647000 	 44.546000 	 -101.525440 	 7652.854901 	 52.764577 
6:10:06.280 PM 9/21/2022 	 7555.225526 	 52.091446 	 297.647000 	 44.546000 	 -100.345078 	 7655.570604 	 52.783301 
6:10:13.430 PM 9/21/2022 	 7597.936593 	 52.385929 	 297.647000 	 44.546000 	 -99.177758 	 7697.114351 	 53.069735 
6:10:20.673 PM 9/21/2022 	 7417.734485 	 51.143479 	 297.647000 	 44.546000 	 -100.342796 	 7518.077282 	 51.835318 
