5:34:01.015 PM 10/11/2022 	 108.543919 	 294.978180 	 108.844157 	 295.771875 	 295.083673 	 294.812134 	 295.166141 	 294.933309 
5:34:08.126 PM 10/11/2022 	 108.544216 	 294.978946 	 108.843979 	 295.771415 	 295.052756 	 294.817982 	 295.142298 	 294.924069 
5:34:15.315 PM 10/11/2022 	 108.544812 	 294.980478 	 108.844038 	 295.771568 	 295.087196 	 294.819432 	 295.163538 	 294.923161 
5:34:22.503 PM 10/11/2022 	 108.544574 	 294.979865 	 108.844336 	 295.772335 	 295.095621 	 294.842479 	 295.190809 	 294.949975 
5:34:29.710 PM 10/11/2022 	 108.544395 	 294.979406 	 108.844932 	 295.773867 	 295.037635 	 294.786348 	 295.155925 	 294.892914 
5:34:36.939 PM 10/11/2022 	 108.544276 	 294.979099 	 108.845349 	 295.774940 	 295.091348 	 294.845276 	 295.186065 	 294.945229 
5:34:44.132 PM 10/11/2022 	 108.544693 	 294.980172 	 108.845230 	 295.774634 	 295.094185 	 294.826425 	 295.192671 	 294.945710 
5:34:51.313 PM 10/11/2022 	 108.544633 	 294.980019 	 108.845170 	 295.774481 	 295.073237 	 294.827628 	 295.144869 	 294.931355 
5:34:58.511 PM 10/11/2022 	 108.544395 	 294.979406 	 108.845646 	 295.775707 	 295.067498 	 294.803023 	 295.163163 	 294.905814 
5:35:05.718 PM 10/11/2022 	 108.544097 	 294.978640 	 108.845825 	 295.776167 	 295.079848 	 294.837071 	 295.172683 	 294.929011 
5:35:12.940 PM 10/11/2022 	 108.544395 	 294.979406 	 108.845646 	 295.775707 	 295.085318 	 294.840658 	 295.187575 	 294.948625 
5:35:20.144 PM 10/11/2022 	 108.544574 	 294.979865 	 108.846242 	 295.777240 	 295.068842 	 294.819929 	 295.163564 	 294.932145 
5:35:27.316 PM 10/11/2022 	 108.544514 	 294.979712 	 108.846123 	 295.776933 	 295.110539 	 294.851275 	 295.195829 	 294.948869 
5:35:34.522 PM 10/11/2022 	 108.544455 	 294.979559 	 108.845766 	 295.776013 	 295.092137 	 294.816831 	 295.163295 	 294.946019 
5:35:41.727 PM 10/11/2022 	 108.544395 	 294.979406 	 108.846600 	 295.778160 	 295.079765 	 294.821899 	 295.158935 	 294.924685 
5:35:48.912 PM 10/11/2022 	 108.544455 	 294.979559 	 108.846480 	 295.777853 	 295.106202 	 294.790349 	 295.172645 	 294.928031 
5:35:56.138 PM 10/11/2022 	 108.544514 	 294.979712 	 108.846480 	 295.777853 	 295.119846 	 294.839841 	 295.163670 	 294.933666 
5:36:03.317 PM 10/11/2022 	 108.544157 	 294.978793 	 108.846659 	 295.778313 	 295.121003 	 294.845242 	 295.184146 	 294.959809 
5:36:10.524 PM 10/11/2022 	 108.544216 	 294.978946 	 108.847195 	 295.779692 	 295.125582 	 294.821531 	 295.166578 	 294.922432 
5:36:17.729 PM 10/11/2022 	 108.544633 	 294.980019 	 108.847314 	 295.779999 	 295.082475 	 294.809050 	 295.165415 	 294.932111 
5:36:24.927 PM 10/11/2022 	 108.544872 	 294.980631 	 108.847612 	 295.780766 	 295.113701 	 294.827562 	 295.174018 	 294.949204 
5:36:32.111 PM 10/11/2022 	 108.544633 	 294.980019 	 108.847791 	 295.781225 	 295.118869 	 294.842164 	 295.192379 	 294.940703 
5:36:39.339 PM 10/11/2022 	 108.544455 	 294.979559 	 108.848267 	 295.782452 	 295.102282 	 294.861875 	 295.201709 	 294.937310 
5:36:46.540 PM 10/11/2022 	 108.544574 	 294.979865 	 108.848089 	 295.781992 	 295.101452 	 294.825208 	 295.193812 	 294.911964 
5:36:53.725 PM 10/11/2022 	 108.544752 	 294.980325 	 108.848982 	 295.784291 	 295.119248 	 294.808120 	 295.197940 	 294.940139 
5:37:00.939 PM 10/11/2022 	 108.544812 	 294.980478 	 108.849340 	 295.785211 	 295.122239 	 294.835162 	 295.190565 	 294.948317 
5:37:08.130 PM 10/11/2022 	 108.544931 	 294.980785 	 108.849578 	 295.785824 	 295.106267 	 294.839928 	 295.183077 	 294.936582 
5:37:15.335 PM 10/11/2022 	 108.544455 	 294.979559 	 108.850293 	 295.787664 	 295.119447 	 294.840384 	 295.182119 	 294.942695 
5:37:22.550 PM 10/11/2022 	 108.544455 	 294.979559 	 108.850769 	 295.788890 	 295.121675 	 294.855816 	 295.188587 	 294.942095 
5:37:29.733 PM 10/11/2022 	 108.544872 	 294.980631 	 108.851067 	 295.789656 	 295.082944 	 294.820836 	 295.142794 	 294.932108 
5:37:36.935 PM 10/11/2022 	 108.544931 	 294.980785 	 108.851246 	 295.790116 	 295.103998 	 294.841430 	 295.173740 	 294.931483 
5:37:44.130 PM 10/11/2022 	 108.544633 	 294.980019 	 108.851663 	 295.791189 	 295.137139 	 294.853843 	 295.186145 	 294.954737 
5:37:51.339 PM 10/11/2022 	 108.544931 	 294.980785 	 108.852377 	 295.793029 	 295.130061 	 294.843932 	 295.189433 	 294.943413 
5:37:58.537 PM 10/11/2022 	 108.544633 	 294.980019 	 108.852497 	 295.793335 	 295.105392 	 294.823020 	 295.158642 	 294.936178 
5:38:05.730 PM 10/11/2022 	 108.544752 	 294.980325 	 108.852735 	 295.793949 	 295.126451 	 294.832775 	 295.184410 	 294.921887 
5:38:12.942 PM 10/11/2022 	 108.544752 	 294.980325 	 108.853390 	 295.795635 	 295.111300 	 294.816671 	 295.168790 	 294.902015 
5:38:20.147 PM 10/11/2022 	 108.544574 	 294.979865 	 108.853807 	 295.796708 	 295.120003 	 294.855087 	 295.204821 	 294.958809 
5:38:27.345 PM 10/11/2022 	 108.544752 	 294.980325 	 108.854224 	 295.797781 	 295.131954 	 294.828851 	 295.186615 	 294.939179 
5:38:34.553 PM 10/11/2022 	 108.544633 	 294.980019 	 108.854522 	 295.798547 	 295.122151 	 294.826586 	 295.166446 	 294.940686 
5:38:41.735 PM 10/11/2022 	 108.544693 	 294.980172 	 108.854641 	 295.798854 	 295.112819 	 294.821964 	 295.184444 	 294.894105 
5:38:48.958 PM 10/11/2022 	 108.544633 	 294.980019 	 108.855534 	 295.801153 	 295.149745 	 294.855141 	 295.191682 	 294.930577 
5:38:56.140 PM 10/11/2022 	 108.544872 	 294.980631 	 108.856190 	 295.802840 	 295.112601 	 294.817501 	 295.187996 	 294.917460 
5:39:03.343 PM 10/11/2022 	 108.544931 	 294.980785 	 108.856607 	 295.803913 	 295.157323 	 294.867438 	 295.200672 	 294.945701 
5:39:10.546 PM 10/11/2022 	 108.544693 	 294.980172 	 108.856368 	 295.803299 	 295.120317 	 294.838425 	 295.165554 	 294.914336 
5:39:17.708 PM 10/11/2022 	 108.545110 	 294.981244 	 108.856785 	 295.804372 	 295.135710 	 294.830723 	 295.192726 	 294.927379 
5:39:24.943 PM 10/11/2022 	 108.544991 	 294.980938 	 108.857321 	 295.805752 	 295.138775 	 294.833318 	 295.187309 	 294.921487 
5:39:32.147 PM 10/11/2022 	 108.545050 	 294.981091 	 108.857560 	 295.806365 	 295.119563 	 294.819281 	 295.183177 	 294.911224 
5:39:39.323 PM 10/11/2022 	 108.545110 	 294.981244 	 108.858096 	 295.807745 	 295.133158 	 294.837601 	 295.191588 	 294.921054 
5:39:46.555 PM 10/11/2022 	 108.544812 	 294.980478 	 108.858215 	 295.808052 	 295.174657 	 294.834332 	 295.209053 	 294.937115 
5:39:53.714 PM 10/11/2022 	 108.545169 	 294.981397 	 108.858215 	 295.808052 	 295.110843 	 294.818100 	 295.186709 	 294.912873 
5:40:00.960 PM 10/11/2022 	 108.544455 	 294.979559 	 108.858632 	 295.809125 	 295.128321 	 294.826630 	 295.194761 	 294.918101 
5:40:08.126 PM 10/11/2022 	 108.544931 	 294.980785 	 108.859227 	 295.810657 	 295.137547 	 294.842935 	 295.188908 	 294.888671 
5:40:15.308 PM 10/11/2022 	 108.544991 	 294.980938 	 108.859406 	 295.811117 	 295.123887 	 294.822665 	 295.174779 	 294.912722 
5:40:22.552 PM 10/11/2022 	 108.545229 	 294.981551 	 108.859347 	 295.810964 	 295.089373 	 294.813122 	 295.159589 	 294.915439 
5:40:29.708 PM 10/11/2022 	 108.545408 	 294.982010 	 108.860061 	 295.812804 	 295.127561 	 294.843788 	 295.194944 	 294.948455 
5:40:36.925 PM 10/11/2022 	 108.544991 	 294.980938 	 108.860597 	 295.814183 	 295.129591 	 294.834502 	 295.153623 	 294.900512 
5:40:44.123 PM 10/11/2022 	 108.545110 	 294.981244 	 108.860955 	 295.815103 	 295.100011 	 294.806790 	 295.153261 	 294.899207 
5:40:51.328 PM 10/11/2022 	 108.544931 	 294.980785 	 108.861193 	 295.815716 	 295.141061 	 294.839378 	 295.210326 	 294.962903 
5:40:58.538 PM 10/11/2022 	 108.544752 	 294.980325 	 108.861491 	 295.816483 	 295.131052 	 294.848696 	 295.165452 	 294.918476 
5:41:05.739 PM 10/11/2022 	 108.545467 	 294.982163 	 108.861729 	 295.817096 	 295.132636 	 294.827176 	 295.188710 	 294.919589 
5:41:12.944 PM 10/11/2022 	 108.545289 	 294.981704 	 108.861848 	 295.817402 	 295.125891 	 294.815240 	 295.187620 	 294.920384 
5:41:20.127 PM 10/11/2022 	 108.545169 	 294.981397 	 108.862265 	 295.818475 	 295.123894 	 294.822672 	 295.155938 	 294.921215 
5:41:27.347 PM 10/11/2022 	 108.545467 	 294.982163 	 108.862682 	 295.819548 	 295.150950 	 294.838900 	 295.199483 	 294.944983 
5:41:34.511 PM 10/11/2022 	 108.545229 	 294.981551 	 108.862920 	 295.820162 	 295.114973 	 294.824119 	 295.167750 	 294.915590 
5:41:41.750 PM 10/11/2022 	 108.545289 	 294.981704 	 108.863218 	 295.820928 	 295.160038 	 294.835263 	 295.210926 	 294.944646 
5:41:48.933 PM 10/11/2022 	 108.545586 	 294.982470 	 108.863635 	 295.822001 	 295.119631 	 294.842455 	 295.174764 	 294.912707 
5:41:56.145 PM 10/11/2022 	 108.545229 	 294.981551 	 108.863874 	 295.822614 	 295.124514 	 294.852055 	 295.203205 	 294.918535 
5:42:03.312 PM 10/11/2022 	 108.545408 	 294.982010 	 108.863635 	 295.822001 	 295.122568 	 294.828890 	 295.186653 	 294.925545 
5:42:10.552 PM 10/11/2022 	 108.545646 	 294.982623 	 108.864171 	 295.823381 	 295.114538 	 294.819440 	 295.180509 	 294.923169 
5:42:17.724 PM 10/11/2022 	 108.545527 	 294.982317 	 108.864827 	 295.825067 	 295.142152 	 294.818307 	 295.183618 	 294.934766 
5:42:24.938 PM 10/11/2022 	 108.545467 	 294.982163 	 108.864827 	 295.825067 	 295.131689 	 294.824813 	 295.181637 	 294.930899 
5:42:32.139 PM 10/11/2022 	 108.545527 	 294.982317 	 108.865184 	 295.825987 	 295.129810 	 294.813502 	 295.188240 	 294.937505 
5:42:39.319 PM 10/11/2022 	 108.546003 	 294.983542 	 108.865303 	 295.826293 	 295.152026 	 294.841863 	 295.190664 	 294.937102 
5:42:46.570 PM 10/11/2022 	 108.545765 	 294.982929 	 108.865899 	 295.827826 	 295.108028 	 294.817169 	 295.171644 	 294.911942 
5:42:53.763 PM 10/11/2022 	 108.545646 	 294.982623 	 108.866256 	 295.828746 	 295.118668 	 294.795279 	 295.154953 	 294.920701 
5:43:00.946 PM 10/11/2022 	 108.545884 	 294.983236 	 108.866435 	 295.829206 	 295.127157 	 294.860830 	 295.191713 	 294.915522 
5:43:08.156 PM 10/11/2022 	 108.545527 	 294.982317 	 108.866911 	 295.830432 	 295.157829 	 294.847198 	 295.221909 	 294.946679 
5:43:15.337 PM 10/11/2022 	 108.545705 	 294.982776 	 108.867388 	 295.831659 	 295.096840 	 294.808333 	 295.156217 	 294.913479 
5:43:22.554 PM 10/11/2022 	 108.545825 	 294.983083 	 108.867507 	 295.831965 	 295.125517 	 294.842685 	 295.185361 	 294.937453 
5:43:29.733 PM 10/11/2022 	 108.546003 	 294.983542 	 108.867209 	 295.831199 	 295.127152 	 294.843850 	 295.181813 	 294.920703 
5:43:36.968 PM 10/11/2022 	 108.546063 	 294.983695 	 108.867805 	 295.832732 	 295.136471 	 294.808851 	 295.179352 	 294.911640 
5:43:44.149 PM 10/11/2022 	 108.546003 	 294.983542 	 108.867924 	 295.833038 	 295.128554 	 294.840537 	 295.177089 	 294.909376 
5:43:51.337 PM 10/11/2022 	 108.545646 	 294.982623 	 108.868043 	 295.833345 	 295.125416 	 294.836455 	 295.167826 	 294.910008 
5:43:58.554 PM 10/11/2022 	 108.545765 	 294.982929 	 108.867864 	 295.832885 	 295.113539 	 294.809481 	 295.183280 	 294.919813 
5:44:05.754 PM 10/11/2022 	 108.546122 	 294.983849 	 108.867984 	 295.833192 	 295.104618 	 294.826489 	 295.165407 	 294.909474 
5:44:12.962 PM 10/11/2022 	 108.545765 	 294.982929 	 108.868043 	 295.833345 	 295.132326 	 294.836296 	 295.202535 	 294.916921 
5:44:20.158 PM 10/11/2022 	 108.545586 	 294.982470 	 108.868162 	 295.833651 	 295.086774 	 294.805335 	 295.175838 	 294.916139 
5:44:27.352 PM 10/11/2022 	 108.546003 	 294.983542 	 108.867269 	 295.831352 	 295.103593 	 294.808488 	 295.179461 	 294.906563 
5:44:34.574 PM 10/11/2022 	 108.546182 	 294.984002 	 108.867447 	 295.831812 	 295.138566 	 294.820378 	 295.189927 	 294.911849 
5:44:41.762 PM 10/11/2022 	 108.546122 	 294.983849 	 108.867567 	 295.832119 	 295.144914 	 294.818713 	 295.205226 	 294.927158 
5:44:48.965 PM 10/11/2022 	 108.546480 	 294.984768 	 108.867507 	 295.831965 	 295.124469 	 294.825605 	 295.201746 	 294.909532 
5:44:56.164 PM 10/11/2022 	 108.546361 	 294.984462 	 108.867030 	 295.830739 	 295.135545 	 294.842347 	 295.185493 	 294.920614 
5:45:03.362 PM 10/11/2022 	 108.546361 	 294.984462 	 108.866852 	 295.830279 	 295.126958 	 294.846485 	 295.199053 	 294.929466 
5:45:10.544 PM 10/11/2022 	 108.546122 	 294.983849 	 108.866673 	 295.829819 	 295.124875 	 294.839214 	 295.199326 	 294.952368 
5:45:17.757 PM 10/11/2022 	 108.546301 	 294.984308 	 108.866733 	 295.829972 	 295.092725 	 294.801857 	 295.172364 	 294.893804 
5:45:24.951 PM 10/11/2022 	 108.546361 	 294.984462 	 108.865839 	 295.827673 	 295.085602 	 294.833398 	 295.171839 	 294.910252 
5:45:32.162 PM 10/11/2022 	 108.546361 	 294.984462 	 108.865780 	 295.827520 	 295.139932 	 294.844850 	 295.181398 	 294.911330 
5:45:39.366 PM 10/11/2022 	 108.546182 	 294.984002 	 108.865541 	 295.826907 	 295.108889 	 294.839722 	 295.186640 	 294.939676 
5:45:46.577 PM 10/11/2022 	 108.546837 	 294.985687 	 108.865303 	 295.826293 	 295.119597 	 294.829689 	 295.149285 	 294.908430 
5:45:53.750 PM 10/11/2022 	 108.546241 	 294.984155 	 108.864946 	 295.825374 	 295.117377 	 294.836898 	 295.176279 	 294.901494 
5:46:00.959 PM 10/11/2022 	 108.546480 	 294.984768 	 108.864290 	 295.823687 	 295.108267 	 294.832498 	 295.161045 	 294.909824 
5:46:08.182 PM 10/11/2022 	 108.546420 	 294.984615 	 108.863874 	 295.822614 	 295.103562 	 294.808928 	 295.186968 	 294.918318 
5:46:15.381 PM 10/11/2022 	 108.546658 	 294.985228 	 108.863933 	 295.822768 	 295.106705 	 294.828577 	 295.167965 	 294.921933 
5:46:22.540 PM 10/11/2022 	 108.546718 	 294.985381 	 108.863635 	 295.822001 	 295.129143 	 294.835941 	 295.205478 	 294.926938 
5:46:29.762 PM 10/11/2022 	 108.546480 	 294.984768 	 108.863159 	 295.820775 	 295.101946 	 294.827117 	 295.192892 	 294.921888 
5:46:36.955 PM 10/11/2022 	 108.546361 	 294.984462 	 108.863397 	 295.821388 	 295.120487 	 294.839067 	 295.201535 	 294.943264 
5:46:44.169 PM 10/11/2022 	 108.546480 	 294.984768 	 108.863278 	 295.821081 	 295.108216 	 294.846593 	 295.168062 	 294.918260 
5:46:51.360 PM 10/11/2022 	 108.546241 	 294.984155 	 108.862444 	 295.818935 	 295.104213 	 294.810052 	 295.160290 	 294.920384 
5:46:58.560 PM 10/11/2022 	 108.546658 	 294.985228 	 108.862504 	 295.819089 	 295.144816 	 294.820502 	 295.196648 	 294.922817 
5:47:05.806 PM 10/11/2022 	 108.547075 	 294.986300 	 108.861908 	 295.817556 	 295.074211 	 294.805497 	 295.159979 	 294.888013 
5:47:12.975 PM 10/11/2022 	 108.546599 	 294.985074 	 108.860955 	 295.815103 	 295.104843 	 294.825772 	 295.185423 	 294.905928 
5:47:20.164 PM 10/11/2022 	 108.546361 	 294.984462 	 108.860478 	 295.813877 	 295.132235 	 294.841392 	 295.184539 	 294.921545 
5:47:27.398 PM 10/11/2022 	 108.546718 	 294.985381 	 108.860300 	 295.813417 	 295.102699 	 294.829756 	 295.173383 	 294.915097 
5:47:34.602 PM 10/11/2022 	 108.546778 	 294.985534 	 108.859883 	 295.812344 	 295.127048 	 294.846576 	 295.177469 	 294.930028 
5:47:41.804 PM 10/11/2022 	 108.546420 	 294.984615 	 108.858691 	 295.809278 	 295.101154 	 294.813592 	 295.164771 	 294.914495 
5:47:48.960 PM 10/11/2022 	 108.547016 	 294.986147 	 108.858274 	 295.808205 	 295.118041 	 294.829547 	 295.190137 	 294.933274 
5:47:56.194 PM 10/11/2022 	 108.547611 	 294.987679 	 108.857619 	 295.806519 	 295.122752 	 294.811627 	 295.202857 	 294.937044 
5:48:03.404 PM 10/11/2022 	 108.546718 	 294.985381 	 108.856547 	 295.803759 	 295.122854 	 294.846622 	 295.173746 	 294.932903 
5:48:10.584 PM 10/11/2022 	 108.546837 	 294.985687 	 108.856309 	 295.803146 	 295.107644 	 294.808769 	 295.192935 	 294.920988 
5:48:17.813 PM 10/11/2022 	 108.546658 	 294.985228 	 108.855177 	 295.800234 	 295.115723 	 294.835715 	 295.180751 	 294.906440 
5:48:24.979 PM 10/11/2022 	 108.546897 	 294.985840 	 108.855475 	 295.801000 	 295.116844 	 294.788738 	 295.198835 	 294.921234 
5:48:32.216 PM 10/11/2022 	 108.546599 	 294.985074 	 108.854224 	 295.797781 	 295.115481 	 294.837359 	 295.184750 	 294.934956 
5:48:39.423 PM 10/11/2022 	 108.546956 	 294.985994 	 108.853330 	 295.795482 	 295.099534 	 294.805841 	 295.178229 	 294.913817 
5:48:46.619 PM 10/11/2022 	 108.547016 	 294.986147 	 108.852080 	 295.792262 	 295.129136 	 294.834048 	 295.181912 	 294.918916 
5:48:53.791 PM 10/11/2022 	 108.547075 	 294.986300 	 108.851782 	 295.791496 	 295.128167 	 294.818932 	 295.180001 	 294.925962 
5:49:01.018 PM 10/11/2022 	 108.546897 	 294.985840 	 108.851127 	 295.789810 	 295.102547 	 294.819231 	 295.180300 	 294.911174 
5:49:08.213 PM 10/11/2022 	 108.547135 	 294.986453 	 108.850769 	 295.788890 	 295.116924 	 294.831730 	 295.212579 	 294.915185 
5:49:15.386 PM 10/11/2022 	 108.547075 	 294.986300 	 108.850352 	 295.787817 	 295.104679 	 294.818535 	 295.179604 	 294.915193 
5:49:22.583 PM 10/11/2022 	 108.546897 	 294.985840 	 108.850114 	 295.787204 	 295.156806 	 294.834387 	 295.212877 	 294.936699 
5:49:29.831 PM 10/11/2022 	 108.546897 	 294.985840 	 108.849518 	 295.785671 	 295.113409 	 294.824912 	 295.208122 	 294.915912 
5:49:37.021 PM 10/11/2022 	 108.547314 	 294.986913 	 108.849637 	 295.785977 	 295.103504 	 294.815001 	 295.215180 	 294.902230 
5:49:44.214 PM 10/11/2022 	 108.547135 	 294.986453 	 108.849518 	 295.785671 	 295.119466 	 294.851720 	 295.181667 	 294.916314 
5:49:51.423 PM 10/11/2022 	 108.546897 	 294.985840 	 108.849935 	 295.786744 	 295.121728 	 294.795040 	 295.182043 	 294.924234 
5:49:58.609 PM 10/11/2022 	 108.546956 	 294.985994 	 108.849399 	 295.785364 	 295.139360 	 294.845221 	 295.210511 	 294.910758 
5:50:05.830 PM 10/11/2022 	 108.546897 	 294.985840 	 108.850173 	 295.787357 	 295.139900 	 294.841046 	 295.191732 	 294.917427 
5:50:13.003 PM 10/11/2022 	 108.547075 	 294.986300 	 108.850293 	 295.787664 	 295.164549 	 294.833647 	 295.209311 	 294.937845 
5:50:20.204 PM 10/11/2022 	 108.547254 	 294.986760 	 108.850173 	 295.787357 	 295.135247 	 294.793950 	 295.174358 	 294.919373 
5:50:27.427 PM 10/11/2022 	 108.546837 	 294.985687 	 108.850650 	 295.788583 	 295.118112 	 294.834804 	 295.189736 	 294.918730 
5:50:38.253 PM 10/11/2022 	 108.547433 	 294.987219 	 108.851067 	 295.789656 	 295.139600 	 294.859135 	 295.206510 	 294.919485 
5:50:45.413 PM 10/11/2022 	 108.547492 	 294.987372 	 108.851067 	 295.789656 	 295.139224 	 294.816792 	 295.201893 	 294.917222 
5:50:52.631 PM 10/11/2022 	 108.547075 	 294.986300 	 108.851127 	 295.789810 	 295.111541 	 294.815969 	 295.198715 	 294.917343 
5:50:59.814 PM 10/11/2022 	 108.547016 	 294.986147 	 108.851901 	 295.791803 	 295.116940 	 294.812884 	 295.170188 	 294.906243 
5:51:07.013 PM 10/11/2022 	 108.547075 	 294.986300 	 108.851722 	 295.791343 	 295.148239 	 294.832415 	 295.188762 	 294.904555 
5:51:14.239 PM 10/11/2022 	 108.547909 	 294.988445 	 108.851841 	 295.791649 	 295.133829 	 294.805263 	 295.179065 	 294.908053 
5:51:21.429 PM 10/11/2022 	 108.549279 	 294.991969 	 108.852497 	 295.793335 	 295.141918 	 294.856268 	 295.208828 	 294.927461 
5:51:28.625 PM 10/11/2022 	 108.550411 	 294.994880 	 108.852497 	 295.793335 	 295.121116 	 294.800087 	 295.167767 	 294.886376 
5:51:35.827 PM 10/11/2022 	 108.552436 	 295.000089 	 108.852735 	 295.793949 	 295.142049 	 294.838009 	 295.206131 	 294.902133 
5:51:43.027 PM 10/11/2022 	 108.554520 	 295.005451 	 108.853330 	 295.795482 	 295.147208 	 294.831855 	 295.206579 	 294.941711 
5:51:50.207 PM 10/11/2022 	 108.556724 	 295.011120 	 108.853747 	 295.796555 	 295.144674 	 294.834035 	 295.250688 	 294.916075 
5:51:57.434 PM 10/11/2022 	 108.558987 	 295.016941 	 108.853807 	 295.796708 	 295.164056 	 294.850128 	 295.216357 	 294.943009 
5:52:04.623 PM 10/11/2022 	 108.561489 	 295.023376 	 108.854700 	 295.799007 	 295.130687 	 294.806834 	 295.211733 	 294.905381 
5:52:11.791 PM 10/11/2022 	 108.564348 	 295.030730 	 108.854700 	 295.799007 	 295.122027 	 294.813258 	 295.239824 	 294.908975 
5:52:19.032 PM 10/11/2022 	 108.567087 	 295.037778 	 108.855356 	 295.800693 	 295.129466 	 294.811743 	 295.210512 	 294.918303 
5:52:26.231 PM 10/11/2022 	 108.568815 	 295.042221 	 108.856070 	 295.802533 	 295.133873 	 294.841144 	 295.250253 	 294.915169 
5:52:33.422 PM 10/11/2022 	 108.570006 	 295.045285 	 108.856428 	 295.803453 	 295.178435 	 294.857916 	 295.242041 	 294.933352 
5:52:40.643 PM 10/11/2022 	 108.571852 	 295.050035 	 108.857083 	 295.805139 	 295.173598 	 294.839873 	 295.252752 	 294.940769 
5:52:47.843 PM 10/11/2022 	 108.572150 	 295.050801 	 108.857321 	 295.805752 	 295.140967 	 294.831739 	 295.231905 	 294.942538 
5:52:55.030 PM 10/11/2022 	 108.572627 	 295.052026 	 108.858155 	 295.807898 	 295.128597 	 294.813703 	 295.192210 	 294.897633 
5:53:02.238 PM 10/11/2022 	 108.572150 	 295.050801 	 108.858870 	 295.809738 	 295.120760 	 294.828024 	 295.225837 	 294.915251 
5:53:09.435 PM 10/11/2022 	 108.572567 	 295.051873 	 108.859466 	 295.811271 	 295.151248 	 294.814678 	 295.225223 	 294.920766 
5:53:16.634 PM 10/11/2022 	 108.572984 	 295.052946 	 108.860240 	 295.813263 	 295.171410 	 294.844286 	 295.251978 	 294.932453 
5:53:23.842 PM 10/11/2022 	 108.574592 	 295.057082 	 108.860955 	 295.815103 	 295.138703 	 294.846921 	 295.239535 	 294.960072 
5:53:34.661 PM 10/11/2022 	 108.576081 	 295.060913 	 108.861789 	 295.817249 	 295.156487 	 294.836425 	 295.249778 	 294.959950 
5:53:41.829 PM 10/11/2022 	 108.578344 	 295.066734 	 108.862623 	 295.819395 	 295.145584 	 294.839660 	 295.246886 	 294.934428 
5:53:49.033 PM 10/11/2022 	 108.579655 	 295.070105 	 108.862682 	 295.819548 	 295.156710 	 294.844664 	 295.246703 	 294.927645 
5:53:56.257 PM 10/11/2022 	 108.580786 	 295.073016 	 108.863576 	 295.821848 	 295.178236 	 294.834612 	 295.263984 	 294.977937 
5:54:03.446 PM 10/11/2022 	 108.581263 	 295.074242 	 108.863993 	 295.822921 	 295.158484 	 294.829935 	 295.240467 	 294.945448 
5:54:10.666 PM 10/11/2022 	 108.581680 	 295.075314 	 108.864946 	 295.825374 	 295.168358 	 294.845947 	 295.264945 	 294.958627 
5:54:17.843 PM 10/11/2022 	 108.581382 	 295.074548 	 108.865601 	 295.827060 	 295.172844 	 294.840062 	 295.267074 	 294.960287 
5:54:25.030 PM 10/11/2022 	 108.581382 	 295.074548 	 108.865958 	 295.827980 	 295.141183 	 294.847045 	 295.251438 	 294.957840 
5:54:35.863 PM 10/11/2022 	 108.580250 	 295.071637 	 108.867209 	 295.831199 	 295.174365 	 294.861859 	 295.268594 	 294.968407 
5:54:43.010 PM 10/11/2022 	 108.580012 	 295.071024 	 108.867984 	 295.833192 	 295.135919 	 294.820558 	 295.260308 	 294.948802 
5:54:50.254 PM 10/11/2022 	 108.579536 	 295.069799 	 108.868698 	 295.835031 	 295.180355 	 294.836262 	 295.260451 	 294.981472 
5:54:57.430 PM 10/11/2022 	 108.578880 	 295.068113 	 108.869234 	 295.836411 	 295.120867 	 294.829545 	 295.248087 	 294.947415 
5:55:08.256 PM 10/11/2022 	 108.578225 	 295.066428 	 108.870187 	 295.838863 	 295.143931 	 294.828575 	 295.243820 	 294.962474 
5:55:15.446 PM 10/11/2022 	 108.577213 	 295.063823 	 108.870962 	 295.840856 	 295.153575 	 294.848129 	 295.255818 	 294.974951 
5:55:22.666 PM 10/11/2022 	 108.576558 	 295.062138 	 108.871081 	 295.841163 	 295.151918 	 294.835625 	 295.244268 	 294.978007 
5:55:33.454 PM 10/11/2022 	 108.575605 	 295.059687 	 108.872332 	 295.844382 	 295.170972 	 294.857050 	 295.253425 	 294.986698 
5:55:44.276 PM 10/11/2022 	 108.574890 	 295.057848 	 108.872630 	 295.845149 	 295.148321 	 294.842399 	 295.250094 	 294.988550 
5:55:51.416 PM 10/11/2022 	 108.574830 	 295.057695 	 108.873404 	 295.847141 	 295.117157 	 294.828191 	 295.271231 	 294.964447 
5:56:02.261 PM 10/11/2022 	 108.573818 	 295.055091 	 108.874119 	 295.848981 	 295.157418 	 294.851031 	 295.259189 	 294.980681 
5:56:13.090 PM 10/11/2022 	 108.572746 	 295.052333 	 108.875370 	 295.852200 	 295.139738 	 294.844655 	 295.234916 	 294.953565 
5:56:23.866 PM 10/11/2022 	 108.572627 	 295.052026 	 108.875429 	 295.852353 	 295.149027 	 294.867153 	 295.270115 	 294.996327 
5:56:34.668 PM 10/11/2022 	 108.571674 	 295.049575 	 108.875965 	 295.853733 	 295.159800 	 294.856244 	 295.272877 	 294.997676 
5:56:45.473 PM 10/11/2022 	 108.571078 	 295.048043 	 108.876442 	 295.854959 	 295.128293 	 294.822830 	 295.241848 	 294.975115 
5:56:56.237 PM 10/11/2022 	 108.571018 	 295.047890 	 108.877097 	 295.856646 	 295.149015 	 294.839793 	 295.269632 	 294.979345 
5:57:07.090 PM 10/11/2022 	 108.570482 	 295.046511 	 108.877157 	 295.856799 	 295.178605 	 294.840640 	 295.263882 	 294.959450 
5:57:17.886 PM 10/11/2022 	 108.570125 	 295.045592 	 108.877931 	 295.858792 	 295.169615 	 294.841546 	 295.253010 	 294.972612 
5:57:28.688 PM 10/11/2022 	 108.569887 	 295.044979 	 108.878527 	 295.860325 	 295.170992 	 294.842452 	 295.248733 	 294.986717 
5:57:39.492 PM 10/11/2022 	 108.569887 	 295.044979 	 108.878765 	 295.860938 	 295.125299 	 294.848597 	 295.260055 	 294.981076 
5:57:50.267 PM 10/11/2022 	 108.569529 	 295.044059 	 108.879003 	 295.861551 	 295.142544 	 294.842748 	 295.257038 	 294.969100 
5:58:01.053 PM 10/11/2022 	 108.570602 	 295.046817 	 108.879361 	 295.862471 	 295.131832 	 294.854191 	 295.259049 	 295.000338 
5:58:11.904 PM 10/11/2022 	 108.572984 	 295.052946 	 108.880016 	 295.864157 	 295.145462 	 294.853684 	 295.248178 	 294.991347 
5:58:22.684 PM 10/11/2022 	 108.576438 	 295.061832 	 108.880492 	 295.865383 	 295.132576 	 294.853992 	 295.264032 	 294.996840 
5:58:33.470 PM 10/11/2022 	 108.580667 	 295.072710 	 108.880909 	 295.866457 	 295.175344 	 294.877927 	 295.283707 	 294.984472 
5:58:44.282 PM 10/11/2022 	 108.584836 	 295.083434 	 108.881028 	 295.866763 	 295.190834 	 294.867966 	 295.292126 	 294.984884 
5:58:55.082 PM 10/11/2022 	 108.589244 	 295.094772 	 108.881267 	 295.867376 	 295.156300 	 294.865000 	 295.299527 	 295.006902 
5:59:05.890 PM 10/11/2022 	 108.593830 	 295.106569 	 108.881684 	 295.868449 	 295.130614 	 294.880792 	 295.299288 	 295.008077 
5:59:16.702 PM 10/11/2022 	 108.596153 	 295.112545 	 108.882160 	 295.869676 	 295.138070 	 294.874578 	 295.287427 	 294.998565 
5:59:27.494 PM 10/11/2022 	 108.598476 	 295.118520 	 108.881624 	 295.868296 	 295.154718 	 294.856816 	 295.304540 	 294.993535 
5:59:38.289 PM 10/11/2022 	 108.598773 	 295.119286 	 108.882577 	 295.870749 	 295.157384 	 294.872215 	 295.301082 	 294.973576 
5:59:49.097 PM 10/11/2022 	 108.598178 	 295.117754 	 108.882756 	 295.871209 	 295.137329 	 294.876194 	 295.288099 	 295.011965 
5:59:59.902 PM 10/11/2022 	 108.597523 	 295.116069 	 108.882279 	 295.869982 	 295.164635 	 294.875227 	 295.327644 	 295.001099 
6:00:10.717 PM 10/11/2022 	 108.596153 	 295.112545 	 108.882101 	 295.869522 	 295.140714 	 294.879581 	 295.310326 	 295.021007 
6:00:21.512 PM 10/11/2022 	 108.595498 	 295.110859 	 108.883411 	 295.872895 	 295.107658 	 294.831417 	 295.265504 	 294.990770 
6:00:32.280 PM 10/11/2022 	 108.594366 	 295.107948 	 108.883232 	 295.872435 	 295.183843 	 294.886903 	 295.342606 	 295.020785 
6:00:43.100 PM 10/11/2022 	 108.593592 	 295.105957 	 108.883530 	 295.873202 	 295.135265 	 294.877430 	 295.309119 	 295.020742 
6:00:53.884 PM 10/11/2022 	 108.594664 	 295.108714 	 108.883471 	 295.873048 	 295.122809 	 294.829131 	 295.289130 	 295.032321 
6:01:04.711 PM 10/11/2022 	 108.597820 	 295.116835 	 108.884424 	 295.875501 	 295.144779 	 294.883177 	 295.324753 	 295.022717 
6:01:15.496 PM 10/11/2022 	 108.600918 	 295.124802 	 108.884066 	 295.874581 	 295.147191 	 294.877103 	 295.330931 	 295.039740 
6:01:26.295 PM 10/11/2022 	 108.605146 	 295.135680 	 108.883828 	 295.873968 	 295.158762 	 294.873593 	 295.318004 	 295.000880 
6:01:37.118 PM 10/11/2022 	 108.609018 	 295.145639 	 108.884245 	 295.875041 	 295.150149 	 294.895622 	 295.317873 	 295.039400 
6:01:47.907 PM 10/11/2022 	 108.612949 	 295.155751 	 108.884245 	 295.875041 	 295.160690 	 294.907583 	 295.360911 	 295.058898 
6:01:58.706 PM 10/11/2022 	 108.615450 	 295.162186 	 108.884483 	 295.875654 	 295.141581 	 294.896479 	 295.326737 	 295.044499 
6:02:09.495 PM 10/11/2022 	 108.616105 	 295.163871 	 108.884960 	 295.876881 	 295.131421 	 294.897629 	 295.339662 	 295.022552 
6:02:20.312 PM 10/11/2022 	 108.615688 	 295.162799 	 108.884960 	 295.876881 	 295.139555 	 294.896338 	 295.360510 	 295.056140 
6:02:31.093 PM 10/11/2022 	 108.614616 	 295.160041 	 108.885198 	 295.877494 	 295.157953 	 294.895887 	 295.348755 	 295.042964 
6:02:41.920 PM 10/11/2022 	 108.613663 	 295.157590 	 108.885913 	 295.879333 	 295.152191 	 294.872676 	 295.353828 	 295.046626 
6:02:52.724 PM 10/11/2022 	 108.612174 	 295.153759 	 108.885913 	 295.879333 	 295.168705 	 294.896743 	 295.348669 	 295.056074 
6:03:03.515 PM 10/11/2022 	 108.610685 	 295.149929 	 108.886628 	 295.881173 	 295.128668 	 294.881673 	 295.306763 	 295.034882 
6:03:14.316 PM 10/11/2022 	 108.608958 	 295.145486 	 108.886211 	 295.880100 	 295.155390 	 294.872105 	 295.324054 	 295.037572 
6:03:25.108 PM 10/11/2022 	 108.608065 	 295.143187 	 108.886747 	 295.881480 	 295.163734 	 294.877154 	 295.353121 	 295.027065 
6:03:35.911 PM 10/11/2022 	 108.606397 	 295.138897 	 108.887044 	 295.882246 	 295.167000 	 294.897866 	 295.339428 	 295.061438 
6:03:46.683 PM 10/11/2022 	 108.605623 	 295.136906 	 108.887402 	 295.883166 	 295.145612 	 294.900512 	 295.343014 	 295.047116 
6:03:57.535 PM 10/11/2022 	 108.604551 	 295.134148 	 108.887581 	 295.883626 	 295.174770 	 294.920727 	 295.359913 	 295.076280 
6:04:08.334 PM 10/11/2022 	 108.604134 	 295.133075 	 108.887878 	 295.884392 	 295.144405 	 294.899304 	 295.338038 	 295.060048 
6:04:19.106 PM 10/11/2022 	 108.604789 	 295.134761 	 108.887640 	 295.883779 	 295.124427 	 294.897232 	 295.340678 	 295.059862 
6:04:29.924 PM 10/11/2022 	 108.606874 	 295.140123 	 108.887998 	 295.884699 	 295.130973 	 294.910382 	 295.325554 	 295.031060 
6:04:40.712 PM 10/11/2022 	 108.609911 	 295.147937 	 108.888712 	 295.886538 	 295.134252 	 294.888203 	 295.318469 	 295.039996 
6:04:51.529 PM 10/11/2022 	 108.613544 	 295.157283 	 108.888951 	 295.887152 	 295.176668 	 294.906126 	 295.371702 	 295.074409 
6:05:02.286 PM 10/11/2022 	 108.615748 	 295.162952 	 108.889427 	 295.888378 	 295.169240 	 294.902937 	 295.369929 	 295.064151 
6:05:13.085 PM 10/11/2022 	 108.617177 	 295.166629 	 108.889844 	 295.889451 	 295.156836 	 294.924943 	 295.377783 	 295.080494 
6:05:23.898 PM 10/11/2022 	 108.619202 	 295.171839 	 108.890142 	 295.890217 	 295.173725 	 294.906010 	 295.383831 	 295.071936 
6:05:34.741 PM 10/11/2022 	 108.622002 	 295.179040 	 108.890499 	 295.891137 	 295.158158 	 294.927680 	 295.396060 	 295.095483 
6:05:45.517 PM 10/11/2022 	 108.624503 	 295.185475 	 108.891274 	 295.893130 	 295.164397 	 294.920721 	 295.385811 	 295.086170 
6:05:56.311 PM 10/11/2022 	 108.625873 	 295.188999 	 108.892048 	 295.895123 	 295.202023 	 294.943281 	 295.421536 	 295.102596 
6:06:07.138 PM 10/11/2022 	 108.626231 	 295.189918 	 108.891869 	 295.894663 	 295.176792 	 294.923222 	 295.382187 	 295.099510 
6:06:17.940 PM 10/11/2022 	 108.625754 	 295.188692 	 108.893180 	 295.898036 	 295.184968 	 294.962988 	 295.400721 	 295.109573 
6:06:28.720 PM 10/11/2022 	 108.625039 	 295.186854 	 108.893835 	 295.899722 	 295.189769 	 294.925834 	 295.412113 	 295.102592 
6:06:39.521 PM 10/11/2022 	 108.623253 	 295.182257 	 108.894133 	 295.900488 	 295.157868 	 294.919375 	 295.400951 	 295.099906 
6:06:50.324 PM 10/11/2022 	 108.622061 	 295.179193 	 108.895026 	 295.902788 	 295.182279 	 294.948984 	 295.407452 	 295.117251 
6:07:01.158 PM 10/11/2022 	 108.621406 	 295.177508 	 108.896218 	 295.905854 	 295.191135 	 294.951716 	 295.411595 	 295.111971 
6:07:11.951 PM 10/11/2022 	 108.621585 	 295.177967 	 108.896754 	 295.907233 	 295.168189 	 294.945730 	 295.427750 	 295.104102 
6:07:22.726 PM 10/11/2022 	 108.623014 	 295.181644 	 108.897647 	 295.909533 	 295.170321 	 294.908733 	 295.422345 	 295.096337 
6:07:33.519 PM 10/11/2022 	 108.625516 	 295.188079 	 108.897826 	 295.909993 	 295.165804 	 294.912700 	 295.405114 	 295.104072 
6:07:44.376 PM 10/11/2022 	 108.629030 	 295.197119 	 108.898660 	 295.912139 	 295.184035 	 294.938483 	 295.403556 	 295.098271 
6:07:55.127 PM 10/11/2022 	 108.632961 	 295.207232 	 108.899434 	 295.914132 	 295.162318 	 294.939856 	 295.387030 	 295.078436 
6:08:05.963 PM 10/11/2022 	 108.636534 	 295.216425 	 108.900030 	 295.915665 	 295.183745 	 294.960821 	 295.416923 	 295.119188 
6:08:16.707 PM 10/11/2022 	 108.639810 	 295.224852 	 108.900864 	 295.917811 	 295.173545 	 294.958160 	 295.398723 	 295.096734 
6:08:27.565 PM 10/11/2022 	 108.641240 	 295.228529 	 108.901400 	 295.919191 	 295.197172 	 294.980383 	 295.430816 	 295.115181 
6:08:38.358 PM 10/11/2022 	 108.641001 	 295.227916 	 108.902234 	 295.921337 	 295.163964 	 294.958002 	 295.437184 	 295.140875 
6:08:49.125 PM 10/11/2022 	 108.640406 	 295.226384 	 108.902651 	 295.922410 	 295.197829 	 294.971612 	 295.422995 	 295.129033 
6:08:59.938 PM 10/11/2022 	 108.639393 	 295.223779 	 108.903425 	 295.924403 	 295.201741 	 294.976469 	 295.456103 	 295.164989 
6:09:10.770 PM 10/11/2022 	 108.638321 	 295.221021 	 108.904140 	 295.926242 	 295.163511 	 294.949064 	 295.442382 	 295.120630 
6:09:21.564 PM 10/11/2022 	 108.636951 	 295.217497 	 108.904974 	 295.928389 	 295.186117 	 294.970737 	 295.425888 	 295.149835 
6:09:32.369 PM 10/11/2022 	 108.635641 	 295.214126 	 108.905569 	 295.929921 	 295.182159 	 294.963477 	 295.437944 	 295.156714 
6:09:43.179 PM 10/11/2022 	 108.634450 	 295.211062 	 108.905510 	 295.929768 	 295.223455 	 294.983581 	 295.442958 	 295.181050 
6:09:53.985 PM 10/11/2022 	 108.633676 	 295.209070 	 108.906522 	 295.932374 	 295.198396 	 295.004233 	 295.452759 	 295.169182 
6:10:04.732 PM 10/11/2022 	 108.632425 	 295.205853 	 108.906880 	 295.933294 	 295.176657 	 294.963629 	 295.424910 	 295.148855 
6:10:15.586 PM 10/11/2022 	 108.632008 	 295.204780 	 108.907714 	 295.935440 	 295.167647 	 294.967343 	 295.443690 	 295.142201 
6:10:26.349 PM 10/11/2022 	 108.631531 	 295.203554 	 108.908190 	 295.936667 	 295.193765 	 295.001015 	 295.459433 	 295.173504 
6:10:37.171 PM 10/11/2022 	 108.630459 	 295.200796 	 108.909203 	 295.939273 	 295.196480 	 294.977805 	 295.413170 	 295.147476 
6:10:47.946 PM 10/11/2022 	 108.630281 	 295.200337 	 108.909679 	 295.940499 	 295.201003 	 294.990343 	 295.474672 	 295.192050 
6:10:58.789 PM 10/11/2022 	 108.629804 	 295.199111 	 108.910275 	 295.942032 	 295.184063 	 294.946997 	 295.424306 	 295.122333 
6:11:09.591 PM 10/11/2022 	 108.629328 	 295.197885 	 108.910573 	 295.942799 	 295.206783 	 294.995655 	 295.446544 	 295.164377 
6:11:20.374 PM 10/11/2022 	 108.629268 	 295.197732 	 108.910990 	 295.943872 	 295.171890 	 294.991859 	 295.447460 	 295.166707 
6:11:31.175 PM 10/11/2022 	 108.629209 	 295.197579 	 108.911585 	 295.945405 	 295.207808 	 295.014592 	 295.445213 	 295.179537 
6:11:41.967 PM 10/11/2022 	 108.629268 	 295.197732 	 108.912717 	 295.948317 	 295.185823 	 295.007211 	 295.444432 	 295.175457 
6:11:52.802 PM 10/11/2022 	 108.628911 	 295.196813 	 108.912658 	 295.948164 	 295.195095 	 295.026856 	 295.461233 	 295.183315 
6:12:03.584 PM 10/11/2022 	 108.629089 	 295.197272 	 108.913492 	 295.950310 	 295.165444 	 294.976453 	 295.424535 	 295.173454 
6:12:14.413 PM 10/11/2022 	 108.629209 	 295.197579 	 108.914147 	 295.951997 	 295.154874 	 294.982849 	 295.429041 	 295.168539 
6:12:25.188 PM 10/11/2022 	 108.629030 	 295.197119 	 108.914385 	 295.952610 	 295.195301 	 295.010093 	 295.460497 	 295.191060 
6:12:35.997 PM 10/11/2022 	 108.629268 	 295.197732 	 108.913908 	 295.951383 	 295.188687 	 295.001120 	 295.437875 	 295.191985 
6:12:46.802 PM 10/11/2022 	 108.629506 	 295.198345 	 108.914087 	 295.951843 	 295.174114 	 294.998326 	 295.445445 	 295.176470 
6:12:57.539 PM 10/11/2022 	 108.629625 	 295.198651 	 108.913849 	 295.951230 	 295.177132 	 295.007473 	 295.436688 	 295.172892 
6:13:08.409 PM 10/11/2022 	 108.629923 	 295.199417 	 108.914087 	 295.951843 	 295.183735 	 295.008893 	 295.455060 	 295.181851 
6:13:19.202 PM 10/11/2022 	 108.630698 	 295.201409 	 108.913611 	 295.950617 	 295.188427 	 295.011230 	 295.463987 	 295.183716 
6:13:30.018 PM 10/11/2022 	 108.633378 	 295.208304 	 108.913611 	 295.950617 	 295.170078 	 294.997588 	 295.442823 	 295.188455 
6:13:40.816 PM 10/11/2022 	 108.637011 	 295.217650 	 108.913432 	 295.950157 	 295.157623 	 295.011996 	 295.443561 	 295.166105 
6:13:51.615 PM 10/11/2022 	 108.641240 	 295.228529 	 108.913075 	 295.949237 	 295.139568 	 295.013732 	 295.431168 	 295.156532 
6:14:02.403 PM 10/11/2022 	 108.645588 	 295.239714 	 108.912836 	 295.948624 	 295.176139 	 295.014021 	 295.455945 	 295.179438 
6:14:13.198 PM 10/11/2022 	 108.650114 	 295.251358 	 108.912241 	 295.947091 	 295.154706 	 295.003893 	 295.474081 	 295.153764 
6:14:24.016 PM 10/11/2022 	 108.653092 	 295.259019 	 108.912122 	 295.946784 	 295.165472 	 295.019847 	 295.477305 	 295.178665 
6:14:34.781 PM 10/11/2022 	 108.654998 	 295.263922 	 108.911407 	 295.944945 	 295.157384 	 295.012700 	 295.472519 	 295.178588 
6:14:45.626 PM 10/11/2022 	 108.655415 	 295.264995 	 108.910454 	 295.942492 	 295.161764 	 295.023680 	 295.470303 	 295.185324 
6:14:56.432 PM 10/11/2022 	 108.655594 	 295.265455 	 108.910037 	 295.941419 	 295.159883 	 295.017557 	 295.479255 	 295.164124 
6:15:07.231 PM 10/11/2022 	 108.654462 	 295.262543 	 108.909084 	 295.938966 	 295.174287 	 295.059773 	 295.504949 	 295.220933 
6:15:18.024 PM 10/11/2022 	 108.653688 	 295.260552 	 108.908190 	 295.936667 	 295.154426 	 295.036136 	 295.492636 	 295.199189 
6:15:28.817 PM 10/11/2022 	 108.652854 	 295.258406 	 108.908250 	 295.936820 	 295.158123 	 295.029936 	 295.466665 	 295.184039 
6:15:39.601 PM 10/11/2022 	 108.652377 	 295.257181 	 108.907952 	 295.936053 	 295.179205 	 295.027457 	 295.467955 	 295.203706 
6:15:50.403 PM 10/11/2022 	 108.651127 	 295.253963 	 108.907118 	 295.933907 	 295.131256 	 295.013431 	 295.483139 	 295.195340 
6:16:01.216 PM 10/11/2022 	 108.650531 	 295.252431 	 108.906522 	 295.932374 	 295.180559 	 295.027870 	 295.480611 	 295.198935 
6:16:12.015 PM 10/11/2022 	 108.649876 	 295.250746 	 108.906105 	 295.931301 	 295.170910 	 295.034714 	 295.470026 	 295.185046 
6:16:22.801 PM 10/11/2022 	 108.649280 	 295.249213 	 108.905927 	 295.930841 	 295.175265 	 295.038127 	 295.499805 	 295.229920 
6:16:33.643 PM 10/11/2022 	 108.648863 	 295.248141 	 108.905093 	 295.928695 	 295.177578 	 295.066364 	 295.507297 	 295.215743 
6:16:44.431 PM 10/11/2022 	 108.648327 	 295.246762 	 108.904259 	 295.926549 	 295.165259 	 295.057812 	 295.470971 	 295.197300 
6:16:55.238 PM 10/11/2022 	 108.649042 	 295.248600 	 108.904318 	 295.926702 	 295.149565 	 295.034102 	 295.466118 	 295.176895 
6:17:06.003 PM 10/11/2022 	 108.650352 	 295.251971 	 108.903365 	 295.924249 	 295.157166 	 295.030864 	 295.480306 	 295.191092 
6:17:16.836 PM 10/11/2022 	 108.652675 	 295.257947 	 108.903068 	 295.923483 	 295.183512 	 295.061459 	 295.488741 	 295.233926 
6:17:27.593 PM 10/11/2022 	 108.654998 	 295.263922 	 108.902531 	 295.922103 	 295.184702 	 295.058879 	 295.520066 	 295.206376 
6:17:38.448 PM 10/11/2022 	 108.657857 	 295.271277 	 108.902293 	 295.921490 	 295.180944 	 295.033439 	 295.471578 	 295.205446 
6:17:49.238 PM 10/11/2022 	 108.660239 	 295.277406 	 108.901876 	 295.920417 	 295.154098 	 295.057018 	 295.518206 	 295.210641 
6:18:00.037 PM 10/11/2022 	 108.660954 	 295.279244 	 108.901340 	 295.919037 	 295.188560 	 295.082061 	 295.546992 	 295.229551 
6:18:10.827 PM 10/11/2022 	 108.661609 	 295.280930 	 108.901221 	 295.918731 	 295.179805 	 295.049267 	 295.503871 	 295.202893 
6:18:21.641 PM 10/11/2022 	 108.661490 	 295.280623 	 108.900804 	 295.917658 	 295.154163 	 295.040115 	 295.472596 	 295.220599 
6:18:32.423 PM 10/11/2022 	 108.660656 	 295.278478 	 108.901340 	 295.919037 	 295.143811 	 295.051913 	 295.498981 	 295.210249 
6:18:43.240 PM 10/11/2022 	 108.659703 	 295.276027 	 108.901221 	 295.918731 	 295.175215 	 295.071069 	 295.514823 	 295.234582 
6:18:54.032 PM 10/11/2022 	 108.659763 	 295.276180 	 108.901221 	 295.918731 	 295.176801 	 295.083024 	 295.514053 	 295.222033 
6:19:04.821 PM 10/11/2022 	 108.658929 	 295.274035 	 108.901161 	 295.918577 	 295.198621 	 295.069032 	 295.512316 	 295.248563 
6:19:15.644 PM 10/11/2022 	 108.658155 	 295.272043 	 108.900983 	 295.918118 	 295.174503 	 295.089209 	 295.498573 	 295.253186 
6:19:26.438 PM 10/11/2022 	 108.658572 	 295.273116 	 108.901459 	 295.919344 	 295.192739 	 295.068332 	 295.521034 	 295.252574 
6:19:37.260 PM 10/11/2022 	 108.657380 	 295.270051 	 108.901578 	 295.919651 	 295.195269 	 295.072748 	 295.529684 	 295.240029 
6:19:48.055 PM 10/11/2022 	 108.657321 	 295.269898 	 108.902055 	 295.920877 	 295.191072 	 295.066193 	 295.522664 	 295.232534 
6:19:58.865 PM 10/11/2022 	 108.657023 	 295.269132 	 108.903068 	 295.923483 	 295.198472 	 295.074538 	 295.516876 	 295.263018 
6:20:09.687 PM 10/11/2022 	 108.656487 	 295.267753 	 108.902889 	 295.923023 	 295.165795 	 295.057877 	 295.500702 	 295.241653 
6:20:20.461 PM 10/11/2022 	 108.656368 	 295.267446 	 108.903365 	 295.924249 	 295.167856 	 295.062766 	 295.496168 	 295.225339 
6:20:31.254 PM 10/11/2022 	 108.656487 	 295.267753 	 108.903842 	 295.925476 	 295.175493 	 295.056737 	 295.498150 	 295.212245 
6:20:42.073 PM 10/11/2022 	 108.656487 	 295.267753 	 108.904855 	 295.928082 	 295.175042 	 295.064770 	 295.517005 	 295.258436 
6:20:52.871 PM 10/11/2022 	 108.656487 	 295.267753 	 108.905391 	 295.929462 	 295.217416 	 295.103855 	 295.526861 	 295.253694 
6:21:03.628 PM 10/11/2022 	 108.656427 	 295.267600 	 108.905867 	 295.930688 	 295.191865 	 295.103275 	 295.526281 	 295.260651 
6:21:14.480 PM 10/11/2022 	 108.656725 	 295.268366 	 108.906463 	 295.932221 	 295.155211 	 295.087352 	 295.519319 	 295.235311 
6:21:25.269 PM 10/11/2022 	 108.656427 	 295.267600 	 108.906820 	 295.933141 	 295.142039 	 295.077005 	 295.513691 	 295.245698 
6:21:36.072 PM 10/11/2022 	 108.656547 	 295.267906 	 108.907297 	 295.934367 	 295.185464 	 295.103471 	 295.535424 	 295.248599 
6:21:46.891 PM 10/11/2022 	 108.656904 	 295.268825 	 108.907654 	 295.935287 	 295.199647 	 295.105875 	 295.510987 	 295.265606 
6:21:57.661 PM 10/11/2022 	 108.656844 	 295.268672 	 108.907952 	 295.936053 	 295.188858 	 295.074347 	 295.503501 	 295.260001 
6:22:08.475 PM 10/11/2022 	 108.656844 	 295.268672 	 108.908011 	 295.936207 	 295.186551 	 295.091362 	 295.528976 	 295.242618 
6:22:19.274 PM 10/11/2022 	 108.656725 	 295.268366 	 108.908488 	 295.937433 	 295.190368 	 295.085755 	 295.504540 	 295.255858 
6:22:30.083 PM 10/11/2022 	 108.657202 	 295.269592 	 108.908965 	 295.938660 	 295.199787 	 295.078681 	 295.522899 	 295.249258 
6:22:40.863 PM 10/11/2022 	 108.657321 	 295.269898 	 108.908845 	 295.938353 	 295.178084 	 295.062157 	 295.512040 	 295.250171 
6:22:51.680 PM 10/11/2022 	 108.657559 	 295.270511 	 108.909262 	 295.939426 	 295.163028 	 295.081031 	 295.507824 	 295.240299 
6:23:02.499 PM 10/11/2022 	 108.657857 	 295.271277 	 108.909679 	 295.940499 	 295.173783 	 295.116765 	 295.526105 	 295.269426 
6:23:13.297 PM 10/11/2022 	 108.658155 	 295.272043 	 108.909620 	 295.940346 	 295.167706 	 295.091836 	 295.505436 	 295.244034 
6:23:24.094 PM 10/11/2022 	 108.658214 	 295.272196 	 108.910275 	 295.942032 	 295.182047 	 295.082145 	 295.530596 	 295.267324 
6:23:34.892 PM 10/11/2022 	 108.658393 	 295.272656 	 108.910513 	 295.942645 	 295.196782 	 295.122331 	 295.544849 	 295.277345 
6:23:45.710 PM 10/11/2022 	 108.658750 	 295.273575 	 108.910752 	 295.943258 	 295.193114 	 295.095570 	 295.544480 	 295.277918 
6:23:56.521 PM 10/11/2022 	 108.658631 	 295.273269 	 108.910811 	 295.943412 	 295.175992 	 295.118503 	 295.532079 	 295.290007 
6:24:07.299 PM 10/11/2022 	 108.658810 	 295.273728 	 108.910692 	 295.943105 	 295.186984 	 295.114888 	 295.543534 	 295.283096 
6:24:18.099 PM 10/11/2022 	 108.659227 	 295.274801 	 108.911347 	 295.944791 	 295.188918 	 295.113995 	 295.525221 	 295.284087 
6:24:28.892 PM 10/11/2022 	 108.659703 	 295.276027 	 108.911824 	 295.946018 	 295.177398 	 295.090690 	 295.522184 	 295.252311 
6:24:39.695 PM 10/11/2022 	 108.659763 	 295.276180 	 108.912002 	 295.946478 	 295.189803 	 295.124305 	 295.540230 	 295.281674 
6:24:50.514 PM 10/11/2022 	 108.659882 	 295.276486 	 108.912658 	 295.948164 	 295.142759 	 295.098462 	 295.515352 	 295.241707 
6:25:01.309 PM 10/11/2022 	 108.660597 	 295.278325 	 108.912479 	 295.947704 	 295.162312 	 295.074660 	 295.502871 	 295.239584 
6:25:12.109 PM 10/11/2022 	 108.660418 	 295.277865 	 108.912896 	 295.948777 	 295.177336 	 295.106652 	 295.515060 	 295.249894 
6:25:22.924 PM 10/11/2022 	 108.660478 	 295.278019 	 108.913432 	 295.950157 	 295.153486 	 295.069131 	 295.487460 	 295.219923 
6:25:33.715 PM 10/11/2022 	 108.661609 	 295.280930 	 108.913432 	 295.950157 	 295.181782 	 295.115812 	 295.504906 	 295.259993 
6:25:44.517 PM 10/11/2022 	 108.661431 	 295.280470 	 108.913730 	 295.950923 	 295.184948 	 295.122747 	 295.544795 	 295.261745 
6:25:55.316 PM 10/11/2022 	 108.661669 	 295.281083 	 108.913730 	 295.950923 	 295.199736 	 295.129997 	 295.532735 	 295.254388 
6:26:06.127 PM 10/11/2022 	 108.662086 	 295.282156 	 108.913611 	 295.950617 	 295.188609 	 295.104731 	 295.527737 	 295.244676 
6:26:16.894 PM 10/11/2022 	 108.661907 	 295.281696 	 108.913372 	 295.950004 	 295.170518 	 295.104546 	 295.515780 	 295.252029 
6:26:27.732 PM 10/11/2022 	 108.661788 	 295.281389 	 108.912717 	 295.948317 	 295.217346 	 295.133473 	 295.540916 	 295.271525 
6:26:38.516 PM 10/11/2022 	 108.662145 	 295.282309 	 108.912538 	 295.947857 	 295.178682 	 295.102343 	 295.524880 	 295.236164 
6:26:49.344 PM 10/11/2022 	 108.662979 	 295.284454 	 108.911943 	 295.946324 	 295.203050 	 295.113049 	 295.520038 	 295.264298 
6:27:00.128 PM 10/11/2022 	 108.662562 	 295.283381 	 108.911526 	 295.945251 	 295.184149 	 295.116294 	 295.524693 	 295.239746 
6:27:10.917 PM 10/11/2022 	 108.662860 	 295.284147 	 108.911645 	 295.945558 	 295.174357 	 295.100845 	 295.524796 	 295.230426 
6:27:21.707 PM 10/11/2022 	 108.663098 	 295.284760 	 108.911228 	 295.944485 	 295.185403 	 295.100582 	 295.513232 	 295.228278 
6:27:32.534 PM 10/11/2022 	 108.663039 	 295.284607 	 108.911288 	 295.944638 	 295.209405 	 295.132599 	 295.539101 	 295.277718 
6:27:43.293 PM 10/11/2022 	 108.663396 	 295.285526 	 108.911466 	 295.945098 	 295.158437 	 295.095290 	 295.507004 	 295.237594 
6:27:54.138 PM 10/11/2022 	 108.663396 	 295.285526 	 108.911466 	 295.945098 	 295.180032 	 295.129141 	 295.520108 	 295.260128 
6:28:04.960 PM 10/11/2022 	 108.664170 	 295.287518 	 108.912300 	 295.947244 	 295.183696 	 295.171916 	 295.543073 	 295.265204 
6:28:15.724 PM 10/11/2022 	 108.664230 	 295.287672 	 108.911943 	 295.946324 	 295.194820 	 295.122253 	 295.537239 	 295.274442 
6:28:26.546 PM 10/11/2022 	 108.664706 	 295.288897 	 108.912241 	 295.947091 	 295.179139 	 295.110340 	 295.525807 	 295.254995 
6:28:37.360 PM 10/11/2022 	 108.664647 	 295.288744 	 108.912777 	 295.948471 	 295.184060 	 295.129399 	 295.520366 	 295.268394 
6:28:48.102 PM 10/11/2022 	 108.665064 	 295.289817 	 108.912955 	 295.948931 	 295.192331 	 295.128718 	 295.551231 	 295.244629 
6:28:58.937 PM 10/11/2022 	 108.665004 	 295.289663 	 108.913551 	 295.950464 	 295.171991 	 295.111203 	 295.547385 	 295.261981 
6:29:09.747 PM 10/11/2022 	 108.665004 	 295.289663 	 108.913908 	 295.951383 	 295.173797 	 295.118664 	 295.541186 	 295.244000 
6:29:20.549 PM 10/11/2022 	 108.665481 	 295.290889 	 108.914683 	 295.953376 	 295.171833 	 295.111045 	 295.528394 	 295.254757 
6:29:31.331 PM 10/11/2022 	 108.665302 	 295.290430 	 108.914683 	 295.953376 	 295.165838 	 295.120129 	 295.523346 	 295.261012 
6:29:42.161 PM 10/11/2022 	 108.665898 	 295.291962 	 108.915100 	 295.954449 	 295.185995 	 295.127565 	 295.545841 	 295.261849 
6:29:52.972 PM 10/11/2022 	 108.666076 	 295.292421 	 108.915040 	 295.954296 	 295.179608 	 295.141440 	 295.541813 	 295.271952 
6:30:03.760 PM 10/11/2022 	 108.665719 	 295.291502 	 108.915695 	 295.955982 	 295.190314 	 295.123873 	 295.551099 	 295.266168 
6:30:14.534 PM 10/11/2022 	 108.665719 	 295.291502 	 108.915219 	 295.954756 	 295.173561 	 295.135864 	 295.541892 	 295.270146 
6:30:25.349 PM 10/11/2022 	 108.666017 	 295.292268 	 108.915338 	 295.955063 	 295.167226 	 295.141781 	 295.540741 	 295.245910 
6:30:36.177 PM 10/11/2022 	 108.665540 	 295.291042 	 108.915219 	 295.954756 	 295.182409 	 295.114554 	 295.507416 	 295.260149 
6:30:46.966 PM 10/11/2022 	 108.666314 	 295.293034 	 108.915100 	 295.954449 	 295.193168 	 295.127670 	 295.512517 	 295.248764 
6:30:57.757 PM 10/11/2022 	 108.666314 	 295.293034 	 108.915636 	 295.955829 	 295.203561 	 295.119215 	 295.549269 	 295.257271 
6:31:08.594 PM 10/11/2022 	 108.666791 	 295.294260 	 108.915159 	 295.954603 	 295.185107 	 295.113481 	 295.535537 	 295.240232 
6:31:19.377 PM 10/11/2022 	 108.666434 	 295.293341 	 108.915278 	 295.954909 	 295.210655 	 295.122541 	 295.520105 	 295.246933 
6:31:30.172 PM 10/11/2022 	 108.666970 	 295.294720 	 108.914564 	 295.953070 	 295.206678 	 295.159088 	 295.550971 	 295.265098 
6:31:40.983 PM 10/11/2022 	 108.667029 	 295.294873 	 108.914385 	 295.952610 	 295.179795 	 295.110525 	 295.519400 	 295.264130 
6:31:51.797 PM 10/11/2022 	 108.666970 	 295.294720 	 108.914504 	 295.952916 	 295.182466 	 295.128277 	 295.512652 	 295.256908 
6:32:02.568 PM 10/11/2022 	 108.667267 	 295.295486 	 108.914385 	 295.952610 	 295.162599 	 295.113591 	 295.529055 	 295.235159 
6:32:13.383 PM 10/11/2022 	 108.667029 	 295.294873 	 108.914028 	 295.951690 	 295.194065 	 295.134222 	 295.548255 	 295.251545 
6:32:24.182 PM 10/11/2022 	 108.667744 	 295.296712 	 108.914266 	 295.952303 	 295.174355 	 295.139486 	 295.522910 	 295.252096 
6:32:34.971 PM 10/11/2022 	 108.667625 	 295.296405 	 108.914564 	 295.953070 	 295.193597 	 295.117260 	 295.528955 	 295.244952 
6:32:45.771 PM 10/11/2022 	 108.667267 	 295.295486 	 108.914862 	 295.953836 	 295.174882 	 295.130117 	 295.535208 	 295.262045 
6:32:56.615 PM 10/11/2022 	 108.667506 	 295.296099 	 108.915338 	 295.955063 	 295.200276 	 295.137606 	 295.522445 	 295.254457 
6:33:07.397 PM 10/11/2022 	 108.667803 	 295.296865 	 108.915815 	 295.956289 	 295.179520 	 295.120618 	 295.560558 	 295.255376 
6:33:18.204 PM 10/11/2022 	 108.667684 	 295.296558 	 108.916112 	 295.957055 	 295.187403 	 295.147822 	 295.537360 	 295.267025 
6:33:29.013 PM 10/11/2022 	 108.668220 	 295.297937 	 108.915874 	 295.956442 	 295.200808 	 295.138138 	 295.554993 	 295.267709 
6:33:39.821 PM 10/11/2022 	 108.668220 	 295.297937 	 108.916053 	 295.956902 	 295.219762 	 295.117512 	 295.538151 	 295.251799 
6:33:50.608 PM 10/11/2022 	 108.667982 	 295.297324 	 108.916589 	 295.958282 	 295.181261 	 295.100210 	 295.508623 	 295.242041 
6:34:01.388 PM 10/11/2022 	 108.668459 	 295.298550 	 108.916410 	 295.957822 	 295.200217 	 295.137077 	 295.522858 	 295.241207 
6:34:12.228 PM 10/11/2022 	 108.668280 	 295.298091 	 108.916827 	 295.958895 	 295.214435 	 295.139987 	 295.563902 	 295.269086 
6:34:23.003 PM 10/11/2022 	 108.668459 	 295.298550 	 108.916768 	 295.958742 	 295.188919 	 295.146982 	 295.543113 	 295.237448 
6:34:33.801 PM 10/11/2022 	 108.668578 	 295.298857 	 108.916946 	 295.959202 	 295.161936 	 295.128008 	 295.535926 	 295.226487 
6:34:44.615 PM 10/11/2022 	 108.669233 	 295.300542 	 108.917065 	 295.959508 	 295.202151 	 295.130999 	 295.538444 	 295.236074 
6:34:55.398 PM 10/11/2022 	 108.668637 	 295.299010 	 108.918018 	 295.961961 	 295.180692 	 295.158546 	 295.541955 	 295.222155 
6:35:06.223 PM 10/11/2022 	 108.668756 	 295.299316 	 108.918197 	 295.962421 	 295.180726 	 295.138317 	 295.530689 	 295.227371 
6:35:17.024 PM 10/11/2022 	 108.668816 	 295.299470 	 108.918555 	 295.963341 	 295.208951 	 295.139686 	 295.553243 	 295.246171 
6:35:27.827 PM 10/11/2022 	 108.669471 	 295.301155 	 108.918674 	 295.963647 	 295.229848 	 295.139380 	 295.543051 	 295.262355 
6:35:38.635 PM 10/11/2022 	 108.669471 	 295.301155 	 108.918674 	 295.963647 	 295.195541 	 295.163029 	 295.544080 	 295.238887 
6:35:49.432 PM 10/11/2022 	 108.669292 	 295.300695 	 108.919388 	 295.965487 	 295.204370 	 295.149241 	 295.543957 	 295.216620 
6:36:00.241 PM 10/11/2022 	 108.669292 	 295.300695 	 108.919627 	 295.966100 	 295.231052 	 295.133045 	 295.548021 	 295.229639 
6:36:11.015 PM 10/11/2022 	 108.669114 	 295.300236 	 108.920103 	 295.967327 	 295.218680 	 295.148473 	 295.537541 	 295.230459 
6:36:21.836 PM 10/11/2022 	 108.669650 	 295.301615 	 108.920639 	 295.968706 	 295.211780 	 295.132618 	 295.530645 	 295.230625 
6:36:32.640 PM 10/11/2022 	 108.669054 	 295.300082 	 108.920639 	 295.968706 	 295.193466 	 295.127497 	 295.507636 	 295.212313 
6:36:43.443 PM 10/11/2022 	 108.669650 	 295.301615 	 108.920818 	 295.969166 	 295.204628 	 295.146671 	 295.526324 	 295.243733 
6:36:54.260 PM 10/11/2022 	 108.669412 	 295.301002 	 108.920878 	 295.969319 	 295.202100 	 295.136604 	 295.525681 	 295.193619 
6:37:05.049 PM 10/11/2022 	 108.669888 	 295.302228 	 108.921295 	 295.970393 	 295.210594 	 295.174784 	 295.546881 	 295.265245 
6:37:15.827 PM 10/11/2022 	 108.669590 	 295.301461 	 108.921175 	 295.970086 	 295.168565 	 295.127569 	 295.511474 	 295.190240 
6:37:26.659 PM 10/11/2022 	 108.670126 	 295.302840 	 108.921831 	 295.971772 	 295.173761 	 295.121456 	 295.536913 	 295.220407 
6:37:37.440 PM 10/11/2022 	 108.669828 	 295.302074 	 108.921414 	 295.970699 	 295.224398 	 295.141470 	 295.546551 	 295.246542 
6:37:48.222 PM 10/11/2022 	 108.670245 	 295.303147 	 108.922545 	 295.973612 	 295.225745 	 295.164964 	 295.530005 	 295.233755 
6:37:59.078 PM 10/11/2022 	 108.669948 	 295.302381 	 108.922307 	 295.972999 	 295.196389 	 295.120052 	 295.524681 	 295.201571 
6:38:09.855 PM 10/11/2022 	 108.669948 	 295.302381 	 108.923141 	 295.975145 	 295.211453 	 295.149727 	 295.534085 	 295.222760 
6:38:20.641 PM 10/11/2022 	 108.670365 	 295.303453 	 108.923320 	 295.975605 	 295.202722 	 295.140524 	 295.537602 	 295.240414 
6:38:31.472 PM 10/11/2022 	 108.670007 	 295.302534 	 108.923379 	 295.975758 	 295.198366 	 295.145592 	 295.541253 	 295.209203 
6:38:42.251 PM 10/11/2022 	 108.670484 	 295.303760 	 108.923915 	 295.977138 	 295.196912 	 295.159688 	 295.552984 	 295.249680 
6:38:53.080 PM 10/11/2022 	 108.670245 	 295.303147 	 108.924035 	 295.977444 	 295.255739 	 295.169988 	 295.562334 	 295.254796 
6:39:03.876 PM 10/11/2022 	 108.669948 	 295.302381 	 108.924273 	 295.978058 	 295.197095 	 295.150447 	 295.539513 	 295.214999 
6:39:14.693 PM 10/11/2022 	 108.670543 	 295.303913 	 108.925047 	 295.980050 	 295.191952 	 295.140119 	 295.528723 	 295.232942 
6:39:25.429 PM 10/11/2022 	 108.670126 	 295.302840 	 108.925345 	 295.980817 	 295.226125 	 295.148380 	 295.542627 	 295.238846 
6:39:36.269 PM 10/11/2022 	 108.669948 	 295.302381 	 108.925583 	 295.981430 	 295.188603 	 295.127817 	 295.518785 	 295.213104 
6:39:47.041 PM 10/11/2022 	 108.670365 	 295.303453 	 108.925702 	 295.981737 	 295.195709 	 295.115603 	 295.540953 	 295.221152 
6:39:57.896 PM 10/11/2022 	 108.669948 	 295.302381 	 108.926715 	 295.984343 	 295.200593 	 295.112476 	 295.521349 	 295.209074 
6:40:08.685 PM 10/11/2022 	 108.670424 	 295.303607 	 108.926715 	 295.984343 	 295.239502 	 295.141497 	 295.542341 	 295.232435 
6:40:19.492 PM 10/11/2022 	 108.670365 	 295.303453 	 108.927370 	 295.986029 	 295.189809 	 295.138448 	 295.521403 	 295.235511 
6:40:30.279 PM 10/11/2022 	 108.670781 	 295.304526 	 108.928264 	 295.988329 	 295.221261 	 295.160007 	 295.559423 	 295.226914 
6:40:41.103 PM 10/11/2022 	 108.670424 	 295.303607 	 108.928979 	 295.990168 	 295.197560 	 295.141959 	 295.534327 	 295.223945 
6:40:51.853 PM 10/11/2022 	 108.670543 	 295.303913 	 108.929455 	 295.991395 	 295.188776 	 295.112910 	 295.528375 	 295.209037 
6:41:02.691 PM 10/11/2022 	 108.670662 	 295.304219 	 108.930646 	 295.994461 	 295.219626 	 295.152718 	 295.556377 	 295.234231 
6:41:13.502 PM 10/11/2022 	 108.670245 	 295.303147 	 108.930706 	 295.994614 	 295.213070 	 295.146161 	 295.535701 	 295.241809 
6:41:24.300 PM 10/11/2022 	 108.670901 	 295.304832 	 108.932076 	 295.998140 	 295.227350 	 295.155731 	 295.573511 	 295.244781 
6:41:35.113 PM 10/11/2022 	 108.670484 	 295.303760 	 108.932612 	 295.999520 	 295.230293 	 295.143125 	 295.546792 	 295.237831 
6:41:45.909 PM 10/11/2022 	 108.671020 	 295.305139 	 108.933625 	 296.002126 	 295.217115 	 295.121933 	 295.534565 	 295.235961 
6:41:56.701 PM 10/11/2022 	 108.670960 	 295.304986 	 108.934876 	 296.005345 	 295.192184 	 295.136111 	 295.529426 	 295.236002 
6:42:07.531 PM 10/11/2022 	 108.670901 	 295.304832 	 108.936186 	 296.008718 	 295.202696 	 295.130602 	 295.535222 	 295.234735 
6:42:18.302 PM 10/11/2022 	 108.670841 	 295.304679 	 108.936901 	 296.010557 	 295.192661 	 295.151196 	 295.574630 	 295.251083 
6:42:29.084 PM 10/11/2022 	 108.670365 	 295.303453 	 108.938271 	 296.014083 	 295.189196 	 295.142076 	 295.544803 	 295.232072 
6:42:39.932 PM 10/11/2022 	 108.670781 	 295.304526 	 108.939819 	 296.018069 	 295.213243 	 295.125600 	 295.547174 	 295.243396 
6:42:50.716 PM 10/11/2022 	 108.670543 	 295.303913 	 108.940594 	 296.020062 	 295.216770 	 295.140437 	 295.544107 	 295.231376 
6:43:01.510 PM 10/11/2022 	 108.671020 	 295.305139 	 108.941845 	 296.023282 	 295.210821 	 295.184907 	 295.556995 	 295.252282 
6:43:12.342 PM 10/11/2022 	 108.671020 	 295.305139 	 108.942917 	 296.026041 	 295.219166 	 295.159326 	 295.570512 	 295.248376 
6:43:23.084 PM 10/11/2022 	 108.671198 	 295.305598 	 108.943810 	 296.028341 	 295.191104 	 295.122307 	 295.538705 	 295.241518 
6:43:33.923 PM 10/11/2022 	 108.671020 	 295.305139 	 108.945240 	 296.032020 	 295.211647 	 295.132957 	 295.565824 	 295.239916 
6:43:44.734 PM 10/11/2022 	 108.671139 	 295.305445 	 108.946610 	 296.035546 	 295.242788 	 295.173999 	 295.554571 	 295.242788 
6:43:55.550 PM 10/11/2022 	 108.670722 	 295.304373 	 108.948159 	 296.039532 	 295.221712 	 295.141611 	 295.542454 	 295.244327 
6:44:06.344 PM 10/11/2022 	 108.670603 	 295.304066 	 108.949529 	 296.043058 	 295.206995 	 295.136787 	 295.519743 	 295.227726 
6:44:17.139 PM 10/11/2022 	 108.671198 	 295.305598 	 108.950660 	 296.045971 	 295.214346 	 295.149794 	 295.563813 	 295.230836 
6:44:27.945 PM 10/11/2022 	 108.671079 	 295.305292 	 108.951137 	 296.047197 	 295.217431 	 295.142040 	 295.551830 	 295.221200 
6:44:38.755 PM 10/11/2022 	 108.670722 	 295.304373 	 108.952149 	 296.049803 	 295.207768 	 295.133319 	 295.541232 	 295.226143 
6:44:49.562 PM 10/11/2022 	 108.671079 	 295.305292 	 108.952924 	 296.051796 	 295.217265 	 295.156954 	 295.551193 	 295.240822 
6:45:00.343 PM 10/11/2022 	 108.671020 	 295.305139 	 108.954532 	 296.055935 	 295.213570 	 295.136766 	 295.539026 	 295.237127 
6:45:11.171 PM 10/11/2022 	 108.671317 	 295.305905 	 108.955783 	 296.059155 	 295.221967 	 295.147049 	 295.533763 	 295.254946 
6:45:21.976 PM 10/11/2022 	 108.670960 	 295.304986 	 108.956974 	 296.062221 	 295.221231 	 295.162334 	 295.555157 	 295.250913 
6:45:32.749 PM 10/11/2022 	 108.671258 	 295.305752 	 108.958344 	 296.065747 	 295.234996 	 295.165734 	 295.564203 	 295.250072 
6:45:43.577 PM 10/11/2022 	 108.670841 	 295.304679 	 108.958940 	 296.067280 	 295.241486 	 295.148193 	 295.543382 	 295.243370 
6:45:54.344 PM 10/11/2022 	 108.671079 	 295.305292 	 108.959774 	 296.069426 	 295.235753 	 295.155182 	 295.559781 	 295.254127 
6:46:05.187 PM 10/11/2022 	 108.671437 	 295.306211 	 108.959833 	 296.069579 	 295.218291 	 295.157038 	 295.535269 	 295.221589 
6:46:15.945 PM 10/11/2022 	 108.671079 	 295.305292 	