Timestamp                   	PTD1 raw (mA)	PTD1 T0 (K)	PTD1 aT (PSI/K)	PTD1 adj (PSI)	PTD2 raw (mA)	PTD2 T0 (K)	PTD2 aT (PSI/K)	PTD2 adj (PSI)	RTD0 Rraw (Ohm)	RTD1 Rraw (Ohm)	DAQ thermistor T (K)
11:08:53.436 AM 12/14/2023 	 4.013435 	 297.647000 	 44.546000 	 -2924439.574545 	 4.022742 	 297.647000 	 44.546000 	 -2924439.574545 	 107.755761 	 107.955918 	 294.535044
11:09:03.436 AM 12/14/2023 	 4.009897 	 297.647000 	 44.546000 	 -2924474.134138 	 4.036220 	 297.647000 	 44.546000 	 -2924474.134138 	 107.756238 	 107.956751 	 294.538268
11:09:13.935 AM 12/14/2023 	 4.017497 	 297.647000 	 44.546000 	 -2924511.637841 	 4.033998 	 297.647000 	 44.546000 	 -2924511.637841 	 107.756416 	 107.958658 	 294.541767
11:09:23.936 AM 12/14/2023 	 4.014310 	 297.647000 	 44.546000 	 -2924545.712420 	 4.022984 	 297.647000 	 44.546000 	 -2924545.712420 	 107.756833 	 107.961219 	 294.544946
11:09:34.435 AM 12/14/2023 	 4.010586 	 297.647000 	 44.546000 	 -2924577.582963 	 4.034164 	 297.647000 	 44.546000 	 -2924577.582963 	 107.757012 	 107.963959 	 294.547919
11:09:44.436 AM 12/14/2023 	 4.010866 	 297.647000 	 44.546000 	 -2924616.075647 	 4.037864 	 297.647000 	 44.546000 	 -2924616.075647 	 107.757727 	 107.965508 	 294.551510
11:09:54.936 AM 12/14/2023 	 4.005960 	 297.647000 	 44.546000 	 -2924651.874215 	 4.042830 	 297.647000 	 44.546000 	 -2924651.874215 	 107.757786 	 107.967473 	 294.554849
11:10:05.436 AM 12/14/2023 	 4.011138 	 297.647000 	 44.546000 	 -2924687.185057 	 4.030158 	 297.647000 	 44.546000 	 -2924687.185057 	 107.757846 	 107.967831 	 294.558143
11:10:15.936 AM 12/14/2023 	 4.014666 	 297.647000 	 44.546000 	 -2924724.705728 	 4.037221 	 297.647000 	 44.546000 	 -2924724.705728 	 107.758441 	 107.968188 	 294.561643
11:10:25.936 AM 12/14/2023 	 4.008937 	 297.647000 	 44.546000 	 -2924754.381057 	 4.030094 	 297.647000 	 44.546000 	 -2924754.381057 	 107.758441 	 107.968545 	 294.564411
11:10:36.436 AM 12/14/2023 	 4.008738 	 297.647000 	 44.546000 	 -2924782.831888 	 4.027402 	 297.647000 	 44.546000 	 -2924782.831888 	 107.759632 	 107.969915 	 294.567065
11:10:46.436 AM 12/14/2023 	 4.014176 	 297.647000 	 44.546000 	 -2924813.246748 	 4.036798 	 297.647000 	 44.546000 	 -2924813.246748 	 107.759930 	 107.970213 	 294.569902
11:10:56.436 AM 12/14/2023 	 4.006392 	 297.647000 	 44.546000 	 -2924837.530990 	 4.035058 	 297.647000 	 44.546000 	 -2924837.530990 	 107.760049 	 107.973192 	 294.572168
11:11:06.437 AM 12/14/2023 	 4.005251 	 297.647000 	 44.546000 	 -2924867.949384 	 4.027860 	 297.647000 	 44.546000 	 -2924867.949384 	 107.760943 	 107.974978 	 294.575005
11:11:16.937 AM 12/14/2023 	 4.012022 	 297.647000 	 44.546000 	 -2924894.199095 	 4.035157 	 297.647000 	 44.546000 	 -2924894.199095 	 107.760466 	 107.976527 	 294.577453
11:11:27.437 AM 12/14/2023 	 4.002939 	 297.647000 	 44.546000 	 -2924922.658380 	 4.038634 	 297.647000 	 44.546000 	 -2924922.658380 	 107.761419 	 107.977361 	 294.580108
11:11:37.437 AM 12/14/2023 	 4.012416 	 297.647000 	 44.546000 	 -2924946.948269 	 4.034719 	 297.647000 	 44.546000 	 -2924946.948269 	 107.762015 	 107.977838 	 294.582374
11:11:47.937 AM 12/14/2023 	 4.016301 	 297.647000 	 44.546000 	 -2924972.466271 	 4.028955 	 297.647000 	 44.546000 	 -2924972.466271 	 107.762253 	 107.977421 	 294.584754
11:11:58.437 AM 12/14/2023 	 4.011272 	 297.647000 	 44.546000 	 -2924999.457972 	 4.031723 	 297.647000 	 44.546000 	 -2924999.457972 	 107.762074 	 107.979148 	 294.587271
11:12:08.437 AM 12/14/2023 	 4.007346 	 297.647000 	 44.546000 	 -2925019.580065 	 4.026164 	 297.647000 	 44.546000 	 -2925019.580065 	 107.762730 	 107.980101 	 294.589148
11:12:18.937 AM 12/14/2023 	 4.013750 	 297.647000 	 44.546000 	 -2925045.592828 	 4.028585 	 297.647000 	 44.546000 	 -2925045.592828 	 107.763385 	 107.980518 	 294.591574
11:12:29.437 AM 12/14/2023 	 4.013750 	 297.647000 	 44.546000 	 -2925068.171108 	 4.022871 	 297.647000 	 44.546000 	 -2925068.171108 	 107.764278 	 107.980042 	 294.593680
11:12:39.937 AM 12/14/2023 	 4.008916 	 297.647000 	 44.546000 	 -2925090.505039 	 4.028698 	 297.647000 	 44.546000 	 -2925090.505039 	 107.765052 	 107.980756 	 294.595763
11:12:50.436 AM 12/14/2023 	 4.015122 	 297.647000 	 44.546000 	 -2925111.858250 	 4.023942 	 297.647000 	 44.546000 	 -2925111.858250 	 107.765410 	 107.981471 	 294.597755
11:13:00.437 AM 12/14/2023 	 4.006870 	 297.647000 	 44.546000 	 -2925129.285153 	 4.032266 	 297.647000 	 44.546000 	 -2925129.285153 	 107.765469 	 107.981650 	 294.599380
11:13:10.936 AM 12/14/2023 	 4.007483 	 297.647000 	 44.546000 	 -2925153.585715 	 4.031262 	 297.647000 	 44.546000 	 -2925153.585715 	 107.765350 	 107.982782 	 294.601646
11:13:20.937 AM 12/14/2023 	 4.008464 	 297.647000 	 44.546000 	 -2925168.804888 	 4.032938 	 297.647000 	 44.546000 	 -2925168.804888 	 107.765886 	 107.984390 	 294.603066
11:13:31.436 AM 12/14/2023 	 4.018630 	 297.647000 	 44.546000 	 -2925188.197775 	 4.026751 	 297.647000 	 44.546000 	 -2925188.197775 	 107.766065 	 107.984092 	 294.604874
11:13:41.437 AM 12/14/2023 	 4.004147 	 297.647000 	 44.546000 	 -2925215.201860 	 4.028395 	 297.647000 	 44.546000 	 -2925215.201860 	 107.766541 	 107.984509 	 294.607393
11:13:51.937 AM 12/14/2023 	 4.011485 	 297.647000 	 44.546000 	 -2925234.842169 	 4.027449 	 297.647000 	 44.546000 	 -2925234.842169 	 107.766482 	 107.985879 	 294.609224
11:14:01.937 AM 12/14/2023 	 4.020113 	 297.647000 	 44.546000 	 -2925257.920581 	 4.030888 	 297.647000 	 44.546000 	 -2925257.920581 	 107.766780 	 107.986951 	 294.611377
11:14:11.937 AM 12/14/2023 	 4.013566 	 297.647000 	 44.546000 	 -2925282.718861 	 4.031700 	 297.647000 	 44.546000 	 -2925282.718861 	 107.768030 	 107.987964 	 294.613689
11:14:22.437 AM 12/14/2023 	 4.014252 	 297.647000 	 44.546000 	 -2925308.500638 	 4.030675 	 297.647000 	 44.546000 	 -2925308.500638 	 107.768566 	 107.991716 	 294.616094
11:14:32.937 AM 12/14/2023 	 4.003750 	 297.647000 	 44.546000 	 -2925339.686201 	 4.029224 	 297.647000 	 44.546000 	 -2925339.686201 	 107.768686 	 107.995588 	 294.619002
11:14:43.437 AM 12/14/2023 	 4.021286 	 297.647000 	 44.546000 	 -2925367.926883 	 4.031691 	 297.647000 	 44.546000 	 -2925367.926883 	 107.768626 	 107.996482 	 294.621636
11:14:53.437 AM 12/14/2023 	 4.009725 	 297.647000 	 44.546000 	 -2925393.467743 	 4.030877 	 297.647000 	 44.546000 	 -2925393.467743 	 107.769817 	 107.997911 	 294.624017
11:15:03.937 AM 12/14/2023 	 4.011864 	 297.647000 	 44.546000 	 -2925426.378206 	 4.029653 	 297.647000 	 44.546000 	 -2925426.378206 	 107.769877 	 107.999341 	 294.627086
11:15:14.437 AM 12/14/2023 	 4.008759 	 297.647000 	 44.546000 	 -2925450.939756 	 4.030947 	 297.647000 	 44.546000 	 -2925450.939756 	 107.770770 	 108.000592 	 294.629377
11:15:24.937 AM 12/14/2023 	 4.007089 	 297.647000 	 44.546000 	 -2925475.748224 	 4.036275 	 297.647000 	 44.546000 	 -2925475.748224 	 107.770711 	 108.001009 	 294.631690
11:15:35.436 AM 12/14/2023 	 4.015676 	 297.647000 	 44.546000 	 -2925499.084118 	 4.027863 	 297.647000 	 44.546000 	 -2925499.084118 	 107.771664 	 108.001426 	 294.633866
11:15:45.437 AM 12/14/2023 	 4.014853 	 297.647000 	 44.546000 	 -2925521.684194 	 4.024319 	 297.647000 	 44.546000 	 -2925521.684194 	 107.773093 	 108.002379 	 294.635974
11:15:55.937 AM 12/14/2023 	 4.009897 	 297.647000 	 44.546000 	 -2925541.828657 	 4.029253 	 297.647000 	 44.546000 	 -2925541.828657 	 107.773391 	 108.003570 	 294.637852
11:16:06.437 AM 12/14/2023 	 4.030439 	 297.647000 	 44.546000 	 -2925568.361707 	 4.032482 	 297.647000 	 44.546000 	 -2925568.361707 	 107.774463 	 108.006250 	 294.640326
11:16:16.937 AM 12/14/2023 	 4.013090 	 297.647000 	 44.546000 	 -2925591.210812 	 4.021840 	 297.647000 	 44.546000 	 -2925591.210812 	 107.774939 	 108.007799 	 294.642457
11:16:26.937 AM 12/14/2023 	 4.013505 	 297.647000 	 44.546000 	 -2925625.855125 	 4.024558 	 297.647000 	 44.546000 	 -2925625.855125 	 107.776190 	 108.009050 	 294.645687
11:16:36.938 AM 12/14/2023 	 4.009491 	 297.647000 	 44.546000 	 -2925647.478403 	 4.026798 	 297.647000 	 44.546000 	 -2925647.478403 	 107.775833 	 108.010301 	 294.647703
11:16:47.436 AM 12/14/2023 	 4.027657 	 297.647000 	 44.546000 	 -2925677.457777 	 4.027236 	 297.647000 	 44.546000 	 -2925677.457777 	 107.777679 	 108.013160 	 294.650499
11:16:57.437 AM 12/14/2023 	 4.015247 	 297.647000 	 44.546000 	 -2925709.896633 	 4.033055 	 297.647000 	 44.546000 	 -2925709.896633 	 107.777977 	 108.014351 	 294.653523
11:17:07.437 AM 12/14/2023 	 4.012772 	 297.647000 	 44.546000 	 -2925739.634220 	 4.031679 	 297.647000 	 44.546000 	 -2925739.634220 	 107.779049 	 108.014709 	 294.656296
11:17:17.437 AM 12/14/2023 	 4.019468 	 297.647000 	 44.546000 	 -2925770.111058 	 4.026620 	 297.647000 	 44.546000 	 -2925770.111058 	 107.778870 	 108.016257 	 294.659137
11:17:27.937 AM 12/14/2023 	 4.006672 	 297.647000 	 44.546000 	 -2925806.735038 	 4.025128 	 297.647000 	 44.546000 	 -2925806.735038 	 107.779645 	 108.018521 	 294.662552
11:17:38.437 AM 12/14/2023 	 4.018277 	 297.647000 	 44.546000 	 -2925835.003822 	 4.026552 	 297.647000 	 44.546000 	 -2925835.003822 	 107.779942 	 108.022393 	 294.665188
11:17:48.937 AM 12/14/2023 	 4.016327 	 297.647000 	 44.546000 	 -2925873.353765 	 4.024879 	 297.647000 	 44.546000 	 -2925873.353765 	 107.780121 	 108.025788 	 294.668763
11:17:59.437 AM 12/14/2023 	 4.004629 	 297.647000 	 44.546000 	 -2925915.394804 	 4.027551 	 297.647000 	 44.546000 	 -2925915.394804 	 107.781551 	 108.029004 	 294.672683
11:18:09.437 AM 12/14/2023 	 4.013694 	 297.647000 	 44.546000 	 -2925958.669048 	 4.032509 	 297.647000 	 44.546000 	 -2925958.669048 	 107.782623 	 108.031030 	 294.676717
11:18:19.438 AM 12/14/2023 	 4.011511 	 297.647000 	 44.546000 	 -2925992.848687 	 4.033504 	 297.647000 	 44.546000 	 -2925992.848687 	 107.783516 	 108.032638 	 294.679904
11:18:29.936 AM 12/14/2023 	 4.008327 	 297.647000 	 44.546000 	 -2926032.195241 	 4.029493 	 297.647000 	 44.546000 	 -2926032.195241 	 107.784469 	 108.033889 	 294.683572
11:18:39.937 AM 12/14/2023 	 4.012956 	 297.647000 	 44.546000 	 -2926076.218111 	 4.026307 	 297.647000 	 44.546000 	 -2926076.218111 	 107.785065 	 108.034306 	 294.687676
11:18:49.937 AM 12/14/2023 	 4.007898 	 297.647000 	 44.546000 	 -2926118.769282 	 4.033849 	 297.647000 	 44.546000 	 -2926118.769282 	 107.784707 	 108.034187 	 294.691642
11:18:59.937 AM 12/14/2023 	 4.010020 	 297.647000 	 44.546000 	 -2926150.746692 	 4.024433 	 297.647000 	 44.546000 	 -2926150.746692 	 107.785303 	 108.034603 	 294.694623
11:19:10.437 AM 12/14/2023 	 4.012314 	 297.647000 	 44.546000 	 -2926187.892422 	 4.026450 	 297.647000 	 44.546000 	 -2926187.892422 	 107.785660 	 108.034425 	 294.698086
11:19:20.937 AM 12/14/2023 	 4.012439 	 297.647000 	 44.546000 	 -2926221.596725 	 4.019379 	 297.647000 	 44.546000 	 -2926221.596725 	 107.785660 	 108.034961 	 294.701228
11:19:31.437 AM 12/14/2023 	 4.004918 	 297.647000 	 44.546000 	 -2926251.612815 	 4.035980 	 297.647000 	 44.546000 	 -2926251.612815 	 107.785482 	 108.035140 	 294.704026
11:19:41.937 AM 12/14/2023 	 4.013157 	 297.647000 	 44.546000 	 -2926277.201820 	 4.041212 	 297.647000 	 44.546000 	 -2926277.201820 	 107.785541 	 108.034901 	 294.706411
11:19:51.937 AM 12/14/2023 	 4.012547 	 297.647000 	 44.546000 	 -2926294.918104 	 4.033866 	 297.647000 	 44.546000 	 -2926294.918104 	 107.785660 	 108.034901 	 294.708063
11:20:02.437 AM 12/14/2023 	 4.011733 	 297.647000 	 44.546000 	 -2926322.970256 	 4.026859 	 297.647000 	 44.546000 	 -2926322.970256 	 107.786137 	 108.034961 	 294.710677
11:20:12.937 AM 12/14/2023 	 4.015883 	 297.647000 	 44.546000 	 -2926346.840516 	 4.034909 	 297.647000 	 44.546000 	 -2926346.840516 	 107.786256 	 108.037403 	 294.712902
11:20:23.437 AM 12/14/2023 	 4.018869 	 297.647000 	 44.546000 	 -2926370.958095 	 4.031466 	 297.647000 	 44.546000 	 -2926370.958095 	 107.786911 	 108.038654 	 294.715150
11:20:33.937 AM 12/14/2023 	 4.008079 	 297.647000 	 44.546000 	 -2926396.061384 	 4.034021 	 297.647000 	 44.546000 	 -2926396.061384 	 107.787387 	 108.039607 	 294.717490
11:20:43.937 AM 12/14/2023 	 4.007060 	 297.647000 	 44.546000 	 -2926420.181498 	 4.032839 	 297.647000 	 44.546000 	 -2926420.181498 	 107.788221 	 108.040441 	 294.719739
11:20:54.437 AM 12/14/2023 	 4.016111 	 297.647000 	 44.546000 	 -2926443.318284 	 4.033169 	 297.647000 	 44.546000 	 -2926443.318284 	 107.789293 	 108.040977 	 294.721895
11:21:04.937 AM 12/14/2023 	 4.011143 	 297.647000 	 44.546000 	 -2926469.163918 	 4.034374 	 297.647000 	 44.546000 	 -2926469.163918 	 107.789472 	 108.040977 	 294.724304
11:21:15.437 AM 12/14/2023 	 4.010627 	 297.647000 	 44.546000 	 -2926491.810789 	 4.030917 	 297.647000 	 44.546000 	 -2926491.810789 	 107.790008 	 108.040560 	 294.726415
11:21:25.937 AM 12/14/2023 	 4.012115 	 297.647000 	 44.546000 	 -2926513.474038 	 4.041904 	 297.647000 	 44.546000 	 -2926513.474038 	 107.790723 	 108.041156 	 294.728434
11:21:35.937 AM 12/14/2023 	 4.020116 	 297.647000 	 44.546000 	 -2926534.645909 	 4.031198 	 297.647000 	 44.546000 	 -2926534.645909 	 107.790485 	 108.040441 	 294.730407
11:21:46.437 AM 12/14/2023 	 4.004655 	 297.647000 	 44.546000 	 -2926558.773162 	 4.022325 	 297.647000 	 44.546000 	 -2926558.773162 	 107.790365 	 108.039905 	 294.732656
11:21:56.937 AM 12/14/2023 	 4.008718 	 297.647000 	 44.546000 	 -2926577.238736 	 4.025808 	 297.647000 	 44.546000 	 -2926577.238736 	 107.790782 	 108.039130 	 294.734377
11:22:07.437 AM 12/14/2023 	 4.011783 	 297.647000 	 44.546000 	 -2926599.398386 	 4.025887 	 297.647000 	 44.546000 	 -2926599.398386 	 107.790246 	 108.039786 	 294.736442
11:22:17.937 AM 12/14/2023 	 4.013616 	 297.647000 	 44.546000 	 -2926613.679605 	 4.023802 	 297.647000 	 44.546000 	 -2926613.679605 	 107.790782 	 108.040203 	 294.737773
11:22:27.937 AM 12/14/2023 	 4.009243 	 297.647000 	 44.546000 	 -2926629.931177 	 4.021250 	 297.647000 	 44.546000 	 -2926629.931177 	 107.790663 	 108.041215 	 294.739288
11:22:38.437 AM 12/14/2023 	 4.007950 	 297.647000 	 44.546000 	 -2926650.615813 	 4.030847 	 297.647000 	 44.546000 	 -2926650.615813 	 107.791438 	 108.041751 	 294.741216
11:22:48.937 AM 12/14/2023 	 4.017077 	 297.647000 	 44.546000 	 -2926664.406078 	 4.028243 	 297.647000 	 44.546000 	 -2926664.406078 	 107.792331 	 108.042883 	 294.742501
11:22:59.437 AM 12/14/2023 	 4.009252 	 297.647000 	 44.546000 	 -2926686.323585 	 4.037758 	 297.647000 	 44.546000 	 -2926686.323585 	 107.792569 	 108.044194 	 294.744544
11:23:09.937 AM 12/14/2023 	 4.016339 	 297.647000 	 44.546000 	 -2926710.704939 	 4.027691 	 297.647000 	 44.546000 	 -2926710.704939 	 107.793165 	 108.044849 	 294.746816
11:23:19.937 AM 12/14/2023 	 4.017299 	 297.647000 	 44.546000 	 -2926727.698755 	 4.027338 	 297.647000 	 44.546000 	 -2926727.698755 	 107.793046 	 108.045027 	 294.748400
11:23:30.437 AM 12/14/2023 	 4.022033 	 297.647000 	 44.546000 	 -2926753.067484 	 4.024065 	 297.647000 	 44.546000 	 -2926753.067484 	 107.793284 	 108.045385 	 294.750764
11:23:40.937 AM 12/14/2023 	 4.003587 	 297.647000 	 44.546000 	 -2926772.772300 	 4.027904 	 297.647000 	 44.546000 	 -2926772.772300 	 107.794296 	 108.046219 	 294.752600
11:23:51.437 AM 12/14/2023 	 4.012381 	 297.647000 	 44.546000 	 -2926797.650815 	 4.027393 	 297.647000 	 44.546000 	 -2926797.650815 	 107.794892 	 108.046993 	 294.754919
11:24:01.937 AM 12/14/2023 	 4.007909 	 297.647000 	 44.546000 	 -2926823.269679 	 4.038938 	 297.647000 	 44.546000 	 -2926823.269679 	 107.796441 	 108.048363 	 294.757306
11:24:11.937 AM 12/14/2023 	 4.016759 	 297.647000 	 44.546000 	 -2926849.875368 	 4.033855 	 297.647000 	 44.546000 	 -2926849.875368 	 107.797632 	 108.051103 	 294.759785
11:24:22.437 AM 12/14/2023 	 4.014120 	 297.647000 	 44.546000 	 -2926873.772509 	 4.032205 	 297.647000 	 44.546000 	 -2926873.772509 	 107.799061 	 108.053307 	 294.762012
11:24:32.937 AM 12/14/2023 	 4.015662 	 297.647000 	 44.546000 	 -2926898.656396 	 4.016958 	 297.647000 	 44.546000 	 -2926898.656396 	 107.799597 	 108.054141 	 294.764331
11:24:43.438 AM 12/14/2023 	 4.014993 	 297.647000 	 44.546000 	 -2926930.933510 	 4.026488 	 297.647000 	 44.546000 	 -2926930.933510 	 107.799359 	 108.055213 	 294.767339
11:24:53.938 AM 12/14/2023 	 4.009524 	 297.647000 	 44.546000 	 -2926955.574027 	 4.031192 	 297.647000 	 44.546000 	 -2926955.574027 	 107.799835 	 108.057596 	 294.769635
11:25:03.938 AM 12/14/2023 	 4.013490 	 297.647000 	 44.546000 	 -2926982.926521 	 4.023568 	 297.647000 	 44.546000 	 -2926982.926521 	 107.800372 	 108.060157 	 294.772184
11:25:13.938 AM 12/14/2023 	 4.016038 	 297.647000 	 44.546000 	 -2927010.280615 	 4.026555 	 297.647000 	 44.546000 	 -2927010.280615 	 107.801324 	 108.062123 	 294.774733
11:25:24.438 AM 12/14/2023 	 4.010207 	 297.647000 	 44.546000 	 -2927045.276475 	 4.029896 	 297.647000 	 44.546000 	 -2927045.276475 	 107.802575 	 108.064744 	 294.777994
11:25:34.438 AM 12/14/2023 	 4.017483 	 297.647000 	 44.546000 	 -2927073.866585 	 4.033682 	 297.647000 	 44.546000 	 -2927073.866585 	 107.803350 	 108.065041 	 294.780658
