Timestamp                   	PTD1 raw (mA)	PTD1 T0 (K)	PTD1 aT (PSI/K)	PTD1 adj (PSI)	PTD2 raw (mA)	PTD2 T0 (K)	PTD2 aT (PSI/K)	PTD2 adj (PSI)	RTD0 Rraw (Ohm)	RTD1 Rraw (Ohm)	DAQ thermistor T (K)
1:39:09.532 PM 4/21/2023 	 4.002975 	 297.647000 	 44.546000 	 -69.203082 	 3.988518 	 297.647000 	 44.546000 	 -69.203082 	 108.976741 	 108.882756 	 300.232910
1:39:19.532 PM 4/21/2023 	 3.988820 	 297.647000 	 44.546000 	 -68.444200 	 3.987951 	 297.647000 	 44.546000 	 -68.444200 	 108.976741 	 108.882696 	 300.234882
1:39:30.032 PM 4/21/2023 	 3.998670 	 297.647000 	 44.546000 	 -68.280571 	 3.990692 	 297.647000 	 44.546000 	 -68.280571 	 108.976979 	 108.882815 	 300.235728
1:39:40.033 PM 4/21/2023 	 4.001937 	 297.647000 	 44.546000 	 -69.380749 	 3.996657 	 297.647000 	 44.546000 	 -69.380749 	 108.977575 	 108.883887 	 300.236420
1:39:50.531 PM 4/21/2023 	 3.982612 	 297.647000 	 44.546000 	 -67.448668 	 3.998406 	 297.647000 	 44.546000 	 -67.448668 	 108.977635 	 108.884900 	 300.236061
1:40:00.532 PM 4/21/2023 	 3.987857 	 297.647000 	 44.546000 	 -68.209173 	 3.999050 	 297.647000 	 44.546000 	 -68.209173 	 108.978171 	 108.886032 	 300.234985
1:40:11.031 PM 4/21/2023 	 4.004610 	 297.647000 	 44.546000 	 -67.859198 	 3.997682 	 297.647000 	 44.546000 	 -67.859198 	 108.979064 	 108.887819 	 300.233448
1:40:21.032 PM 4/21/2023 	 3.994752 	 297.647000 	 44.546000 	 -67.445236 	 3.988599 	 297.647000 	 44.546000 	 -67.445236 	 108.979541 	 108.889129 	 300.231936
1:40:31.532 PM 4/21/2023 	 3.983511 	 297.647000 	 44.546000 	 -68.025634 	 3.993494 	 297.647000 	 44.546000 	 -68.025634 	 108.979779 	 108.890261 	 300.229272
1:40:41.532 PM 4/21/2023 	 3.989995 	 297.647000 	 44.546000 	 -67.829818 	 3.983455 	 297.647000 	 44.546000 	 -67.829818 	 108.980910 	 108.890201 	 300.226633
1:40:52.032 PM 4/21/2023 	 4.002556 	 297.647000 	 44.546000 	 -68.727626 	 3.994396 	 297.647000 	 44.546000 	 -68.727626 	 108.981327 	 108.891393 	 300.223431
1:41:02.531 PM 4/21/2023 	 3.996628 	 297.647000 	 44.546000 	 -68.197244 	 3.987901 	 297.647000 	 44.546000 	 -68.197244 	 108.981566 	 108.891810 	 300.219845
1:41:12.531 PM 4/21/2023 	 3.997710 	 297.647000 	 44.546000 	 -67.361223 	 3.990628 	 297.647000 	 44.546000 	 -67.361223 	 108.981804 	 108.892048 	 300.217003
1:41:22.532 PM 4/21/2023 	 3.995790 	 297.647000 	 44.546000 	 -67.867600 	 3.989048 	 297.647000 	 44.546000 	 -67.867600 	 108.982578 	 108.893418 	 300.213187
1:41:32.532 PM 4/21/2023 	 4.004270 	 297.647000 	 44.546000 	 -68.226454 	 3.996553 	 297.647000 	 44.546000 	 -68.226454 	 108.984067 	 108.894728 	 300.209858
1:41:43.032 PM 4/21/2023 	 3.993757 	 297.647000 	 44.546000 	 -67.613392 	 3.992345 	 297.647000 	 44.546000 	 -67.613392 	 108.984901 	 108.896098 	 300.206247
1:41:53.033 PM 4/21/2023 	 3.997716 	 297.647000 	 44.546000 	 -68.297923 	 3.989211 	 297.647000 	 44.546000 	 -68.297923 	 108.985794 	 108.897111 	 300.202663
1:42:03.532 PM 4/21/2023 	 3.985079 	 297.647000 	 44.546000 	 -67.363459 	 3.992001 	 297.647000 	 44.546000 	 -67.363459 	 108.986628 	 108.897766 	 300.198746
1:42:14.032 PM 4/21/2023 	 3.979264 	 297.647000 	 44.546000 	 -68.352709 	 3.991446 	 297.647000 	 44.546000 	 -68.352709 	 108.987224 	 108.897885 	 300.194906
1:42:24.532 PM 4/21/2023 	 4.002164 	 297.647000 	 44.546000 	 -68.149076 	 3.989679 	 297.647000 	 44.546000 	 -68.149076 	 108.987938 	 108.898541 	 300.191041
1:42:35.031 PM 4/21/2023 	 3.994513 	 297.647000 	 44.546000 	 -68.255329 	 3.992694 	 297.647000 	 44.546000 	 -68.255329 	 108.989070 	 108.898838 	 300.187739
1:42:45.032 PM 4/21/2023 	 3.987979 	 297.647000 	 44.546000 	 -67.678333 	 3.991780 	 297.647000 	 44.546000 	 -67.678333 	 108.989070 	 108.899375 	 300.184258
1:42:55.532 PM 4/21/2023 	 3.994600 	 297.647000 	 44.546000 	 -68.137226 	 3.991571 	 297.647000 	 44.546000 	 -68.137226 	 108.989606 	 108.900745 	 300.181034
1:43:06.032 PM 4/21/2023 	 3.986606 	 297.647000 	 44.546000 	 -67.621036 	 3.975606 	 297.647000 	 44.546000 	 -67.621036 	 108.989904 	 108.900923 	 300.178065
1:43:16.531 PM 4/21/2023 	 3.998088 	 297.647000 	 44.546000 	 -67.286200 	 3.997405 	 297.647000 	 44.546000 	 -67.286200 	 108.990202 	 108.901817 	 300.174790
1:43:26.532 PM 4/21/2023 	 3.998818 	 297.647000 	 44.546000 	 -67.604159 	 3.996256 	 297.647000 	 44.546000 	 -67.604159 	 108.990023 	 108.902353 	 300.171438
1:43:36.532 PM 4/21/2023 	 3.998536 	 297.647000 	 44.546000 	 -68.451835 	 3.988675 	 297.647000 	 44.546000 	 -68.451835 	 108.990023 	 108.902710 	 300.168419
1:43:47.032 PM 4/21/2023 	 3.983901 	 297.647000 	 44.546000 	 -68.268466 	 3.985422 	 297.647000 	 44.546000 	 -68.268466 	 108.990142 	 108.903604 	 300.165503
1:43:57.032 PM 4/21/2023 	 3.988186 	 297.647000 	 44.546000 	 -67.598994 	 3.997391 	 297.647000 	 44.546000 	 -67.598994 	 108.990261 	 108.904140 	 300.163150
1:44:07.532 PM 4/21/2023 	 4.001119 	 297.647000 	 44.546000 	 -68.990154 	 3.983623 	 297.647000 	 44.546000 	 -68.990154 	 108.990440 	 108.905033 	 300.160157
1:44:18.032 PM 4/21/2023 	 4.002836 	 297.647000 	 44.546000 	 -68.575466 	 3.998354 	 297.647000 	 44.546000 	 -68.575466 	 108.990500 	 108.906701 	 300.157727
1:44:28.532 PM 4/21/2023 	 3.997024 	 297.647000 	 44.546000 	 -68.205825 	 4.000280 	 297.647000 	 44.546000 	 -68.205825 	 108.990678 	 108.907892 	 300.154760
1:44:38.532 PM 4/21/2023 	 3.990970 	 297.647000 	 44.546000 	 -67.203763 	 3.992845 	 297.647000 	 44.546000 	 -67.203763 	 108.991453 	 108.907654 	 300.152816
1:44:49.032 PM 4/21/2023 	 4.003560 	 297.647000 	 44.546000 	 -68.468027 	 3.987770 	 297.647000 	 44.546000 	 -68.468027 	 108.992167 	 108.907714 	 300.149850
1:44:59.532 PM 4/21/2023 	 3.994944 	 297.647000 	 44.546000 	 -68.080303 	 3.993541 	 297.647000 	 44.546000 	 -68.080303 	 108.992703 	 108.906939 	 300.147753
1:45:10.032 PM 4/21/2023 	 3.988387 	 297.647000 	 44.546000 	 -67.901208 	 3.983609 	 297.647000 	 44.546000 	 -67.901208 	 108.992703 	 108.907118 	 300.146142
1:45:20.032 PM 4/21/2023 	 3.999615 	 297.647000 	 44.546000 	 -68.321267 	 3.990302 	 297.647000 	 44.546000 	 -68.321267 	 108.992822 	 108.906820 	 300.144250
1:45:30.532 PM 4/21/2023 	 3.995502 	 297.647000 	 44.546000 	 -68.445760 	 3.985989 	 297.647000 	 44.546000 	 -68.445760 	 108.993001 	 108.906761 	 300.142409
1:45:41.033 PM 4/21/2023 	 3.983401 	 297.647000 	 44.546000 	 -68.172236 	 3.992138 	 297.647000 	 44.546000 	 -68.172236 	 108.992465 	 108.906522 	 300.140568
1:45:51.532 PM 4/21/2023 	 3.993751 	 297.647000 	 44.546000 	 -69.056900 	 3.985771 	 297.647000 	 44.546000 	 -69.056900 	 108.992882 	 108.907416 	 300.139059
1:46:02.032 PM 4/21/2023 	 3.985751 	 297.647000 	 44.546000 	 -68.969907 	 3.994018 	 297.647000 	 44.546000 	 -68.969907 	 108.993120 	 108.906939 	 300.137730
1:46:12.032 PM 4/21/2023 	 4.001146 	 297.647000 	 44.546000 	 -67.836352 	 3.997097 	 297.647000 	 44.546000 	 -67.836352 	 108.993597 	 108.907595 	 300.135915
1:46:22.532 PM 4/21/2023 	 4.010454 	 297.647000 	 44.546000 	 -67.905471 	 3.992036 	 297.647000 	 44.546000 	 -67.905471 	 108.994311 	 108.907952 	 300.134841
1:46:33.032 PM 4/21/2023 	 3.985760 	 297.647000 	 44.546000 	 -68.408457 	 4.000182 	 297.647000 	 44.546000 	 -68.408457 	 108.994609 	 108.908548 	 300.133435
1:46:43.532 PM 4/21/2023 	 3.997826 	 297.647000 	 44.546000 	 -67.923449 	 3.979410 	 297.647000 	 44.546000 	 -67.923449 	 108.994967 	 108.909858 	 300.132106
1:46:53.532 PM 4/21/2023 	 3.984524 	 297.647000 	 44.546000 	 -67.588826 	 3.991859 	 297.647000 	 44.546000 	 -67.588826 	 108.995026 	 108.910752 	 300.131160
1:47:04.031 PM 4/21/2023 	 3.988806 	 297.647000 	 44.546000 	 -68.365575 	 3.992458 	 297.647000 	 44.546000 	 -68.365575 	 108.995562 	 108.912717 	 300.130188
1:47:14.532 PM 4/21/2023 	 4.004113 	 297.647000 	 44.546000 	 -68.603727 	 3.991646 	 297.647000 	 44.546000 	 -68.603727 	 108.996575 	 108.914266 	 300.129549
1:47:25.032 PM 4/21/2023 	 3.987956 	 297.647000 	 44.546000 	 -68.300054 	 3.984170 	 297.647000 	 44.546000 	 -68.300054 	 108.996872 	 108.917006 	 300.127913
1:47:35.032 PM 4/21/2023 	 3.995008 	 297.647000 	 44.546000 	 -68.175206 	 3.993969 	 297.647000 	 44.546000 	 -68.175206 	 108.998183 	 108.920520 	 300.127428
1:47:45.532 PM 4/21/2023 	 3.986251 	 297.647000 	 44.546000 	 -67.498536 	 3.989580 	 297.647000 	 44.546000 	 -67.498536 	 108.999017 	 108.921831 	 300.126635
1:47:56.032 PM 4/21/2023 	 3.995962 	 297.647000 	 44.546000 	 -67.436534 	 3.991801 	 297.647000 	 44.546000 	 -67.436534 	 108.999791 	 108.922605 	 300.126150
1:48:06.532 PM 4/21/2023 	 3.993283 	 297.647000 	 44.546000 	 -67.757316 	 3.997571 	 297.647000 	 44.546000 	 -67.757316 	 109.000506 	 108.924630 	 300.125536
1:48:17.032 PM 4/21/2023 	 3.999083 	 297.647000 	 44.546000 	 -67.723140 	 3.979922 	 297.647000 	 44.546000 	 -67.723140 	 109.000923 	 108.926179 	 300.124897
1:48:27.032 PM 4/21/2023 	 3.993748 	 297.647000 	 44.546000 	 -68.174199 	 3.987872 	 297.647000 	 44.546000 	 -68.174199 	 109.001161 	 108.928383 	 300.124182
1:48:37.532 PM 4/21/2023 	 3.999822 	 297.647000 	 44.546000 	 -68.310515 	 3.991905 	 297.647000 	 44.546000 	 -68.310515 	 109.001876 	 108.929515 	 300.124412
1:48:48.032 PM 4/21/2023 	 3.988576 	 297.647000 	 44.546000 	 -69.019850 	 3.988230 	 297.647000 	 44.546000 	 -69.019850 	 109.002650 	 108.930944 	 300.123543
1:48:58.532 PM 4/21/2023 	 3.994155 	 297.647000 	 44.546000 	 -67.801110 	 3.989470 	 297.647000 	 44.546000 	 -67.801110 	 109.002590 	 108.932969 	 300.123159
1:49:08.532 PM 4/21/2023 	 3.987840 	 297.647000 	 44.546000 	 -66.985318 	 3.989510 	 297.647000 	 44.546000 	 -66.985318 	 109.002769 	 108.936007 	 300.123134
1:49:19.031 PM 4/21/2023 	 3.995584 	 297.647000 	 44.546000 	 -68.088644 	 3.995546 	 297.647000 	 44.546000 	 -68.088644 	 109.003424 	 108.937913 	 300.123287
1:49:29.532 PM 4/21/2023 	 3.988902 	 297.647000 	 44.546000 	 -67.562353 	 3.991678 	 297.647000 	 44.546000 	 -67.562353 	 109.003722 	 108.939939 	 300.122878
1:49:40.032 PM 4/21/2023 	 3.991083 	 297.647000 	 44.546000 	 -67.994225 	 3.996358 	 297.647000 	 44.546000 	 -67.994225 	 109.003305 	 108.942142 	 300.123057
1:49:50.032 PM 4/21/2023 	 3.997922 	 297.647000 	 44.546000 	 -67.770989 	 3.989650 	 297.647000 	 44.546000 	 -67.770989 	 109.004198 	 108.943929 	 300.123364
1:50:00.532 PM 4/21/2023 	 3.993271 	 297.647000 	 44.546000 	 -67.018039 	 3.995805 	 297.647000 	 44.546000 	 -67.018039 	 109.004556 	 108.946014 	 300.123338
1:50:11.032 PM 4/21/2023 	 3.986281 	 297.647000 	 44.546000 	 -68.314794 	 3.991582 	 297.647000 	 44.546000 	 -68.314794 	 109.005687 	 108.948039 	 300.123850
1:50:21.532 PM 4/21/2023 	 3.993969 	 297.647000 	 44.546000 	 -68.871225 	 3.999407 	 297.647000 	 44.546000 	 -68.871225 	 109.005449 	 108.950243 	 300.124054
1:50:32.032 PM 4/21/2023 	 3.987491 	 297.647000 	 44.546000 	 -67.995459 	 3.984275 	 297.647000 	 44.546000 	 -67.995459 	 109.005866 	 108.952566 	 300.124897
1:50:42.032 PM 4/21/2023 	 3.991872 	 297.647000 	 44.546000 	 -68.307692 	 3.992188 	 297.647000 	 44.546000 	 -68.307692 	 109.006343 	 108.953698 	 300.125409
1:50:52.532 PM 4/21/2023 	 4.003316 	 297.647000 	 44.546000 	 -67.535229 	 4.002379 	 297.647000 	 44.546000 	 -67.535229 	 109.006223 	 108.955843 	 300.125818
1:51:03.032 PM 4/21/2023 	 3.989291 	 297.647000 	 44.546000 	 -67.222784 	 3.990104 	 297.647000 	 44.546000 	 -67.222784 	 109.006223 	 108.957093 	 300.126712
1:51:13.532 PM 4/21/2023 	 3.986304 	 297.647000 	 44.546000 	 -68.405634 	 3.984680 	 297.647000 	 44.546000 	 -68.405634 	 109.006998 	 108.958761 	 300.127428
1:51:23.532 PM 4/21/2023 	 3.995461 	 297.647000 	 44.546000 	 -67.744785 	 3.979407 	 297.647000 	 44.546000 	 -67.744785 	 109.006819 	 108.959893 	 300.127683
1:51:34.032 PM 4/21/2023 	 3.993128 	 297.647000 	 44.546000 	 -67.968941 	 3.994620 	 297.647000 	 44.546000 	 -67.968941 	 109.007176 	 108.961025 	 300.128757
1:51:44.532 PM 4/21/2023 	 3.991514 	 297.647000 	 44.546000 	 -68.635303 	 3.996276 	 297.647000 	 44.546000 	 -68.635303 	 109.007653 	 108.961442 	 300.129779
1:51:55.032 PM 4/21/2023 	 3.997605 	 297.647000 	 44.546000 	 -67.867719 	 3.991364 	 297.647000 	 44.546000 	 -67.867719 	 109.008248 	 108.962335 	 300.130546
1:52:05.032 PM 4/21/2023 	 3.992253 	 297.647000 	 44.546000 	 -67.155281 	 3.983315 	 297.647000 	 44.546000 	 -67.155281 	 109.008665 	 108.962752 	 300.131952
1:52:15.532 PM 4/21/2023 	 3.986912 	 297.647000 	 44.546000 	 -67.559618 	 3.991757 	 297.647000 	 44.546000 	 -67.559618 	 109.009618 	 108.963467 	 300.132745
1:52:26.031 PM 4/21/2023 	 3.992899 	 297.647000 	 44.546000 	 -68.058683 	 3.992778 	 297.647000 	 44.546000 	 -68.058683 	 109.010929 	 108.964539 	 300.134227
1:52:36.532 PM 4/21/2023 	 3.995299 	 297.647000 	 44.546000 	 -68.232910 	 3.986903 	 297.647000 	 44.546000 	 -68.232910 	 109.012299 	 108.965492 	 300.135480
1:52:47.032 PM 4/21/2023 	 3.995715 	 297.647000 	 44.546000 	 -67.880844 	 3.991690 	 297.647000 	 44.546000 	 -67.880844 	 109.012954 	 108.966445 	 300.136324
1:52:57.532 PM 4/21/2023 	 3.997521 	 297.647000 	 44.546000 	 -66.827514 	 3.978816 	 297.647000 	 44.546000 	 -66.827514 	 109.014204 	 108.966803 	 300.137858
1:53:07.532 PM 4/21/2023 	 3.997026 	 297.647000 	 44.546000 	 -68.163305 	 3.992385 	 297.647000 	 44.546000 	 -68.163305 	 109.014681 	 108.967100 	 300.139366
1:53:18.032 PM 4/21/2023 	 3.999077 	 297.647000 	 44.546000 	 -66.816702 	 3.991748 	 297.647000 	 44.546000 	 -66.816702 	 109.015813 	 108.968173 	 300.140900
1:53:28.532 PM 4/21/2023 	 3.995456 	 297.647000 	 44.546000 	 -68.934457 	 3.989836 	 297.647000 	 44.546000 	 -68.934457 	 109.015991 	 108.968470 	 300.142255
1:53:39.032 PM 4/21/2023 	 3.996186 	 297.647000 	 44.546000 	 -67.596977 	 3.992703 	 297.647000 	 44.546000 	 -67.596977 	 109.016349 	 108.969543 	 300.143585
1:53:49.032 PM 4/21/2023 	 4.001122 	 297.647000 	 44.546000 	 -66.777501 	 3.988460 	 297.647000 	 44.546000 	 -66.777501 	 109.016229 	 108.969781 	 300.145042
1:53:59.532 PM 4/21/2023 	 3.995109 	 297.647000 	 44.546000 	 -67.306949 	 3.985113 	 297.647000 	 44.546000 	 -67.306949 	 109.016468 	 108.970496 	 300.146781
1:54:10.032 PM 4/21/2023 	 3.984329 	 297.647000 	 44.546000 	 -66.952039 	 3.985998 	 297.647000 	 44.546000 	 -66.952039 	 109.017063 	 108.972223 	 300.148622
1:54:20.532 PM 4/21/2023 	 3.998987 	 297.647000 	 44.546000 	 -67.196258 	 3.992362 	 297.647000 	 44.546000 	 -67.196258 	 109.017659 	 108.973057 	 300.150182
1:54:30.532 PM 4/21/2023 	 3.991095 	 297.647000 	 44.546000 	 -67.522265 	 3.990980 	 297.647000 	 44.546000 	 -67.522265 	 109.018016 	 108.972938 	 300.152254
1:54:41.032 PM 4/21/2023 	 3.992663 	 297.647000 	 44.546000 	 -68.145837 	 3.994868 	 297.647000 	 44.546000 	 -68.145837 	 109.017778 	 108.972997 	 300.153762
1:54:51.532 PM 4/21/2023 	 3.991747 	 297.647000 	 44.546000 	 -66.715718 	 3.991623 	 297.647000 	 44.546000 	 -66.715718 	 109.017778 	 108.973176 	 300.155757
1:55:02.032 PM 4/21/2023 	 3.982639 	 297.647000 	 44.546000 	 -67.125493 	 3.993061 	 297.647000 	 44.546000 	 -67.125493 	 109.017480 	 108.974129 	 300.157829
1:55:12.532 PM 4/21/2023 	 3.984483 	 297.647000 	 44.546000 	 -67.346455 	 3.987275 	 297.647000 	 44.546000 	 -67.346455 	 109.018016 	 108.975142 	 300.159441
1:55:22.532 PM 4/21/2023 	 3.989120 	 297.647000 	 44.546000 	 -67.659820 	 3.994277 	 297.647000 	 44.546000 	 -67.659820 	 109.018493 	 108.975797 	 300.161794
1:55:33.032 PM 4/21/2023 	 3.995825 	 297.647000 	 44.546000 	 -67.076754 	 3.995005 	 297.647000 	 44.546000 	 -67.076754 	 109.018016 	 108.976095 	 300.163584
1:55:43.532 PM 4/21/2023 	 4.004305 	 297.647000 	 44.546000 	 -67.192111 	 3.988725 	 297.647000 	 44.546000 	 -67.192111 	 109.018671 	 108.976631 	 300.165682
1:55:54.032 PM 4/21/2023 	 3.989603 	 297.647000 	 44.546000 	 -67.537596 	 3.993890 	 297.647000 	 44.546000 	 -67.537596 	 109.019148 	 108.977227 	 300.167319
1:56:04.032 PM 4/21/2023 	 3.996750 	 297.647000 	 44.546000 	 -67.710050 	 3.987892 	 297.647000 	 44.546000 	 -67.710050 	 109.018969 	 108.977643 	 300.169545
1:56:14.532 PM 4/21/2023 	 3.990234 	 297.647000 	 44.546000 	 -67.986091 	 3.982410 	 297.647000 	 44.546000 	 -67.986091 	 109.019505 	 108.978418 	 300.171797
1:56:25.032 PM 4/21/2023 	 4.004482 	 297.647000 	 44.546000 	 -67.223940 	 3.993570 	 297.647000 	 44.546000 	 -67.223940 	 109.019624 	 108.978537 	 300.173843
1:56:35.532 PM 4/21/2023 	 3.988151 	 297.647000 	 44.546000 	 -67.240563 	 3.991993 	 297.647000 	 44.546000 	 -67.240563 	 109.019982 	 108.979192 	 300.176274
1:56:45.532 PM 4/21/2023 	 3.995662 	 297.647000 	 44.546000 	 -67.532654 	 3.979840 	 297.647000 	 44.546000 	 -67.532654 	 109.020756 	 108.979967 	 300.178168
1:56:56.032 PM 4/21/2023 	 3.993859 	 297.647000 	 44.546000 	 -67.330609 	 3.981941 	 297.647000 	 44.546000 	 -67.330609 	 109.021947 	 108.980503 	 300.180803
1:57:06.532 PM 4/21/2023 	 4.000657 	 297.647000 	 44.546000 	 -66.860843 	 3.991664 	 297.647000 	 44.546000 	 -66.860843 	 109.021947 	 108.981456 	 300.183337
1:57:17.032 PM 4/21/2023 	 3.991680 	 297.647000 	 44.546000 	 -67.216904 	 3.996480 	 297.647000 	 44.546000 	 -67.216904 	 109.021947 	 108.982587 	 300.185205
1:57:27.532 PM 4/21/2023 	 3.997728 	 297.647000 	 44.546000 	 -67.582984 	 3.985532 	 297.647000 	 44.546000 	 -67.582984 	 109.022722 	 108.983838 	 300.188251
1:57:37.532 PM 4/21/2023 	 3.992256 	 297.647000 	 44.546000 	 -67.056094 	 3.979837 	 297.647000 	 44.546000 	 -67.056094 	 109.023198 	 108.984374 	 300.190657
1:57:48.032 PM 4/21/2023 	 3.996689 	 297.647000 	 44.546000 	 -67.173961 	 3.988710 	 297.647000 	 44.546000 	 -67.173961 	 109.023615 	 108.984017 	 300.193165
1:57:58.532 PM 4/21/2023 	 3.990606 	 297.647000 	 44.546000 	 -66.337741 	 3.992511 	 297.647000 	 44.546000 	 -66.337741 	 109.023377 	 108.984672 	 300.195930
1:58:09.032 PM 4/21/2023 	 3.994065 	 297.647000 	 44.546000 	 -67.455288 	 3.983862 	 297.647000 	 44.546000 	 -67.455288 	 109.023734 	 108.985625 	 300.198567
1:58:19.032 PM 4/21/2023 	 3.992779 	 297.647000 	 44.546000 	 -67.172843 	 3.989720 	 297.647000 	 44.546000 	 -67.172843 	 109.024032 	 108.985983 	 300.201127
1:58:29.532 PM 4/21/2023 	 4.004706 	 297.647000 	 44.546000 	 -67.491232 	 3.995217 	 297.647000 	 44.546000 	 -67.491232 	 109.023853 	 108.986400 	 300.204301
1:58:40.031 PM 4/21/2023 	 3.992203 	 297.647000 	 44.546000 	 -66.986665 	 3.990430 	 297.647000 	 44.546000 	 -66.986665 	 109.024627 	 108.987234 	 300.207143
1:58:50.032 PM 4/21/2023 	 3.998432 	 297.647000 	 44.546000 	 -67.173072 	 3.985014 	 297.647000 	 44.546000 	 -67.173072 	 109.025044 	 108.987353 	 300.209525
1:59:00.532 PM 4/21/2023 	 3.993515 	 297.647000 	 44.546000 	 -66.746537 	 3.997984 	 297.647000 	 44.546000 	 -66.746537 	 109.024925 	 108.987770 	 300.212495
1:59:10.532 PM 4/21/2023 	 3.988215 	 297.647000 	 44.546000 	 -67.084415 	 3.991056 	 297.647000 	 44.546000 	 -67.084415 	 109.025521 	 108.989259 	 300.215235
1:59:21.031 PM 4/21/2023 	 3.998205 	 297.647000 	 44.546000 	 -67.330457 	 3.983489 	 297.647000 	 44.546000 	 -67.330457 	 109.025819 	 108.990391 	 300.218155
1:59:31.033 PM 4/21/2023 	 3.994862 	 297.647000 	 44.546000 	 -66.567598 	 3.988017 	 297.647000 	 44.546000 	 -66.567598 	 109.026474 	 108.992237 	 300.221152
1:59:41.531 PM 4/21/2023 	 3.996488 	 297.647000 	 44.546000 	 -67.162814 	 3.984450 	 297.647000 	 44.546000 	 -67.162814 	 109.027605 	 108.992594 	 300.224225
1:59:51.532 PM 4/21/2023 	 3.990737 	 297.647000 	 44.546000 	 -66.715286 	 3.989705 	 297.647000 	 44.546000 	 -66.715286 	 109.027486 	 108.994620 	 300.227197
2:00:02.031 PM 4/21/2023 	 3.986539 	 297.647000 	 44.546000 	 -67.155810 	 3.991579 	 297.647000 	 44.546000 	 -67.155810 	 109.027546 	 108.994501 	 300.230450
2:00:12.032 PM 4/21/2023 	 3.993891 	 297.647000 	 44.546000 	 -66.655769 	 3.986298 	 297.647000 	 44.546000 	 -66.655769 	 109.028201 	 108.994917 	 300.233191
2:00:22.032 PM 4/21/2023 	 3.995921 	 297.647000 	 44.546000 	 -66.467875 	 3.987997 	 297.647000 	 44.546000 	 -66.467875 	 109.028261 	 108.995513 	 300.236445
2:00:32.531 PM 4/21/2023 	 4.000427 	 297.647000 	 44.546000 	 -67.555418 	 3.991888 	 297.647000 	 44.546000 	 -67.555418 	 109.028975 	 108.996585 	 300.239751
2:00:42.531 PM 4/21/2023 	 3.998664 	 297.647000 	 44.546000 	 -67.015095 	 3.990299 	 297.647000 	 44.546000 	 -67.015095 	 109.028678 	 108.997062 	 300.243389
2:00:52.532 PM 4/21/2023 	 3.996849 	 297.647000 	 44.546000 	 -67.816026 	 4.000292 	 297.647000 	 44.546000 	 -67.816026 	 109.029690 	 108.997002 	 300.246080
2:01:03.032 PM 4/21/2023 	 3.990580 	 297.647000 	 44.546000 	 -67.487687 	 3.991844 	 297.647000 	 44.546000 	 -67.487687 	 109.029988 	 108.998134 	 300.250129
2:01:13.531 PM 4/21/2023 	 3.992011 	 297.647000 	 44.546000 	 -67.246087 	 3.995528 	 297.647000 	 44.546000 	 -67.246087 	 109.029690 	 108.998611 	 300.253179
2:01:23.532 PM 4/21/2023 	 4.000770 	 297.647000 	 44.546000 	 -66.842900 	 3.999358 	 297.647000 	 44.546000 	 -66.842900 	 109.030047 	 108.998908 	 300.256563
2:01:34.032 PM 4/21/2023 	 3.995688 	 297.647000 	 44.546000 	 -66.093309 	 3.992193 	 297.647000 	 44.546000 	 -66.093309 	 109.030107 	 108.999564 	 300.260664
2:01:44.531 PM 4/21/2023 	 3.988843 	 297.647000 	 44.546000 	 -66.359230 	 3.994129 	 297.647000 	 44.546000 	 -66.359230 	 109.030286 	 108.999981 	 300.264074
2:01:54.532 PM 4/21/2023 	 3.993227 	 297.647000 	 44.546000 	 -66.443766 	 3.987409 	 297.647000 	 44.546000 	 -66.443766 	 109.030762 	 109.000040 	 300.267792
2:02:05.033 PM 4/21/2023 	 4.003348 	 297.647000 	 44.546000 	 -66.760998 	 3.989237 	 297.647000 	 44.546000 	 -66.760998 	 109.030762 	 109.000814 	 300.271458
2:02:15.532 PM 4/21/2023 	 3.985329 	 297.647000 	 44.546000 	 -67.054054 	 3.985721 	 297.647000 	 44.546000 	 -67.054054 	 109.031179 	 109.000695 	 300.275664
2:02:26.032 PM 4/21/2023 	 3.997888 	 297.647000 	 44.546000 	 -66.848744 	 3.989129 	 297.647000 	 44.546000 	 -66.848744 	 109.031477 	 109.000874 	 300.279305
2:02:36.533 PM 4/21/2023 	 3.996884 	 297.647000 	 44.546000 	 -66.975114 	 3.993998 	 297.647000 	 44.546000 	 -66.975114 	 109.031179 	 109.000636 	 300.283024
2:02:47.032 PM 4/21/2023 	 3.993236 	 297.647000 	 44.546000 	 -66.786345 	 3.983146 	 297.647000 	 44.546000 	 -66.786345 	 109.031477 	 109.001291 	 300.287231
2:02:57.532 PM 4/21/2023 	 3.999272 	 297.647000 	 44.546000 	 -68.382677 	 3.997772 	 297.647000 	 44.546000 	 -68.382677 	 109.031775 	 109.001946 	 300.291335
2:03:08.032 PM 4/21/2023 	 3.994894 	 297.647000 	 44.546000 	 -66.616842 	 3.992374 	 297.647000 	 44.546000 	 -66.616842 	 109.032192 	 109.002244 	 300.295209
2:03:18.032 PM 4/21/2023 	 3.994010 	 297.647000 	 44.546000 	 -65.736809 	 3.988396 	 297.647000 	 44.546000 	 -65.736809 	 109.032072 	 109.002601 	 300.299416
2:03:28.033 PM 4/21/2023 	 3.995133 	 297.647000 	 44.546000 	 -66.199374 	 3.996905 	 297.647000 	 44.546000 	 -66.199374 	 109.031656 	 109.002244 	 300.303111
2:03:38.532 PM 4/21/2023 	 3.991176 	 297.647000 	 44.546000 	 -66.597226 	 3.988739 	 297.647000 	 44.546000 	 -66.597226 	 109.032251 	 109.001946 	 300.307781
2:03:49.032 PM 4/21/2023 	 3.996314 	 297.647000 	 44.546000 	 -66.439874 	 3.991114 	 297.647000 	 44.546000 	 -66.439874 	 109.032251 	 109.002601 	 300.312221
2:03:59.532 PM 4/21/2023 	 3.989344 	 297.647000 	 44.546000 	 -67.252952 	 3.985768 	 297.647000 	 44.546000 	 -67.252952 	 109.032728 	 109.003018 	 300.316507
2:04:10.031 PM 4/21/2023 	 3.989347 	 297.647000 	 44.546000 	 -66.961598 	 3.989659 	 297.647000 	 44.546000 	 -66.961598 	 109.033085 	 109.003733 	 300.320666
2:04:20.031 PM 4/21/2023 	 3.988916 	 297.647000 	 44.546000 	 -67.036898 	 3.982619 	 297.647000 	 44.546000 	 -67.036898 	 109.033442 	 109.005222 	 300.325055
2:04:30.032 PM 4/21/2023 	 4.000890 	 297.647000 	 44.546000 	 -66.638678 	 3.987936 	 297.647000 	 44.546000 	 -66.638678 	 109.033442 	 109.006175 	 300.329728
2:04:40.032 PM 4/21/2023 	 3.993239 	 297.647000 	 44.546000 	 -66.428548 	 3.983769 	 297.647000 	 44.546000 	 -66.428548 	 109.033204 	 109.006414 	 300.333476
2:04:50.532 PM 4/21/2023 	 3.985591 	 297.647000 	 44.546000 	 -66.111774 	 3.986114 	 297.647000 	 44.546000 	 -66.111774 	 109.033442 	 109.006890 	 300.338201
2:05:01.031 PM 4/21/2023 	 3.992965 	 297.647000 	 44.546000 	 -66.785208 	 3.989173 	 297.647000 	 44.546000 	 -66.785208 	 109.033145 	 109.006890 	 300.342798
2:05:11.032 PM 4/21/2023 	 3.996570 	 297.647000 	 44.546000 	 -66.889614 	 3.979407 	 297.647000 	 44.546000 	 -66.889614 	 109.033740 	 109.006950 	 300.347472
2:05:21.032 PM 4/21/2023 	 3.995525 	 297.647000 	 44.546000 	 -66.140964 	 3.990023 	 297.647000 	 44.546000 	 -66.140964 	 109.033859 	 109.007069 	 300.352019
2:05:31.531 PM 4/21/2023 	 4.003415 	 297.647000 	 44.546000 	 -66.416348 	 3.987374 	 297.647000 	 44.546000 	 -66.416348 	 109.033800 	 109.006354 	 300.356617
2:05:41.532 PM 4/21/2023 	 3.988640 	 297.647000 	 44.546000 	 -66.920972 	 3.990657 	 297.647000 	 44.546000 	 -66.920972 	 109.033502 	 109.006294 	 300.361242
2:05:52.031 PM 4/21/2023 	 3.996773 	 297.647000 	 44.546000 	 -67.039312 	 3.988739 	 297.647000 	 44.546000 	 -67.039312 	 109.033740 	 109.005758 	 300.366072
2:06:02.032 PM 4/21/2023 	 3.992369 	 297.647000 	 44.546000 	 -66.631656 	 3.991184 	 297.647000 	 44.546000 	 -66.631656 	 109.033919 	 109.006235 	 300.370955
2:06:12.533 PM 4/21/2023 	 3.993701 	 297.647000 	 44.546000 	 -66.528762 	 3.988271 	 297.647000 	 44.546000 	 -66.528762 	 109.034157 	 109.006056 	 300.375580
2:06:23.031 PM 4/21/2023 	 3.997349 	 297.647000 	 44.546000 	 -66.935662 	 3.998188 	 297.647000 	 44.546000 	 -66.935662 	 109.033681 	 109.006473 	 300.380515
2:06:33.032 PM 4/21/2023 	 3.987366 	 297.647000 	 44.546000 	 -68.095497 	 3.993442 	 297.647000 	 44.546000 	 -68.095497 	 109.033740 	 109.006294 	 300.385476
2:06:43.532 PM 4/21/2023 	 3.995700 	 297.647000 	 44.546000 	 -66.650932 	 4.001066 	 297.647000 	 44.546000 	 -66.650932 	 109.034038 	 109.005997 	 300.390592
2:06:54.032 PM 4/21/2023 	 3.987531 	 297.647000 	 44.546000 	 -66.821570 	 3.993154 	 297.647000 	 44.546000 	 -66.821570 	 109.033621 	 109.005699 	 300.395657
2:07:04.532 PM 4/21/2023 	 3.996820 	 297.647000 	 44.546000 	 -66.795581 	 3.983862 	 297.647000 	 44.546000 	 -66.795581 	 109.033561 	 109.006056 	 300.400903
2:07:15.032 PM 4/21/2023 	 3.989338 	 297.647000 	 44.546000 	 -66.603145 	 3.983344 	 297.647000 	 44.546000 	 -66.603145 	 109.033621 	 109.005758 	 300.406123
2:07:25.032 PM 4/21/2023 	 3.991726 	 297.647000 	 44.546000 	 -67.325075 	 3.992930 	 297.647000 	 44.546000 	 -67.325075 	 109.033740 	 109.006414 	 300.410573
2:07:35.033 PM 4/21/2023 	 3.996192 	 297.647000 	 44.546000 	 -66.907939 	 3.985442 	 297.647000 	 44.546000 	 -66.907939 	 109.033383 	 109.005699 	 300.415666
2:07:45.532 PM 4/21/2023 	 3.988899 	 297.647000 	 44.546000 	 -66.940056 	 3.990869 	 297.647000 	 44.546000 	 -66.940056 	 109.033442 	 109.006950 	 300.421017
2:07:55.532 PM 4/21/2023 	 3.994149 	 297.647000 	 44.546000 	 -67.759890 	 3.994158 	 297.647000 	 44.546000 	 -67.759890 	 109.033800 	 109.007664 	 300.426085
2:08:05.532 PM 4/21/2023 	 3.996672 	 297.647000 	 44.546000 	 -66.609369 	 3.986513 	 297.647000 	 44.546000 	 -66.609369 	 109.033502 	 109.007843 	 300.430717
2:08:16.031 PM 4/21/2023 	 3.996427 	 297.647000 	 44.546000 	 -66.330822 	 3.989801 	 297.647000 	 44.546000 	 -66.330822 	 109.033681 	 109.009094 	 300.436455
2:08:26.032 PM 4/21/2023 	 4.002207 	 297.647000 	 44.546000 	 -66.313844 	 3.987467 	 297.647000 	 44.546000 	 -66.313844 	 109.033800 	 109.010285 	 300.441500
2:08:36.032 PM 4/21/2023 	 3.988736 	 297.647000 	 44.546000 	 -66.239924 	 3.993567 	 297.647000 	 44.546000 	 -66.239924 	 109.033859 	 109.011774 	 300.446879
2:08:46.032 PM 4/21/2023 	 3.990673 	 297.647000 	 44.546000 	 -66.241522 	 3.991355 	 297.647000 	 44.546000 	 -66.241522 	 109.034097 	 109.012966 	 300.451977
2:08:56.532 PM 4/21/2023 	 3.999778 	 297.647000 	 44.546000 	 -67.664141 	 3.986554 	 297.647000 	 44.546000 	 -67.664141 	 109.033859 	 109.014038 	 300.457615
2:09:07.032 PM 4/21/2023 	 3.984931 	 297.647000 	 44.546000 	 -66.340394 	 4.002579 	 297.647000 	 44.546000 	 -66.340394 	 109.034336 	 109.015765 	 300.463306
2:09:17.532 PM 4/21/2023 	 3.989972 	 297.647000 	 44.546000 	 -67.087881 	 3.989083 	 297.647000 	 44.546000 	 -67.087881 	 109.034991 	 109.016421 	 300.468585
2:09:28.032 PM 4/21/2023 	 3.995264 	 297.647000 	 44.546000 	 -66.177102 	 3.989051 	 297.647000 	 44.546000 	 -66.177102 	 109.034812 	 109.017374 	 300.473942
2:09:38.032 PM 4/21/2023 	 3.996965 	 297.647000 	 44.546000 	 -66.597603 	 3.997653 	 297.647000 	 44.546000 	 -66.597603 	 109.035289 	 109.018982 	 300.479506
2:09:48.532 PM 4/21/2023 	 3.998074 	 297.647000 	 44.546000 	 -67.201973 	 3.987366 	 297.647000 	 44.546000 	 -67.201973 	 109.035170 	 109.020352 	 300.485173
2:09:59.032 PM 4/21/2023 	 3.993451 	 297.647000 	 44.546000 	 -66.253827 	 3.982128 	 297.647000 	 44.546000 	 -66.253827 	 109.035229 	 109.022258 	 300.490429
2:10:09.532 PM 4/21/2023 	 3.994231 	 297.647000 	 44.546000 	 -67.184012 	 3.995083 	 297.647000 	 44.546000 	 -67.184012 	 109.035467 	 109.023390 	 300.496305
2:10:19.532 PM 4/21/2023 	 3.995092 	 297.647000 	 44.546000 	 -66.811766 	 3.998182 	 297.647000 	 44.546000 	 -66.811766 	 109.035706 	 109.024879 	 300.501330
2:10:30.032 PM 4/21/2023 	 3.984605 	 297.647000 	 44.546000 	 -66.162804 	 3.981089 	 297.647000 	 44.546000 	 -66.162804 	 109.036480 	 109.026845 	 300.507387
2:10:40.532 PM 4/21/2023 	 4.001288 	 297.647000 	 44.546000 	 -67.153402 	 3.988858 	 297.647000 	 44.546000 	 -67.153402 	 109.036718 	 109.028512 	 300.513316
2:10:51.032 PM 4/21/2023 	 3.997463 	 297.647000 	 44.546000 	 -66.848753 	 3.982922 	 297.647000 	 44.546000 	 -66.848753 	 109.036956 	 109.030538 	 300.519168
2:11:01.032 PM 4/21/2023 	 3.991316 	 297.647000 	 44.546000 	 -66.749954 	 3.991076 	 297.647000 	 44.546000 	 -66.749954 	 109.036837 	 109.031729 	 300.524635
2:11:11.532 PM 4/21/2023 	 3.991040 	 297.647000 	 44.546000 	 -68.283952 	 3.995886 	 297.647000 	 44.546000 	 -68.283952 	 109.037195 	 109.032861 	 300.530592
2:11:22.032 PM 4/21/2023 	 3.998848 	 297.647000 	 44.546000 	 -67.616017 	 3.993189 	 297.647000 	 44.546000 	 -67.616017 	 109.037612 	 109.033278 	 300.536137
2:11:32.532 PM 4/21/2023 	 3.995764 	 297.647000 	 44.546000 	 -67.091322 	 3.987596 	 297.647000 	 44.546000 	 -67.091322 	 109.038148 	 109.033695 	 300.542224
2:11:43.032 PM 4/21/2023 	 3.995642 	 297.647000 	 44.546000 	 -66.368721 	 3.988451 	 297.647000 	 44.546000 	 -66.368721 	 109.039041 	 109.034707 	 300.548055
2:11:53.032 PM 4/21/2023 	 3.998944 	 297.647000 	 44.546000 	 -66.270910 	 3.994556 	 297.647000 	 44.546000 	 -66.270910 	 109.039398 	 109.036673 	 300.553499
2:12:03.532 PM 4/21/2023 	 3.988009 	 297.647000 	 44.546000 	 -66.971434 	 3.996410 	 297.647000 	 44.546000 	 -66.971434 	 109.040590 	 109.037269 	 300.559356
2:12:14.032 PM 4/21/2023 	 3.995906 	 297.647000 	 44.546000 	 -66.464070 	 3.994746 	 297.647000 	 44.546000 	 -66.464070 	 109.041781 	 109.038281 	 300.565524
2:12:24.532 PM 4/21/2023 	 3.990228 	 297.647000 	 44.546000 	 -67.326304 	 3.991416 	 297.647000 	 44.546000 	 -67.326304 	 109.042138 	 109.039889 	 300.571513
2:12:34.532 PM 4/21/2023 	 3.995616 	 297.647000 	 44.546000 	 -66.381294 	 3.992121 	 297.647000 	 44.546000 	 -66.381294 	 109.042734 	 109.040723 	 300.577631
2:12:45.032 PM 4/21/2023 	 3.991360 	 297.647000 	 44.546000 	 -66.476536 	 3.984790 	 297.647000 	 44.546000 	 -66.476536 	 109.043925 	 109.041319 	 300.583440
2:12:55.532 PM 4/21/2023 	 3.993998 	 297.647000 	 44.546000 	 -65.982935 	 3.991641 	 297.647000 	 44.546000 	 -65.982935 	 109.044759 	 109.041915 	 300.589301
2:13:06.032 PM 4/21/2023 	 3.987598 	 297.647000 	 44.546000 	 -65.645274 	 3.992452 	 297.647000 	 44.546000 	 -65.645274 	 109.044699 	 109.043463 	 300.595422
2:13:16.032 PM 4/21/2023 	 3.999304 	 297.647000 	 44.546000 	 -66.314055 	 3.987857 	 297.647000 	 44.546000 	 -66.314055 	 109.044699 	 109.046263 	 300.601052
2:13:26.532 PM 4/21/2023 	 3.994728 	 297.647000 	 44.546000 	 -66.005440 	 4.001535 	 297.647000 	 44.546000 	 -66.005440 	 109.045414 	 109.046501 	 300.607459
2:13:37.032 PM 4/21/2023 	 3.984684 	 297.647000 	 44.546000 	 -66.757944 	 3.984802 	 297.647000 	 44.546000 	 -66.757944 	 109.045771 	 109.046263 	 300.613091
2:13:47.532 PM 4/21/2023 	 3.990472 	 297.647000 	 44.546000 	 -66.706396 	 3.999044 	 297.647000 	 44.546000 	 -66.706396 	 109.046307 	 109.045846 	 300.619370
2:13:58.032 PM 4/21/2023 	 3.990755 	 297.647000 	 44.546000 	 -66.462751 	 3.989315 	 297.647000 	 44.546000 	 -66.462751 	 109.047260 	 109.046620 	 300.625262
2:14:08.032 PM 4/21/2023 	 3.998874 	 297.647000 	 44.546000 	 -66.041057 	 4.000729 	 297.647000 	 44.546000 	 -66.041057 	 109.047260 	 109.047156 	 300.631387
2:14:18.532 PM 4/21/2023 	 3.991799 	 297.647000 	 44.546000 	 -66.184813 	 3.985687 	 297.647000 	 44.546000 	 -66.184813 	 109.047141 	 109.047454 	 300.637048
2:14:29.032 PM 4/21/2023 	 3.987886 	 297.647000 	 44.546000 	 -66.880199 	 3.996486 	 297.647000 	 44.546000 	 -66.880199 	 109.048332 	 109.046859 	 300.643486
2:14:39.032 PM 4/21/2023 	 3.990583 	 297.647000 	 44.546000 	 -66.891282 	 3.982186 	 297.647000 	 44.546000 	 -66.891282 	 109.048154 	 109.046203 	 300.649769
2:14:49.532 PM 4/21/2023 	 3.999141 	 297.647000 	 44.546000 	 -66.851095 	 4.005105 	 297.647000 	 44.546000 	 -66.851095 	 109.048154 	 109.045965 	 300.655794
2:15:00.032 PM 4/21/2023 	 3.989318 	 297.647000 	 44.546000 	 -66.247680 	 3.989694 	 297.647000 	 44.546000 	 -66.247680 	 109.049345 	 109.047156 	 300.662234
2:15:10.531 PM 4/21/2023 	 4.001410 	 297.647000 	 44.546000 	 -65.601151 	 3.992301 	 297.647000 	 44.546000 	 -65.601151 	 109.050179 	 109.047871 	 300.668235
2:15:20.531 PM 4/21/2023 	 3.995851 	 297.647000 	 44.546000 	 -66.169398 	 3.984392 	 297.647000 	 44.546000 	 -66.169398 	 109.049821 	 109.048467 	 300.673772
2:15:30.532 PM 4/21/2023 	 3.999918 	 297.647000 	 44.546000 	 -66.928526 	 3.993317 	 297.647000 	 44.546000 	 -66.928526 	 109.050953 	 109.048943 	 300.680188
2:15:41.032 PM 4/21/2023 	 3.995290 	 297.647000 	 44.546000 	 -65.766374 	 3.991952 	 297.647000 	 44.546000 	 -65.766374 	 109.051608 	 109.048884 	 300.686477
2:15:51.032 PM 4/21/2023 	 3.989713 	 297.647000 	 44.546000 	 -66.594049 	 3.985454 	 297.647000 	 44.546000 	 -66.594049 	 109.052085 	 109.048467 	 300.692766
2:16:01.531 PM 4/21/2023 	 3.970714 	 297.647000 	 44.546000 	 -66.486089 	 3.994641 	 297.647000 	 44.546000 	 -66.486089 	 109.052561 	 109.048169 	 300.698901
2:16:11.531 PM 4/21/2023 	 4.002556 	 297.647000 	 44.546000 	 -65.635670 	 3.974657 	 297.647000 	 44.546000 	 -65.635670 	 109.052144 	 109.049837 	 300.704777
2:16:22.032 PM 4/21/2023 	 3.988442 	 297.647000 	 44.546000 	 -66.040805 	 3.987846 	 297.647000 	 44.546000 	 -66.040805 	 109.052502 	 109.050135 	 300.711147
2:16:32.531 PM 4/21/2023 	 3.993329 	 297.647000 	 44.546000 	 -66.878798 	 3.995630 	 297.647000 	 44.546000 	 -66.878798 	 109.052561 	 109.049956 	 300.717673
2:16:43.032 PM 4/21/2023 	 3.986801 	 297.647000 	 44.546000 	 -65.790859 	 3.988186 	 297.647000 	 44.546000 	 -65.790859 	 109.053157 	 109.050194 	 300.723707
2:16:53.532 PM 4/21/2023 	 3.990772 	 297.647000 	 44.546000 	 -67.040702 	 3.989030 	 297.647000 	 44.546000 	 -67.040702 	 109.053157 	 109.049956 	 300.730390
2:17:03.532 PM 4/21/2023 	 3.992919 	 297.647000 	 44.546000 	 -66.248239 	 3.992848 	 297.647000 	 44.546000 	 -66.248239 	 109.053633 	 109.049896 	 300.736375
2:17:14.031 PM 4/21/2023 	 3.993675 	 297.647000 	 44.546000 	 -66.338971 	 3.995709 	 297.647000 	 44.546000 	 -66.338971 	 109.054527 	 109.050552 	 300.742749
2:17:24.032 PM 4/21/2023 	 3.990083 	 297.647000 	 44.546000 	 -65.551102 	 3.992714 	 297.647000 	 44.546000 	 -65.551102 	 109.055182 	 109.050671 	 300.749097
2:17:34.032 PM 4/21/2023 	 4.000319 	 297.647000 	 44.546000 	 -65.064603 	 3.988492 	 297.647000 	 44.546000 	 -65.064603 	 109.055658 	 109.050849 	 300.754799
2:17:44.531 PM 4/21/2023 	 3.999072 	 297.647000 	 44.546000 	 -66.294393 	 3.993838 	 297.647000 	 44.546000 	 -66.294393 	 109.055896 	 109.050611 	 300.761461
2:17:55.031 PM 4/21/2023 	 3.988785 	 297.647000 	 44.546000 	 -66.304641 	 3.993806 	 297.647000 	 44.546000 	 -66.304641 	 109.056254 	 109.051326 	 300.768228
2:18:05.032 PM 4/21/2023 	 3.988951 	 297.647000 	 44.546000 	 -65.269933 	 3.985355 	 297.647000 	 44.546000 	 -65.269933 	 109.056373 	 109.050373 	 300.774010
2:18:15.532 PM 4/21/2023 	 3.987950 	 297.647000 	 44.546000 	 -65.280087 	 3.991818 	 297.647000 	 44.546000 	 -65.280087 	 109.056492 	 109.050075 	 300.780778
2:18:25.533 PM 4/21/2023 	 3.989658 	 297.647000 	 44.546000 	 -65.279759 	 3.997286 	 297.647000 	 44.546000 	 -65.279759 	 109.056552 	 109.049599 	 300.786847
2:18:36.031 PM 4/21/2023 	 3.998920 	 297.647000 	 44.546000 	 -66.564007 	 4.001066 	 297.647000 	 44.546000 	 -66.564007 	 109.057207 	 109.050075 	 300.793695
2:18:46.031 PM 4/21/2023 	 3.989600 	 297.647000 	 44.546000 	 -65.790925 	 3.982637 	 297.647000 	 44.546000 	 -65.790925 	 109.057266 	 109.050194 	 300.799714
2:18:56.031 PM 4/21/2023 	 3.987328 	 297.647000 	 44.546000 	 -66.835441 	 3.994856 	 297.647000 	 44.546000 	 -66.835441 	 109.057028 	 109.050135 	 300.805838
2:19:06.032 PM 4/21/2023 	 3.993277 	 297.647000 	 44.546000 	 -65.779521 	 3.988501 	 297.647000 	 44.546000 	 -65.779521 	 109.057802 	 109.050671 	 300.811625
2:19:16.531 PM 4/21/2023 	 3.992151 	 297.647000 	 44.546000 	 -65.911570 	 3.988425 	 297.647000 	 44.546000 	 -65.911570 	 109.057385 	 109.050790 	 300.818477
2:19:27.031 PM 4/21/2023 	 3.989216 	 297.647000 	 44.546000 	 -66.216966 	 3.989921 	 297.647000 	 44.546000 	 -66.216966 	 109.058577 	 109.051683 	 300.825200
2:19:37.032 PM 4/21/2023 	 3.998746 	 297.647000 	 44.546000 	 -65.326181 	 3.994862 	 297.647000 	 44.546000 	 -65.326181 	 109.059708 	 109.052756 	 300.831041
2:19:47.531 PM 4/21/2023 	 3.992067 	 297.647000 	 44.546000 	 -66.646210 	 3.996832 	 297.647000 	 44.546000 	 -66.646210 	 109.060423 	 109.053351 	 300.837559
2:19:58.031 PM 4/21/2023 	 3.989251 	 297.647000 	 44.546000 	 -64.754578 	 3.996457 	 297.647000 	 44.546000 	 -64.754578 	 109.060363 	 109.054364 	 300.843765
2:20:08.032 PM 4/21/2023 	 3.992139 	 297.647000 	 44.546000 	 -66.410723 	 3.988326 	 297.647000 	 44.546000 	 -66.410723 	 109.060304 	 109.054662 	 300.850726
2:20:18.032 PM 4/21/2023 	 3.997946 	 297.647000 	 44.546000 	 -65.902619 	 3.990610 	 297.647000 	 44.546000 	 -65.902619 	 109.061138 	 109.054840 	 300.856441
2:20:28.032 PM 4/21/2023 	 3.984937 	 297.647000 	 44.546000 	 -66.737291 	 3.986693 	 297.647000 	 44.546000 	 -66.737291 	 109.061316 	 109.055376 	 300.862572
2:20:38.531 PM 4/21/2023 	 3.999845 	 297.647000 	 44.546000 	 -65.467919 	 3.981385 	 297.647000 	 44.546000 	 -65.467919 	 109.061972 	 109.055674 	 300.869380
2:20:48.532 PM 4/21/2023 	 3.995511 	 297.647000 	 44.546000 	 -65.382121 	 3.994955 	 297.647000 	 44.546000 	 -65.382121 	 109.062925 	 109.056508 	 300.875019
2:20:59.032 PM 4/21/2023 	 3.998792 	 297.647000 	 44.546000 	 -65.877935 	 3.983740 	 297.647000 	 44.546000 	 -65.877935 	 109.063401 	 109.056866 	 300.881699
2:21:09.532 PM 4/21/2023 	 3.988299 	 297.647000 	 44.546000 	 -65.501001 	 3.986295 	 297.647000 	 44.546000 	 -65.501001 	 109.063639 	 109.057461 	 300.888224
2:21:19.532 PM 4/21/2023 	 3.990278 	 297.647000 	 44.546000 	 -66.461118 	 3.995141 	 297.647000 	 44.546000 	 -66.461118 	 109.063937 	 109.057580 	 300.894360
2:21:30.032 PM 4/21/2023 	 3.998146 	 297.647000 	 44.546000 	 -65.410321 	 3.986752 	 297.647000 	 44.546000 	 -65.410321 	 109.064354 	 109.057282 	 300.900964
2:21:40.532 PM 4/21/2023 	 3.986865 	 297.647000 	 44.546000 	 -65.402086 	 3.989513 	 297.647000 	 44.546000 	 -65.402086 	 109.064652 	 109.057938 	 300.907674
2:21:51.032 PM 4/21/2023 	 3.989864 	 297.647000 	 44.546000 	 -65.346159 	 3.989155 	 297.647000 	 44.546000 	 -65.346159 	 109.064771 	 109.057819 	 300.914047
2:22:01.032 PM 4/21/2023 	 3.988137 	 297.647000 	 44.546000 	 -66.264202 	 3.995595 	 297.647000 	 44.546000 	 -66.264202 	 109.065605 	 109.058355 	 300.920186
2:22:11.532 PM 4/21/2023 	 3.992235 	 297.647000 	 44.546000 	 -65.614692 	 3.983920 	 297.647000 	 44.546000 	 -65.614692 	 109.066677 	 109.057938 	 300.926716
2:22:22.032 PM 4/21/2023 	 3.998402 	 297.647000 	 44.546000 	 -65.412014 	 3.987261 	 297.647000 	 44.546000 	 -65.412014 	 109.066319 	 109.058652 	 300.933092
2:22:32.532 PM 4/21/2023 	 4.002746 	 297.647000 	 44.546000 	 -65.501249 	 3.991355 	 297.647000 	 44.546000 	 -65.501249 	 109.067272 	 109.059665 	 300.939962
2:22:42.532 PM 4/21/2023 	 3.998240 	 297.647000 	 44.546000 	 -65.218316 	 3.990855 	 297.647000 	 44.546000 	 -65.218316 	 109.067272 	 109.060976 	 300.945793
2:22:53.032 PM 4/21/2023 	 3.995482 	 297.647000 	 44.546000 	 -65.021244 	 3.993902 	 297.647000 	 44.546000 	 -65.021244 	 109.067392 	 109.062882 	 300.952510
2:23:03.532 PM 4/21/2023 	 3.982589 	 297.647000 	 44.546000 	 -64.287646 	 3.989356 	 297.647000 	 44.546000 	 -64.287646 	 109.067332 	 109.062882 	 300.959513
2:23:14.032 PM 4/21/2023 	 3.999810 	 297.647000 	 44.546000 	 -64.774736 	 3.981327 	 297.647000 	 44.546000 	 -64.774736 	 109.067928 	 109.063179 	 300.965920
2:23:24.532 PM 4/21/2023 	 3.998650 	 297.647000 	 44.546000 	 -65.512087 	 4.002934 	 297.647000 	 44.546000 	 -65.512087 	 109.067987 	 109.063418 	 300.971884
2:23:34.532 PM 4/21/2023 	 3.998225 	 297.647000 	 44.546000 	 -65.640576 	 3.992825 	 297.647000 	 44.546000 	 -65.640576 	 109.068881 	 109.064192 	 300.978813
2:23:45.032 PM 4/21/2023 	 3.993797 	 297.647000 	 44.546000 	 -65.067415 	 3.988242 	 297.647000 	 44.546000 	 -65.067415 	 109.068761 	 109.064371 	 300.985508
2:23:55.032 PM 4/21/2023 	 3.990769 	 297.647000 	 44.546000 	 -64.830766 	 4.003418 	 297.647000 	 44.546000 	 -64.830766 	 109.069893 	 109.065264 	 300.991240
2:24:05.531 PM 4/21/2023 	 3.996064 	 297.647000 	 44.546000 	 -65.718981 	 3.990896 	 297.647000 	 44.546000 	 -65.718981 	 109.070667 	 109.065086 	 300.998042
2:24:15.532 PM 4/21/2023 	 3.989571 	 297.647000 	 44.546000 	 -64.918936 	 3.991297 	 297.647000 	 44.546000 	 -64.918936 	 109.070727 	 109.065919 	 301.004193
2:24:25.532 PM 4/21/2023 	 3.991592 	 297.647000 	 44.546000 	 -64.412096 	 3.985096 	 297.647000 	 44.546000 	 -64.412096 	 109.070786 	 109.066396 	 301.010345
2:24:36.031 PM 4/21/2023 	 3.985431 	 297.647000 	 44.546000 	 -65.635272 	 3.986021 	 297.647000 	 44.546000 	 -65.635272 	 109.071084 	 109.067647 	 301.017149
2:24:46.032 PM 4/21/2023 	 3.999813 	 297.647000 	 44.546000 	 -65.072523 	 3.984994 	 297.647000 	 44.546000 	 -65.072523 	 109.071263 	 109.068183 	 301.023146
2:24:56.531 PM 4/21/2023 	 3.995601 	 297.647000 	 44.546000 	 -64.984287 	 3.993614 	 297.647000 	 44.546000 	 -64.984287 	 109.071144 	 109.068898 	 301.029770
2:25:06.532 PM 4/21/2023 	 3.996706 	 297.647000 	 44.546000 	 -64.609813 	 3.999669 	 297.647000 	 44.546000 	 -64.609813 	 109.071680 	 109.071102 	 301.036239
2:25:16.532 PM 4/21/2023 	 4.003601 	 297.647000 	 44.546000 	 -64.771643 	 3.990843 	 297.647000 	 44.546000 	 -64.771643 	 109.071918 	 109.070923 	 301.042891
2:25:27.033 PM 4/21/2023 	 3.990804 	 297.647000 	 44.546000 	 -65.161798 	 3.983763 	 297.647000 	 44.546000 	 -65.161798 	 109.072275 	 109.072650 	 301.048657
2:25:37.531 PM 4/21/2023 	 3.990187 	 297.647000 	 44.546000 	 -65.463119 	 3.983303 	 297.647000 	 44.546000 	 -65.463119 	 109.072454 	 109.073842 	 301.055467
2:25:48.031 PM 4/21/2023 	 3.990996 	 297.647000 	 44.546000 	 -65.012884 	 4.000056 	 297.647000 	 44.546000 	 -65.012884 	 109.072752 	 109.073961 	 301.061756
2:25:58.032 PM 4/21/2023 	 3.987278 	 297.647000 	 44.546000 	 -64.234375 	 3.995095 	 297.647000 	 44.546000 	 -64.234375 	 109.072931 	 109.075510 	 301.068360
2:26:08.032 PM 4/21/2023 	 3.998958 	 297.647000 	 44.546000 	 -64.953426 	 3.991687 	 297.647000 	 44.546000 	 -64.953426 	 109.073764 	 109.075867 	 301.074730
2:26:18.532 PM 4/21/2023 	 3.994429 	 297.647000 	 44.546000 	 -65.083646 	 3.994132 	 297.647000 	 44.546000 	 -65.083646 	 109.073943 	 109.077475 	 301.081152
2:26:29.032 PM 4/21/2023 	 3.986347 	 297.647000 	 44.546000 	 -65.303105 	 3.983949 	 297.647000 	 44.546000 	 -65.303105 	 109.075075 	 109.079620 	 301.088386
2:26:39.531 PM 4/21/2023 	 3.996366 	 297.647000 	 44.546000 	 -64.786473 	 3.992877 	 297.647000 	 44.546000 	 -64.786473 	 109.075313 	 109.080334 	 301.094288
2:26:49.531 PM 4/21/2023 	 3.994979 	 297.647000 	 44.546000 	 -64.453617 	 3.994181 	 297.647000 	 44.546000 	 -64.453617 	 109.075789 	 109.080870 	 301.100296
2:26:59.532 PM 4/21/2023 	 3.999807 	 297.647000 	 44.546000 	 -66.111469 	 3.993634 	 297.647000 	 44.546000 	 -66.111469 	 109.075730 	 109.081406 	 301.106748
2:27:10.031 PM 4/21/2023 	 3.999263 	 297.647000 	 44.546000 	 -65.501324 	 3.988242 	 297.647000 	 44.546000 	 -65.501324 	 109.076564 	 109.081883 	 301.113333
2:27:20.032 PM 4/21/2023 	 3.981149 	 297.647000 	 44.546000 	 -65.682560 	 3.981511 	 297.647000 	 44.546000 	 -65.682560 	 109.077278 	 109.082896 	 301.119552
2:27:30.531 PM 4/21/2023 	 3.996497 	 297.647000 	 44.546000 	 -65.374962 	 4.001543 	 297.647000 	 44.546000 	 -65.374962 	 109.077159 	 109.083730 	 301.125929
2:27:40.532 PM 4/21/2023 	 4.001099 	 297.647000 	 44.546000 	 -65.213731 	 3.983519 	 297.647000 	 44.546000 	 -65.213731 	 109.077159 	 109.085100 	 301.132777
2:27:50.532 PM 4/21/2023 	 3.992104 	 297.647000 	 44.546000 	 -64.970265 	 3.995779 	 297.647000 	 44.546000 	 -64.970265 	 109.077815 	 109.085755 	 301.138660
2:28:01.031 PM 4/21/2023 	 3.988035 	 297.647000 	 44.546000 	 -64.715759 	 3.999739 	 297.647000 	 44.546000 	 -64.715759 	 109.077517 	 109.086410 	 301.145719
2:28:11.032 PM 4/21/2023 	 3.990126 	 297.647000 	 44.546000 	 -65.320364 	 3.983251 	 297.647000 	 44.546000 	 -65.320364 	 109.078053 	 109.087184 	 301.151839
2:28:21.032 PM 4/21/2023 	 3.987403 	 297.647000 	 44.546000 	 -64.362089 	 3.992985 	 297.647000 	 44.546000 	 -64.362089 	 109.079601 	 109.088912 	 301.158247
2:28:31.032 PM 4/21/2023 	 3.990973 	 297.647000 	 44.546000 	 -64.184602 	 3.985623 	 297.647000 	 44.546000 	 -64.184602 	 109.080733 	 109.090163 	 301.164525
2:28:41.531 PM 4/21/2023 	 3.993120 	 297.647000 	 44.546000 	 -65.247722 	 3.983332 	 297.647000 	 44.546000 	 -65.247722 	 109.081090 	 109.090877 	 301.170228
2:28:51.532 PM 4/21/2023 	 4.000052 	 297.647000 	 44.546000 	 -65.079095 	 3.989929 	 297.647000 	 44.546000 	 -65.079095 	 109.081507 	 109.092188 	 301.177240
2:29:01.532 PM 4/21/2023 	 4.001375 	 297.647000 	 44.546000 	 -65.154217 	 3.993483 	 297.647000 	 44.546000 	 -65.154217 	 109.081745 	 109.092128 	 301.183024
2:29:12.032 PM 4/21/2023 	 3.993160 	 297.647000 	 44.546000 	 -64.272442 	 3.989679 	 297.647000 	 44.546000 	 -64.272442 	 109.081924 	 109.093379 	 301.189593
2:29:22.532 PM 4/21/2023 	 3.990807 	 297.647000 	 44.546000 	 -64.952035 	 3.990925 	 297.647000 	 44.546000 	 -64.952035 	 109.082818 	 109.093796 	 301.196373
2:29:33.032 PM 4/21/2023 	 3.994830 	 297.647000 	 44.546000 	 -64.614960 	 3.998668 	 297.647000 	 44.546000 	 -64.614960 	 109.083473 	 109.093617 	 301.202473
2:29:43.032 PM 4/21/2023 	 3.995668 	 297.647000 	 44.546000 	 -64.100634 	 3.989397 	 297.647000 	 44.546000 	 -64.100634 	 109.084187 	 109.093379 	 301.209255
2:29:53.531 PM 4/21/2023 	 3.998661 	 297.647000 	 44.546000 	 -64.767370 	 3.990657 	 297.647000 	 44.546000 	 -64.767370 	 109.084187 	 109.094213 	 301.215855
2:30:03.532 PM 4/21/2023 	 3.989559 	 297.647000 	 44.546000 	 -64.321912 	 3.987293 	 297.647000 	 44.546000 	 -64.321912 	 109.084902 	 109.094690 	 301.222036
2:30:13.532 PM 4/21/2023 	 3.997035 	 297.647000 	 44.546000 	 -64.041872 	 4.000778 	 297.647000 	 44.546000 	 -64.041872 	 109.085498 	 109.094332 	 301.227799
2:30:24.032 PM 4/21/2023 	 3.990318 	 297.647000 	 44.546000 	 -64.671293 	 3.984869 	 297.647000 	 44.546000 	 -64.671293 	 109.086510 	 109.094868 	 301.234297
2:30:34.532 PM 4/21/2023 	 4.002309 	 297.647000 	 44.546000 	 -64.716062 	 3.985282 	 297.647000 	 44.546000 	 -64.716062 	 109.089190 	 109.093856 	 301.241686
2:30:45.033 PM 4/21/2023 	 3.992759 	 297.647000 	 44.546000 	 -64.939468 	 3.997973 	 297.647000 	 44.546000 	 -64.939468 	 109.090620 	 109.093617 	 301.247898
2:30:55.532 PM 4/21/2023 	 3.993885 	 297.647000 	 44.546000 	 -64.930083 	 3.985265 	 297.647000 	 44.546000 	 -64.930083 	 109.092049 	 109.092843 	 301.254162
2:31:06.031 PM 4/21/2023 	 3.982423 	 297.647000 	 44.546000 	 -64.615369 	 3.988777 	 297.647000 	 44.546000 	 -64.615369 	 109.093479 	 109.092843 	 301.261162
2:31:16.032 PM 4/21/2023 	 3.987732 	 297.647000 	 44.546000 	 -63.936862 	 3.993631 	 297.647000 	 44.546000 	 -63.936862 	 109.094253 	 109.092724 	 301.267402
2:31:26.531 PM 4/21/2023 	 3.997280 	 297.647000 	 44.546000 	 -64.989880 	 3.986440 	 297.647000 	 44.546000 	 -64.989880 	 109.095742 	 109.094034 	 301.273329
2:31:36.532 PM 4/21/2023 	 3.996564 	 297.647000 	 44.546000 	 -63.913342 	 3.988515 	 297.647000 	 44.546000 	 -63.913342 	 109.098244 	 109.093498 	 301.279571
2:31:47.032 PM 4/21/2023 	 3.991057 	 297.647000 	 44.546000 	 -64.478371 	 3.993081 	 297.647000 	 44.546000 	 -64.478371 	 109.098899 	 109.092843 	 301.286102
2:31:57.532 PM 4/21/2023 	 3.988910 	 297.647000 	 44.546000 	 -64.929205 	 3.986466 	 297.647000 	 44.546000 	 -64.929205 	 109.099256 	 109.093856 	 301.292844
2:32:08.031 PM 4/21/2023 	 3.990135 	 297.647000 	 44.546000 	 -64.427458 	 3.998604 	 297.647000 	 44.546000 	 -64.427458 	 109.099733 	 109.095107 	 301.298879
2:32:18.531 PM 4/21/2023 	 3.994141 	 297.647000 	 44.546000 	 -63.954292 	 3.990241 	 297.647000 	 44.546000 	 -63.954292 	 109.100745 	 109.096596 	 301.305676
2:32:28.532 PM 4/21/2023 	 3.992317 	 297.647000 	 44.546000 	 -64.550698 	 3.993116 	 297.647000 	 44.546000 	 -64.550698 	 109.100566 	 109.098025 	 301.311975
2:32:39.031 PM 4/21/2023 	 3.989579 	 297.647000 	 44.546000 	 -64.265048 	 3.993445 	 297.647000 	 44.546000 	 -64.265048 	 109.101043 	 109.097847 	 301.318328
2:32:49.031 PM 4/21/2023 	 4.003266 	 297.647000 	 44.546000 	 -64.374057 	 3.985852 	 297.647000 	 44.546000 	 -64.374057 	 109.100924 	 109.097310 	 301.324287
2:32:59.031 PM 4/21/2023 	 4.002967 	 297.647000 	 44.546000 	 -64.049666 	 3.995627 	 297.647000 	 44.546000 	 -64.049666 	 109.100745 	 109.096953 	 301.331035
2:33:09.532 PM 4/21/2023 	 3.983037 	 297.647000 	 44.546000 	 -64.184258 	 3.988605 	 297.647000 	 44.546000 	 -64.184258 	 109.101103 	 109.097072 	 301.336892
2:33:20.032 PM 4/21/2023 	 3.995944 	 297.647000 	 44.546000 	 -64.258888 	 3.987354 	 297.647000 	 44.546000 	 -64.258888 	 109.100805 	 109.096953 	 301.343616
2:33:30.032 PM 4/21/2023 	 3.990886 	 297.647000 	 44.546000 	 -63.667133 	 3.992554 	 297.647000 	 44.546000 	 -63.667133 	 109.100566 	 109.096655 	 301.349789
2:33:40.032 PM 4/21/2023 	 4.000683 	 297.647000 	 44.546000 	 -63.586257 	 3.985212 	 297.647000 	 44.546000 	 -63.586257 	 109.101222 	 109.097310 	 301.355779
2:33:50.532 PM 4/21/2023 	 3.989981 	 297.647000 	 44.546000 	 -64.728883 	 3.989740 	 297.647000 	 44.546000 	 -64.728883 	 109.101222 	 109.098383 	 301.362506
2:34:01.032 PM 4/21/2023 	 3.993937 	 297.647000 	 44.546000 	 -64.054060 	 3.999544 	 297.647000 	 44.546000 	 -64.054060 	 109.101460 	 109.098204 	 301.369128
2:34:11.532 PM 4/21/2023 	 3.989469 	 297.647000 	 44.546000 	 -64.180126 	 3.990683 	 297.647000 	 44.546000 	 -64.180126 	 109.101698 	 109.097549 	 301.375174
2:34:21.532 PM 4/21/2023 	 3.995552 	 297.647000 	 44.546000 	 -63.760094 	 4.004855 	 297.647000 	 44.546000 	 -63.760094 	 109.101698 	 109.096894 	 301.381720
2:34:32.032 PM 4/21/2023 	 3.995313 	 297.647000 	 44.546000 	 -63.675796 	 3.988856 	 297.647000 	 44.546000 	 -63.675796 	 109.100983 	 109.096834 	 301.387320
2:34:42.532 PM 4/21/2023 	 3.993760 	 297.647000 	 44.546000 	 -64.547095 	 3.988143 	 297.647000 	 44.546000 	 -64.547095 	 109.101103 	 109.097251 	 301.394025
2:34:53.032 PM 4/21/2023 	 3.992622 	 297.647000 	 44.546000 	 -64.274707 	 3.991024 	 297.647000 	 44.546000 	 -64.274707 	 109.100090 	 109.097191 	 301.400547
2:35:03.532 PM 4/21/2023 	 3.995578 	 297.647000 	 44.546000 	 -64.007839 	 3.988058 	 297.647000 	 44.546000 	 -64.007839 	 109.100150 	 109.096715 	 301.407413
2:35:13.532 PM 4/21/2023 	 4.015534 	 297.647000 	 44.546000 	 -63.917462 	 3.992007 	 297.647000 	 44.546000 	 -63.917462 	 109.100269 	 109.096119 	 301.413147
2:35:24.032 PM 4/21/2023 	 4.011702 	 297.647000 	 44.546000 	 -64.574757 	 3.987968 	 297.647000 	 44.546000 	 -64.574757 	 109.100566 	 109.095940 	 301.419488
2:35:34.532 PM 4/21/2023 	 4.000386 	 297.647000 	 44.546000 	 -64.400162 	 3.989490 	 297.647000 	 44.546000 	 -64.400162 	 109.100447 	 109.095583 	 301.425699
2:35:45.031 PM 4/21/2023 	 3.984762 	 297.647000 	 44.546000 	 -64.769711 	 3.986507 	 297.647000 	 44.546000 	 -64.769711 	 109.101103 	 109.096774 	 301.432384
2:35:55.032 PM 4/21/2023 	 3.989635 	 297.647000 	 44.546000 	 -64.203374 	 3.990898 	 297.647000 	 44.546000 	 -64.203374 	 109.101222 	 109.097489 	 301.437990
2:36:05.532 PM 4/21/2023 	 3.986409 	 297.647000 	 44.546000 	 -64.597324 	 3.985218 	 297.647000 	 44.546000 	 -64.597324 	 109.101460 	 109.097787 	 301.444598
2:36:16.032 PM 4/21/2023 	 3.999453 	 297.647000 	 44.546000 	 -63.622763 	 3.987779 	 297.647000 	 44.546000 	 -63.622763 	 109.101758 	 109.099038 	 301.451365
2:36:26.532 PM 4/21/2023 	 3.991630 	 297.647000 	 44.546000 	 -63.937138 	 3.994132 	 297.647000 	 44.546000 	 -63.937138 	 109.102055 	 109.100110 	 301.456948
2:36:36.532 PM 4/21/2023 	 3.994385 	 297.647000 	 44.546000 	 -64.107668 	 3.987435 	 297.647000 	 44.546000 	 -64.107668 	 109.102711 	 109.100348 	 301.463400
2:36:47.032 PM 4/21/2023 	 3.988180 	 297.647000 	 44.546000 	 -63.133755 	 3.988632 	 297.647000 	 44.546000 	 -63.133755 	 109.102592 	 109.100229 	 301.469222
2:36:57.532 PM 4/21/2023 	 3.992067 	 297.647000 	 44.546000 	 -63.805643 	 3.984968 	 297.647000 	 44.546000 	 -63.805643 	 109.102592 	 109.100944 	 301.475702
2:37:08.032 PM 4/21/2023 	 3.998242 	 297.647000 	 44.546000 	 -63.335087 	 3.984950 	 297.647000 	 44.546000 	 -63.335087 	 109.102770 	 109.101361 	 301.481973
2:37:18.532 PM 4/21/2023 	 3.992782 	 297.647000 	 44.546000 	 -63.478559 	 3.997007 	 297.647000 	 44.546000 	 -63.478559 	 109.103544 	 109.102433 	 301.488561
2:37:28.532 PM 4/21/2023 	 3.997838 	 297.647000 	 44.546000 	 -64.667205 	 4.000275 	 297.647000 	 44.546000 	 -64.667205 	 109.104259 	 109.103088 	 301.494729
2:37:39.032 PM 4/21/2023 	 3.998830 	 297.647000 	 44.546000 	 -63.630231 	 3.981543 	 297.647000 	 44.546000 	 -63.630231 	 109.104795 	 109.104160 	 301.500554
2:37:49.532 PM 4/21/2023 	 3.981044 	 297.647000 	 44.546000 	 -63.743540 	 3.989682 	 297.647000 	 44.546000 	 -63.743540 	 109.105331 	 109.104339 	 301.506882
2:38:00.032 PM 4/21/2023 	 3.997896 	 297.647000 	 44.546000 	 -64.150018 	 3.984869 	 297.647000 	 44.546000 	 -64.150018 	 109.105808 	 109.104697 	 301.513210
2:38:10.032 PM 4/21/2023 	 3.994717 	 297.647000 	 44.546000 	 -63.491885 	 3.988704 	 297.647000 	 44.546000 	 -63.491885 	 109.106046 	 109.105650 	 301.519460
2:38:20.532 PM 4/21/2023 	 3.990280 	 297.647000 	 44.546000 	 -63.242320 	 3.985067 	 297.647000 	 44.546000 	 -63.242320 	 109.105748 	 109.106841 	 301.525473
2:38:31.033 PM 4/21/2023 	 3.991150 	 297.647000 	 44.546000 	 -63.567673 	 3.993689 	 297.647000 	 44.546000 	 -63.567673 	 109.106701 	 109.106722 	 301.531277
2:38:41.531 PM 4/21/2023 	 3.987782 	 297.647000 	 44.546000 	 -63.811172 	 3.990994 	 297.647000 	 44.546000 	 -63.811172 	 109.106582 	 109.107258 	 301.537503
2:38:51.532 PM 4/21/2023 	 3.990086 	 297.647000 	 44.546000 	 -63.796183 	 3.998089 	 297.647000 	 44.546000 	 -63.796183 	 109.106761 	 109.107615 	 301.543888
2:39:02.031 PM 4/21/2023 	 3.991814 	 297.647000 	 44.546000 	 -63.832961 	 3.990468 	 297.647000 	 44.546000 	 -63.832961 	 109.107416 	 109.108330 	 301.549588
2:39:12.032 PM 4/21/2023 	 3.997469 	 297.647000 	 44.546000 	 -63.825010 	 3.987281 	 297.647000 	 44.546000 	 -63.825010 	 109.107059 	 109.109343 	 301.555817
2:39:22.532 PM 4/21/2023 	 3.991639 	 297.647000 	 44.546000 	 -63.887726 	 3.988378 	 297.647000 	 44.546000 	 -63.887726 	 109.106939 	 109.110296 	 301.562337
2:39:33.031 PM 4/21/2023 	 3.997972 	 297.647000 	 44.546000 	 -63.786845 	 3.985890 	 297.647000 	 44.546000 	 -63.786845 	 109.106761 	 109.110951 	 301.568304
2:39:43.532 PM 4/21/2023 	 4.000677 	 297.647000 	 44.546000 	 -63.234679 	 3.995537 	 297.647000 	 44.546000 	 -63.234679 	 109.107833 	 109.111487 	 301.574060
2:39:54.032 PM 4/21/2023 	 3.998722 	 297.647000 	 44.546000 	 -63.424849 	 3.987369 	 297.647000 	 44.546000 	 -63.424849 	 109.108548 	 109.111487 	 301.581006
2:40:04.532 PM 4/21/2023 	 3.995691 	 297.647000 	 44.546000 	 -64.346516 	 3.993343 	 297.647000 	 44.546000 	 -64.346516 	 109.109024 	 109.112142 	 301.587054
2:40:15.032 PM 4/21/2023 	 3.995621 	 297.647000 	 44.546000 	 -63.237352 	 3.994609 	 297.647000 	 44.546000 	 -63.237352 	 109.109203 	 109.112976 	 301.593552
2:40:25.532 PM 4/21/2023 	 3.994417 	 297.647000 	 44.546000 	 -63.678863 	 3.988346 	 297.647000 	 44.546000 	 -63.678863 	 109.109024 	 109.113989 	 301.599101
2:40:35.532 PM 4/21/2023 	 3.992323 	 297.647000 	 44.546000 	 -63.601057 	 3.983292 	 297.647000 	 44.546000 	 -63.601057 	 109.109798 	 109.114406 	 301.605019
2:40:46.031 PM 4/21/2023 	 3.990417 	 297.647000 	 44.546000 	 -63.227170 	 3.994460 	 297.647000 	 44.546000 	 -63.227170 	 109.110394 	 109.115240 	 301.611468
2:40:56.031 PM 4/21/2023 	 3.990161 	 297.647000 	 44.546000 	 -63.787819 	 3.983161 	 297.647000 	 44.546000 	 -63.787819 	 109.110989 	 109.116074 	 301.617626
2:41:06.032 PM 4/21/2023 	 3.997058 	 297.647000 	 44.546000 	 -63.943837 	 3.991649 	 297.647000 	 44.546000 	 -63.943837 	 109.111049 	 109.117027 	 301.623468
2:41:16.532 PM 4/21/2023 	 3.999101 	 297.647000 	 44.546000 	 -62.497439 	 3.990933 	 297.647000 	 44.546000 	 -62.497439 	 109.112002 	 109.117027 	 301.629549
