Timestamp	PTD1 raw (mA)	PTD1 T0 (K)	PTD1 aT (PSI/K)	PTD1 adj (PSI)	PTD2 raw (mA)	PTD2 T0 (K)	PTD2 aT (PSI/K)	PTD2 adj (PSI)	RTD0 Rraw (Ohm)	RTD1 Rraw (Ohm)	DAQ thermistor T (K)
12:52:31.343 PM 2024-08-01 	 17.396002 	 297.647000 	 44.546000 	 -2954052.121824 	 14.519405 	 297.647000 	 44.546000 	 -2954052.121824 	 109.791165 	 109.733350 	 297.264007
12:52:36.511 PM 2024-08-01 	 12.850531 	 297.647000 	 44.546000 	 -2954052.906666 	 12.105722 	 297.647000 	 44.546000 	 -2954052.906666 	 109.790569 	 109.732933 	 297.264080
12:52:41.634 PM 2024-08-01 	 12.669691 	 297.647000 	 44.546000 	 -2954053.429895 	 11.935147 	 297.647000 	 44.546000 	 -2954053.429895 	 109.789676 	 109.732695 	 297.264128
12:52:46.715 PM 2024-08-01 	 12.882727 	 297.647000 	 44.546000 	 -2954050.290532 	 11.809229 	 297.647000 	 44.546000 	 -2954050.290532 	 109.785923 	 109.732338 	 297.263839
12:52:51.781 PM 2024-08-01 	 12.818834 	 297.647000 	 44.546000 	 -2954052.906666 	 12.189283 	 297.647000 	 44.546000 	 -2954052.906666 	 109.785268 	 109.731742 	 297.264080
12:52:56.823 PM 2024-08-01 	 12.502067 	 297.647000 	 44.546000 	 -2954053.429895 	 12.083503 	 297.647000 	 44.546000 	 -2954053.429895 	 109.785149 	 109.731265 	 297.264128
12:53:01.847 PM 2024-08-01 	 12.934713 	 297.647000 	 44.546000 	 -2954054.737969 	 11.986494 	 297.647000 	 44.546000 	 -2954054.737969 	 109.785090 	 109.731087 	 297.264248
12:53:06.885 PM 2024-08-01 	 12.857262 	 297.647000 	 44.546000 	 -2954049.505695 	 12.101707 	 297.647000 	 44.546000 	 -2954049.505695 	 109.785209 	 109.730312 	 297.263767
12:53:11.935 PM 2024-08-01 	 13.015316 	 297.647000 	 44.546000 	 -2954041.395793 	 12.633883 	 297.647000 	 44.546000 	 -2954041.395793 	 109.785685 	 109.730432 	 297.263021
12:53:16.959 PM 2024-08-01 	 13.271884 	 297.647000 	 44.546000 	 -2954030.670027 	 11.856778 	 297.647000 	 44.546000 	 -2954030.670027 	 109.786817 	 109.729598 	 297.262034
12:53:21.995 PM 2024-08-01 	 13.195651 	 297.647000 	 44.546000 	 -2954017.851775 	 12.122295 	 297.647000 	 44.546000 	 -2954017.851775 	 109.787055 	 109.729419 	 297.260854
12:53:27.061 PM 2024-08-01 	 12.989870 	 297.647000 	 44.546000 	 -2954000.063807 	 12.489343 	 297.647000 	 44.546000 	 -2954000.063807 	 109.787829 	 109.728704 	 297.259218
12:53:32.094 PM 2024-08-01 	 12.851462 	 297.647000 	 44.546000 	 -2953987.508032 	 12.280811 	 297.647000 	 44.546000 	 -2953987.508032 	 109.788425 	 109.729419 	 297.258062
12:53:37.124 PM 2024-08-01 	 13.452728 	 297.647000 	 44.546000 	 -2953975.475754 	 13.022947 	 297.647000 	 44.546000 	 -2953975.475754 	 109.789497 	 109.729300 	 297.256955
12:53:42.157 PM 2024-08-01 	 12.362521 	 297.647000 	 44.546000 	 -2953957.689519 	 11.974856 	 297.647000 	 44.546000 	 -2953957.689519 	 109.789974 	 109.729419 	 297.255319
12:53:47.195 PM 2024-08-01 	 13.115132 	 297.647000 	 44.546000 	 -2953932.580777 	 12.175382 	 297.647000 	 44.546000 	 -2953932.580777 	 109.788663 	 109.728466 	 297.253008
12:53:52.228 PM 2024-08-01 	 12.804407 	 297.647000 	 44.546000 	 -2953906.427378 	 11.876591 	 297.647000 	 44.546000 	 -2953906.427378 	 109.788782 	 109.728228 	 297.250602
12:53:57.258 PM 2024-08-01 	 13.203750 	 297.647000 	 44.546000 	 -2953877.398946 	 12.402151 	 297.647000 	 44.546000 	 -2953877.398946 	 109.788127 	 109.727930 	 297.247931
12:54:02.316 PM 2024-08-01 	 12.522264 	 297.647000 	 44.546000 	 -2953849.418417 	 12.479778 	 297.647000 	 44.546000 	 -2953849.418417 	 109.787591 	 109.727215 	 297.245356
12:54:07.363 PM 2024-08-01 	 14.072188 	 297.647000 	 44.546000 	 -2953817.256107 	 12.252455 	 297.647000 	 44.546000 	 -2953817.256107 	 109.787591 	 109.726381 	 297.242397
12:54:12.390 PM 2024-08-01 	 13.659827 	 297.647000 	 44.546000 	 -2953789.540900 	 12.622601 	 297.647000 	 44.546000 	 -2953789.540900 	 109.787055 	 109.725905 	 297.239847
12:54:17.415 PM 2024-08-01 	 13.806165 	 297.647000 	 44.546000 	 -2953765.226182 	 12.720022 	 297.647000 	 44.546000 	 -2953765.226182 	 109.787889 	 109.726381 	 297.237609
12:54:22.436 PM 2024-08-01 	 13.280854 	 297.647000 	 44.546000 	 -2953729.933040 	 12.163697 	 297.647000 	 44.546000 	 -2953729.933040 	 109.787770 	 109.726679 	 297.234362
12:54:27.481 PM 2024-08-01 	 12.987713 	 297.647000 	 44.546000 	 -2953692.812971 	 11.983329 	 297.647000 	 44.546000 	 -2953692.812971 	 109.787651 	 109.726560 	 297.230946
12:54:32.505 PM 2024-08-01 	 13.113314 	 297.647000 	 44.546000 	 -2953664.060164 	 12.505160 	 297.647000 	 44.546000 	 -2953664.060164 	 109.785745 	 109.725726 	 297.228300
12:54:37.552 PM 2024-08-01 	 13.162386 	 297.647000 	 44.546000 	 -2953632.172908 	 12.837043 	 297.647000 	 44.546000 	 -2953632.172908 	 109.784792 	 109.725785 	 297.225365
12:54:42.602 PM 2024-08-01 	 13.267483 	 297.647000 	 44.546000 	 -2953601.072014 	 12.118242 	 297.647000 	 44.546000 	 -2953601.072014 	 109.785685 	 109.725726 	 297.222503
12:54:47.675 PM 2024-08-01 	 12.575326 	 297.647000 	 44.546000 	 -2953565.530855 	 12.137594 	 297.647000 	 44.546000 	 -2953565.530855 	 109.785090 	 109.726083 	 297.219232
12:54:52.754 PM 2024-08-01 	 12.650874 	 297.647000 	 44.546000 	 -2953533.650814 	 12.152450 	 297.647000 	 44.546000 	 -2953533.650814 	 109.784256 	 109.726679 	 297.216299
12:54:57.833 PM 2024-08-01 	 12.707874 	 297.647000 	 44.546000 	 -2953500.205410 	 12.167936 	 297.647000 	 44.546000 	 -2953500.205410 	 109.784971 	 109.727334 	 297.213221
12:55:02.865 PM 2024-08-01 	 12.993875 	 297.647000 	 44.546000 	 -2953464.411221 	 12.026375 	 297.647000 	 44.546000 	 -2953464.411221 	 109.785566 	 109.726500 	 297.209926
12:55:07.889 PM 2024-08-01 	 12.919778 	 297.647000 	 44.546000 	 -2953426.791303 	 12.071759 	 297.647000 	 44.546000 	 -2953426.791303 	 109.785864 	 109.726441 	 297.206464
12:55:12.947 PM 2024-08-01 	 12.810863 	 297.647000 	 44.546000 	 -2953397.533613 	 11.948934 	 297.647000 	 44.546000 	 -2953397.533613 	 109.786996 	 109.727334 	 297.203771
12:55:18.160 PM 2024-08-01 	 12.623978 	 297.647000 	 44.546000 	 -2953363.053858 	 12.482897 	 297.647000 	 44.546000 	 -2953363.053858 	 109.788187 	 109.728168 	 297.200598
12:55:23.395 PM 2024-08-01 	 13.171166 	 297.647000 	 44.546000 	 -2953332.494538 	 12.298447 	 297.647000 	 44.546000 	 -2953332.494538 	 109.788842 	 109.728287 	 297.197785
12:55:28.625 PM 2024-08-01 	 12.723258 	 297.647000 	 44.546000 	 -2953295.669487 	 11.667419 	 297.647000 	 44.546000 	 -2953295.669487 	 109.789438 	 109.728764 	 297.194396
12:55:33.837 PM 2024-08-01 	 12.837228 	 297.647000 	 44.546000 	 -2953261.197792 	 12.017983 	 297.647000 	 44.546000 	 -2953261.197792 	 109.789854 	 109.728823 	 297.191223
12:55:39.004 PM 2024-08-01 	 12.631319 	 297.647000 	 44.546000 	 -2953223.595416 	 11.735482 	 297.647000 	 44.546000 	 -2953223.595416 	 109.789259 	 109.728704 	 297.187762
12:55:44.077 PM 2024-08-01 	 12.383389 	 297.647000 	 44.546000 	 -2953186.257378 	 12.053435 	 297.647000 	 44.546000 	 -2953186.257378 	 109.789259 	 109.728347 	 297.184326
12:55:49.205 PM 2024-08-01 	 12.663556 	 297.647000 	 44.546000 	 -2953141.873661 	 11.775751 	 297.647000 	 44.546000 	 -2953141.873661 	 109.788842 	 109.728466 	 297.180240
12:55:54.374 PM 2024-08-01 	 12.432126 	 297.647000 	 44.546000 	 -2953105.325759 	 11.934189 	 297.647000 	 44.546000 	 -2953105.325759 	 109.790629 	 109.727870 	 297.176876
12:55:59.588 PM 2024-08-01 	 12.444028 	 297.647000 	 44.546000 	 -2953067.997850 	 11.160932 	 297.647000 	 44.546000 	 -2953067.997850 	 109.791939 	 109.727870 	 297.173440
12:56:04.653 PM 2024-08-01 	 13.027703 	 297.647000 	 44.546000 	 -2953025.453151 	 12.733275 	 297.647000 	 44.546000 	 -2953025.453151 	 109.793309 	 109.727155 	 297.169524
12:56:09.806 PM 2024-08-01 	 12.303271 	 297.647000 	 44.546000 	 -2952988.654031 	 12.696089 	 297.647000 	 44.546000 	 -2952988.654031 	 109.794083 	 109.725845 	 297.166136
12:56:15.024 PM 2024-08-01 	 13.191311 	 297.647000 	 44.546000 	 -2952949.248487 	 12.061803 	 297.647000 	 44.546000 	 -2952949.248487 	 109.791999 	 109.725190 	 297.162509
12:56:20.257 PM 2024-08-01 	 12.891186 	 297.647000 	 44.546000 	 -2952911.673006 	 12.072434 	 297.647000 	 44.546000 	 -2952911.673006 	 109.788604 	 109.724713 	 297.159050
12:56:25.466 PM 2024-08-01 	 12.405034 	 297.647000 	 44.546000 	 -2952875.927117 	 12.629687 	 297.647000 	 44.546000 	 -2952875.927117 	 109.787472 	 109.723581 	 297.155759
12:56:30.686 PM 2024-08-01 	 13.278633 	 297.647000 	 44.546000 	 -2952835.227334 	 12.546833 	 297.647000 	 44.546000 	 -2952835.227334 	 109.788246 	 109.724773 	 297.152013
12:56:35.928 PM 2024-08-01 	 12.598116 	 297.647000 	 44.546000 	 -2952794.270490 	 13.145507 	 297.647000 	 44.546000 	 -2952794.270490 	 109.788842 	 109.725011 	 297.148242
12:56:41.122 PM 2024-08-01 	 12.545153 	 297.647000 	 44.546000 	 -2952755.404174 	 12.336587 	 297.647000 	 44.546000 	 -2952755.404174 	 109.787055 	 109.725845 	 297.144664
12:56:46.314 PM 2024-08-01 	 12.861748 	 297.647000 	 44.546000 	 -2952713.933199 	 13.004100 	 297.647000 	 44.546000 	 -2952713.933199 	 109.784315 	 109.726500 	 297.140846
12:56:51.540 PM 2024-08-01 	 12.835138 	 297.647000 	 44.546000 	 -2952672.726951 	 12.806292 	 297.647000 	 44.546000 	 -2952672.726951 	 109.781099 	 109.726024 	 297.137052
12:56:56.773 PM 2024-08-01 	 12.970601 	 297.647000 	 44.546000 	 -2952632.828406 	 12.087894 	 297.647000 	 44.546000 	 -2952632.828406 	 109.779015 	 109.725190 	 297.133379
12:57:01.993 PM 2024-08-01 	 13.377941 	 297.647000 	 44.546000 	 -2952597.626837 	 12.504973 	 297.647000 	 44.546000 	 -2952597.626837 	 109.776453 	 109.723701 	 297.130138
12:57:07.222 PM 2024-08-01 	 12.641172 	 297.647000 	 44.546000 	 -2952561.124504 	 12.923275 	 297.647000 	 44.546000 	 -2952561.124504 	 109.774488 	 109.723224 	 297.126777
12:57:12.439 PM 2024-08-01 	 15.013112 	 297.647000 	 44.546000 	 -2952528.275014 	 12.772081 	 297.647000 	 44.546000 	 -2952528.275014 	 109.774726 	 109.722628 	 297.123753
12:57:17.672 PM 2024-08-01 	 13.818643 	 297.647000 	 44.546000 	 -2952493.603234 	 12.501545 	 297.647000 	 44.546000 	 -2952493.603234 	 109.771927 	 109.722748 	 297.120560
12:57:22.902 PM 2024-08-01 	 13.728256 	 297.647000 	 44.546000 	 -2952460.237504 	 12.736965 	 297.647000 	 44.546000 	 -2952460.237504 	 109.771093 	 109.722331 	 297.117488
12:57:28.084 PM 2024-08-01 	 12.699062 	 297.647000 	 44.546000 	 -2952433.129726 	 11.965994 	 297.647000 	 44.546000 	 -2952433.129726 	 109.770617 	 109.722092 	 297.114992
12:57:33.315 PM 2024-08-01 	 12.952531 	 297.647000 	 44.546000 	 -2952398.465500 	 12.608274 	 297.647000 	 44.546000 	 -2952398.465500 	 109.771272 	 109.720782 	 297.111800
12:57:38.538 PM 2024-08-01 	 12.737986 	 297.647000 	 44.546000 	 -2952369.537312 	 12.049102 	 297.647000 	 44.546000 	 -2952369.537312 	 109.771748 	 109.719352 	 297.109137
12:57:43.759 PM 2024-08-01 	 13.070243 	 297.647000 	 44.546000 	 -2952340.611041 	 11.902737 	 297.647000 	 44.546000 	 -2952340.611041 	 109.772880 	 109.718816 	 297.106473
12:57:48.983 PM 2024-08-01 	 12.531992 	 297.647000 	 44.546000 	 -2952307.778135 	 11.493399 	 297.647000 	 44.546000 	 -2952307.778135 	 109.773714 	 109.717863 	 297.103450
12:57:54.187 PM 2024-08-01 	 12.779866 	 297.647000 	 44.546000 	 -2952280.158714 	 12.159142 	 297.647000 	 44.546000 	 -2952280.158714 	 109.773118 	 109.717982 	 297.100906
12:57:59.414 PM 2024-08-01 	 12.997220 	 297.647000 	 44.546000 	 -2952256.449094 	 11.730083 	 297.647000 	 44.546000 	 -2952256.449094 	 109.771927 	 109.717268 	 297.098723
12:58:04.632 PM 2024-08-01 	 13.798714 	 297.647000 	 44.546000 	 -2952227.530310 	 11.993349 	 297.647000 	 44.546000 	 -2952227.530310 	 109.770200 	 109.716195 	 297.096060
12:58:09.863 PM 2024-08-01 	 13.348932 	 297.647000 	 44.546000 	 -2952202.781520 	 12.283010 	 297.647000 	 44.546000 	 -2952202.781520 	 109.769842 	 109.715838 	 297.093781
12:58:15.091 PM 2024-08-01 	 13.274383 	 297.647000 	 44.546000 	 -2952175.429225 	 12.098928 	 297.647000 	 44.546000 	 -2952175.429225 	 109.770378 	 109.715957 	 297.091262
12:58:20.315 PM 2024-08-01 	 12.658877 	 297.647000 	 44.546000 	 -2952150.422911 	 12.076691 	 297.647000 	 44.546000 	 -2952150.422911 	 109.770676 	 109.715778 	 297.088960
12:58:25.494 PM 2024-08-01 	 13.178500 	 297.647000 	 44.546000 	 -2952119.167031 	 11.555718 	 297.647000 	 44.546000 	 -2952119.167031 	 109.771391 	 109.715540 	 297.086081
12:58:30.716 PM 2024-08-01 	 12.519740 	 297.647000 	 44.546000 	 -2952088.173824 	 12.302301 	 297.647000 	 44.546000 	 -2952088.173824 	 109.771867 	 109.715064 	 297.083227
12:58:35.949 PM 2024-08-01 	 13.819834 	 297.647000 	 44.546000 	 -2952059.526596 	 12.118394 	 297.647000 	 44.546000 	 -2952059.526596 	 109.769902 	 109.715064 	 297.080589
12:58:41.186 PM 2024-08-01 	 13.969242 	 297.647000 	 44.546000 	 -2952030.881245 	 11.855931 	 297.647000 	 44.546000 	 -2952030.881245 	 109.769366 	 109.715302 	 297.077951
12:58:46.398 PM 2024-08-01 	 13.722255 	 297.647000 	 44.546000 	 -2951998.331989 	 12.151913 	 297.647000 	 44.546000 	 -2951998.331989 	 109.767996 	 109.714885 	 297.074953
12:58:51.616 PM 2024-08-01 	 12.822407 	 297.647000 	 44.546000 	 -2951973.075436 	 11.901587 	 297.647000 	 44.546000 	 -2951973.075436 	 109.767817 	 109.713813 	 297.072627
12:58:56.852 PM 2024-08-01 	 13.659597 	 297.647000 	 44.546000 	 -2951952.767102 	 11.955027 	 297.647000 	 44.546000 	 -2951952.767102 	 109.766090 	 109.714170 	 297.070757
12:59:02.087 PM 2024-08-01 	 12.520881 	 297.647000 	 44.546000 	 -2951925.951131 	 11.888422 	 297.647000 	 44.546000 	 -2951925.951131 	 109.764482 	 109.714587 	 297.068287
12:59:07.326 PM 2024-08-01 	 13.019486 	 297.647000 	 44.546000 	 -2951896.273237 	 12.627968 	 297.647000 	 44.546000 	 -2951896.273237 	 109.762278 	 109.715778 	 297.065554
12:59:12.528 PM 2024-08-01 	 13.576936 	 297.647000 	 44.546000 	 -2951871.282888 	 11.790318 	 297.647000 	 44.546000 	 -2951871.282888 	 109.760134 	 109.716910 	 297.063252
12:59:17.749 PM 2024-08-01 	 13.063279 	 297.647000 	 44.546000 	 -2951850.458688 	 11.934840 	 297.647000 	 44.546000 	 -2951850.458688 	 109.758347 	 109.717982 	 297.061334
12:59:22.969 PM 2024-08-01 	 13.134659 	 297.647000 	 44.546000 	 -2951825.470957 	 11.891783 	 297.647000 	 44.546000 	 -2951825.470957 	 109.758466 	 109.718221 	 297.059033
12:59:28.182 PM 2024-08-01 	 12.985726 	 297.647000 	 44.546000 	 -2951805.429747 	 11.993758 	 297.647000 	 44.546000 	 -2951805.429747 	 109.758228 	 109.718280 	 297.057187
12:59:33.354 PM 2024-08-01 	 13.165372 	 297.647000 	 44.546000 	 -2951789.553595 	 12.454368 	 297.647000 	 44.546000 	 -2951789.553595 	 109.757096 	 109.718518 	 297.055725
12:59:38.596 PM 2024-08-01 	 13.239102 	 297.647000 	 44.546000 	 -2951771.335771 	 12.374080 	 297.647000 	 44.546000 	 -2951771.335771 	 109.757394 	 109.718221 	 297.054047
12:59:43.653 PM 2024-08-01 	 12.916304 	 297.647000 	 44.546000 	 -2951756.762058 	 11.537432 	 297.647000 	 44.546000 	 -2951756.762058 	 109.757632 	 109.717923 	 297.052704
12:59:48.738 PM 2024-08-01 	 13.338399 	 297.647000 	 44.546000 	 -2951735.162627 	 12.078390 	 297.647000 	 44.546000 	 -2951735.162627 	 109.758228 	 109.717387 	 297.050715
12:59:53.906 PM 2024-08-01 	 13.665309 	 297.647000 	 44.546000 	 -2951709.921270 	 12.022197 	 297.647000 	 44.546000 	 -2951709.921270 	 109.759300 	 109.716493 	 297.048390
12:59:58.999 PM 2024-08-01 	 13.701539 	 297.647000 	 44.546000 	 -2951689.625152 	 12.571246 	 297.647000 	 44.546000 	 -2951689.625152 	 109.759360 	 109.716493 	 297.046521
1:00:04.080 PM 2024-08-01 	 13.552600 	 297.647000 	 44.546000 	 -2951663.605866 	 11.873052 	 297.647000 	 44.546000 	 -2951663.605866 	 109.760313 	 109.715898 	 297.044124
1:00:09.243 PM 2024-08-01 	 13.621306 	 297.647000 	 44.546000 	 -2951641.230518 	 11.944011 	 297.647000 	 44.546000 	 -2951641.230518 	 109.759062 	 109.715838 	 297.042063
1:00:14.308 PM 2024-08-01 	 13.886296 	 297.647000 	 44.546000 	 -2951620.157109 	 11.588484 	 297.647000 	 44.546000 	 -2951620.157109 	 109.757811 	 109.716017 	 297.040122
1:00:19.382 PM 2024-08-01 	 12.830979 	 297.647000 	 44.546000 	 -2951594.922386 	 11.688453 	 297.647000 	 44.546000 	 -2951594.922386 	 109.756322 	 109.716255 	 297.037797
1:00:24.457 PM 2024-08-01 	 14.105949 	 297.647000 	 44.546000 	 -2951569.949248 	 12.077462 	 297.647000 	 44.546000 	 -2951569.949248 	 109.755727 	 109.716017 	 297.035497
1:00:29.532 PM 2024-08-01 	 13.890817 	 297.647000 	 44.546000 	 -2951539.255051 	 11.779503 	 297.647000 	 44.546000 	 -2951539.255051 	 109.755488 	 109.715302 	 297.032670
1:00:34.614 PM 2024-08-01 	 13.535537 	 297.647000 	 44.546000 	 -2951518.186552 	 11.612674 	 297.647000 	 44.546000 	 -2951518.186552 	 109.755310 	 109.715778 	 297.030729
1:00:39.677 PM 2024-08-01 	 13.465062 	 297.647000 	 44.546000 	 -2951497.119067 	 11.628852 	 297.647000 	 44.546000 	 -2951497.119067 	 109.754893 	 109.714647 	 297.028788
1:00:44.718 PM 2024-08-01 	 13.963177 	 297.647000 	 44.546000 	 -2951471.891438 	 11.717601 	 297.647000 	 44.546000 	 -2951471.891438 	 109.755429 	 109.713872 	 297.026464
1:00:49.786 PM 2024-08-01 	 13.910261 	 297.647000 	 44.546000 	 -2951452.906656 	 12.197315 	 297.647000 	 44.546000 	 -2951452.906656 	 109.753999 	 109.713574 	 297.024715
1:00:54.861 PM 2024-08-01 	 13.031021 	 297.647000 	 44.546000 	 -2951423.260834 	 11.917059 	 297.647000 	 44.546000 	 -2951423.260834 	 109.751974 	 109.713574 	 297.021984
1:00:59.929 PM 2024-08-01 	 13.119114 	 297.647000 	 44.546000 	 -2951407.918610 	 12.372200 	 297.647000 	 44.546000 	 -2951407.918610 	 109.749294 	 109.713038 	 297.020571
1:01:04.997 PM 2024-08-01 	 13.208870 	 297.647000 	 44.546000 	 -2951382.176085 	 12.628727 	 297.647000 	 44.546000 	 -2951382.176085 	 109.746197 	 109.712145 	 297.018200
1:01:10.087 PM 2024-08-01 	 14.619883 	 297.647000 	 44.546000 	 -2951374.115605 	 11.850386 	 297.647000 	 44.546000 	 -2951374.115605 	 109.743755 	 109.712204 	 297.017457
1:01:15.127 PM 2024-08-01 	 14.134178 	 297.647000 	 44.546000 	 -2951355.655067 	 12.206022 	 297.647000 	 44.546000 	 -2951355.655067 	 109.741968 	 109.711073 	 297.015756
1:01:20.177 PM 2024-08-01 	 12.943404 	 297.647000 	 44.546000 	 -2951332.775479 	 12.021799 	 297.647000 	 44.546000 	 -2951332.775479 	 109.740300 	 109.710060 	 297.013649
1:01:25.240 PM 2024-08-01 	 13.349070 	 297.647000 	 44.546000 	 -2951313.536751 	 12.272686 	 297.647000 	 44.546000 	 -2951313.536751 	 109.739764 	 109.709941 	 297.011876
1:01:30.324 PM 2024-08-01 	 13.296580 	 297.647000 	 44.546000 	 -2951298.978276 	 12.166549 	 297.647000 	 44.546000 	 -2951298.978276 	 109.739586 	 109.708631 	 297.010535
1:01:35.404 PM 2024-08-01 	 13.685115 	 297.647000 	 44.546000 	 -2951275.321786 	 12.199280 	 297.647000 	 44.546000 	 -2951275.321786 	 109.739348 	 109.708273 	 297.008356
1:01:40.489 PM 2024-08-01 	 13.960186 	 297.647000 	 44.546000 	 -2951259.464854 	 12.832693 	 297.647000 	 44.546000 	 -2951259.464854 	 109.739050 	 109.708928 	 297.006895
1:01:45.580 PM 2024-08-01 	 13.974356 	 297.647000 	 44.546000 	 -2951238.669748 	 12.191861 	 297.647000 	 44.546000 	 -2951238.669748 	 109.739169 	 109.708214 	 297.004979
1:01:50.660 PM 2024-08-01 	 14.694135 	 297.647000 	 44.546000 	 -2951223.593914 	 12.291065 	 297.647000 	 44.546000 	 -2951223.593914 	 109.739884 	 109.708273 	 297.003590
1:01:55.728 PM 2024-08-01 	 13.583906 	 297.647000 	 44.546000 	 -2951213.457007 	 12.287480 	 297.647000 	 44.546000 	 -2951213.457007 	 109.739586 	 109.708273 	 297.002656
1:02:00.797 PM 2024-08-01 	 14.921467 	 297.647000 	 44.546000 	 -2951202.540600 	 12.018319 	 297.647000 	 44.546000 	 -2951202.540600 	 109.738275 	 109.708392 	 297.001651
1:02:05.862 PM 2024-08-01 	 13.108075 	 297.647000 	 44.546000 	 -2951189.285329 	 11.662616 	 297.647000 	 44.546000 	 -2951189.285329 	 109.738395 	 109.709167 	 297.000429
1:02:10.909 PM 2024-08-01 	 14.450922 	 297.647000 	 44.546000 	 -2951180.448705 	 12.208661 	 297.647000 	 44.546000 	 -2951180.448705 	 109.738633 	 109.709643 	 296.999615
1:02:15.977 PM 2024-08-01 	 13.142303 	 297.647000 	 44.546000 	 -2951166.154542 	 11.804546 	 297.647000 	 44.546000 	 -2951166.154542 	 109.737978 	 109.711013 	 296.998298
1:02:21.044 PM 2024-08-01 	 14.884315 	 297.647000 	 44.546000 	 -2951152.900372 	 12.262288 	 297.647000 	 44.546000 	 -2951152.900372 	 109.738514 	 109.712383 	 296.997077
1:02:26.126 PM 2024-08-01 	 13.716558 	 297.647000 	 44.546000 	 -2951145.363866 	 11.922163 	 297.647000 	 44.546000 	 -2951145.363866 	 109.738037 	 109.712085 	 296.996383
1:02:31.207 PM 2024-08-01 	 12.992290 	 297.647000 	 44.546000 	 -2951125.613638 	 11.497843 	 297.647000 	 44.546000 	 -2951125.613638 	 109.737501 	 109.711371 	 296.994563
1:02:36.274 PM 2024-08-01 	 13.488280 	 297.647000 	 44.546000 	 -2951112.620552 	 11.576705 	 297.647000 	 44.546000 	 -2951112.620552 	 109.738395 	 109.710954 	 296.993366
1:02:41.335 PM 2024-08-01 	 13.595686 	 297.647000 	 44.546000 	 -2951098.588453 	 12.165475 	 297.647000 	 44.546000 	 -2951098.588453 	 109.737203 	 109.711192 	 296.992073
1:02:46.407 PM 2024-08-01 	 13.655014 	 297.647000 	 44.546000 	 -2951080.659202 	 12.246241 	 297.647000 	 44.546000 	 -2951080.659202 	 109.736489 	 109.710537 	 296.990421
1:02:51.481 PM 2024-08-01 	 13.121796 	 297.647000 	 44.546000 	 -2951061.171717 	 12.325364 	 297.647000 	 44.546000 	 -2951061.171717 	 109.735893 	 109.710418 	 296.988626
1:02:56.562 PM 2024-08-01 	 13.792623 	 297.647000 	 44.546000 	 -2951049.739463 	 12.062883 	 297.647000 	 44.546000 	 -2951049.739463 	 109.735297 	 109.710298 	 296.987572
1:03:01.630 PM 2024-08-01 	 13.667524 	 297.647000 	 44.546000 	 -2951035.709377 	 12.267357 	 297.647000 	 44.546000 	 -2951035.709377 	 109.735119 	 109.709762 	 296.986280
1:03:06.697 PM 2024-08-01 	 13.192855 	 297.647000 	 44.546000 	 -2951024.017982 	 12.446578 	 297.647000 	 44.546000 	 -2951024.017982 	 109.734344 	 109.709703 	 296.985203
1:03:11.764 PM 2024-08-01 	 13.815920 	 297.647000 	 44.546000 	 -2951003.493843 	 12.612198 	 297.647000 	 44.546000 	 -2951003.493843 	 109.734464 	 109.711430 	 296.983311
1:03:16.840 PM 2024-08-01 	 14.250582 	 297.647000 	 44.546000 	 -2951002.714465 	 12.207482 	 297.647000 	 44.546000 	 -2951002.714465 	 109.734225 	 109.710954 	 296.983240
1:03:21.917 PM 2024-08-01 	 13.112074 	 297.647000 	 44.546000 	 -2950997.258852 	 12.162666 	 297.647000 	 44.546000 	 -2950997.258852 	 109.734404 	 109.711788 	 296.982737
1:03:26.977 PM 2024-08-01 	 14.144572 	 297.647000 	 44.546000 	 -2950988.166316 	 12.514415 	 297.647000 	 44.546000 	 -2950988.166316 	 109.735655 	 109.711668 	 296.981899
1:03:32.023 PM 2024-08-01 	 13.778102 	 297.647000 	 44.546000 	 -2950976.216412 	 12.875052 	 297.647000 	 44.546000 	 -2950976.216412 	 109.736846 	 109.711609 	 296.980798
1:03:37.067 PM 2024-08-01 	 12.949464 	 297.647000 	 44.546000 	 -2950968.682945 	 12.466175 	 297.647000 	 44.546000 	 -2950968.682945 	 109.738037 	 109.711311 	 296.980104
1:03:42.106 PM 2024-08-01 	 13.555084 	 297.647000 	 44.546000 	 -2950956.473807 	 12.228591 	 297.647000 	 44.546000 	 -2950956.473807 	 109.739288 	 109.711073 	 296.978979
1:03:47.161 PM 2024-08-01 	 13.383516 	 297.647000 	 44.546000 	 -2950948.161397 	 12.549543 	 297.647000 	 44.546000 	 -2950948.161397 	 109.740717 	 109.710834 	 296.978213
1:03:52.250 PM 2024-08-01 	 13.828330 	 297.647000 	 44.546000 	 -2950948.680918 	 12.272528 	 297.647000 	 44.546000 	 -2950948.680918 	 109.740181 	 109.711013 	 296.978261
1:03:57.295 PM 2024-08-01 	 12.769175 	 297.647000 	 44.546000 	 -2950938.290615 	 12.177201 	 297.647000 	 44.546000 	 -2950938.290615 	 109.740122 	 109.711251 	 296.977304
1:04:02.354 PM 2024-08-01 	 13.466139 	 297.647000 	 44.546000 	 -2950924.783590 	 12.926907 	 297.647000 	 44.546000 	 -2950924.783590 	 109.740300 	 109.710894 	 296.976059
1:04:07.428 PM 2024-08-01 	 13.021121 	 297.647000 	 44.546000 	 -2950910.497766 	 12.655764 	 297.647000 	 44.546000 	 -2950910.497766 	 109.740420 	 109.710834 	 296.974743
1:04:12.495 PM 2024-08-01 	 13.996564 	 297.647000 	 44.546000 	 -2950898.290249 	 11.854742 	 297.647000 	 44.546000 	 -2950898.290249 	 109.739228 	 109.711013 	 296.973618
1:04:17.559 PM 2024-08-01 	 13.877496 	 297.647000 	 44.546000 	 -2950893.874848 	 12.406259 	 297.647000 	 44.546000 	 -2950893.874848 	 109.737442 	 109.710418 	 296.973211
1:04:22.624 PM 2024-08-01 	 13.737155 	 297.647000 	 44.546000 	 -2950887.381691 	 12.646651 	 297.647000 	 44.546000 	 -2950887.381691 	 109.737501 	 109.711073 	 296.972613
1:04:27.702 PM 2024-08-01 	 13.532866 	 297.647000 	 44.546000 	 -2950883.745566 	 12.435818 	 297.647000 	 44.546000 	 -2950883.745566 	 109.736786 	 109.710239 	 296.972278
1:04:32.769 PM 2024-08-01 	 13.774007 	 297.647000 	 44.546000 	 -2950879.590031 	 12.407103 	 297.647000 	 44.546000 	 -2950879.590031 	 109.738395 	 109.710298 	 296.971895
1:04:37.847 PM 2024-08-01 	 13.645677 	 297.647000 	 44.546000 	 -2950867.383375 	 12.805632 	 297.647000 	 44.546000 	 -2950867.383375 	 109.738692 	 109.710894 	 296.970770
1:04:42.925 PM 2024-08-01 	 13.179554 	 297.647000 	 44.546000 	 -2950862.708575 	 12.761278 	 297.647000 	 44.546000 	 -2950862.708575 	 109.739645 	 109.711192 	 296.970339
1:04:47.994 PM 2024-08-01 	 13.464289 	 297.647000 	 44.546000 	 -2950858.812947 	 12.667069 	 297.647000 	 44.546000 	 -2950858.812947 	 109.740777 	 109.711132 	 296.969980
1:04:53.077 PM 2024-08-01 	 13.721324 	 297.647000 	 44.546000 	 -2950855.436764 	 12.541736 	 297.647000 	 44.546000 	 -2950855.436764 	 109.742266 	 109.710596 	 296.969669
1:04:58.152 PM 2024-08-01 	 12.473402 	 297.647000 	 44.546000 	 -2950848.684475 	 12.462747 	 297.647000 	 44.546000 	 -2950848.684475 	 109.741968 	 109.710894 	 296.969047
1:05:03.215 PM 2024-08-01 	 13.129913 	 297.647000 	 44.546000 	 -2950839.335325 	 12.433337 	 297.647000 	 44.546000 	 -2950839.335325 	 109.740956 	 109.711549 	 296.968186
1:05:08.276 PM 2024-08-01 	 12.101489 	 297.647000 	 44.546000 	 -2950832.063901 	 12.080212 	 297.647000 	 44.546000 	 -2950832.063901 	 109.740062 	 109.712264 	 296.967516
1:05:13.341 PM 2024-08-01 	 13.248905 	 297.647000 	 44.546000 	 -2950833.362361 	 11.982488 	 297.647000 	 44.546000 	 -2950833.362361 	 109.738931 	 109.711966 	 296.967635
1:05:18.407 PM 2024-08-01 	 12.753937 	 297.647000 	 44.546000 	 -2950831.804210 	 11.876168 	 297.647000 	 44.546000 	 -2950831.804210 	 109.738395 	 109.712145 	 296.967492
1:05:23.479 PM 2024-08-01 	 13.084328 	 297.647000 	 44.546000 	 -2950829.207304 	 12.169186 	 297.647000 	 44.546000 	 -2950829.207304 	 109.738395 	 109.712324 	 296.967252
1:05:28.554 PM 2024-08-01 	 13.903268 	 297.647000 	 44.546000 	 -2950826.610413 	 12.269859 	 297.647000 	 44.546000 	 -2950826.610413 	 109.738871 	 109.712562 	 296.967013
1:05:33.619 PM 2024-08-01 	 13.112004 	 297.647000 	 44.546000 	 -2950825.311973 	 11.985399 	 297.647000 	 44.546000 	 -2950825.311973 	 109.739467 	 109.713158 	 296.966893
1:05:38.677 PM 2024-08-01 	 13.498680 	 297.647000 	 44.546000 	 -2950829.726684 	 11.978152 	 297.647000 	 44.546000 	 -2950829.726684 	 109.739645 	 109.714170 	 296.967300
1:05:43.756 PM 2024-08-01 	 14.105032 	 297.647000 	 44.546000 	 -2950827.908856 	 11.942163 	 297.647000 	 44.546000 	 -2950827.908856 	 109.739348 	 109.714408 	 296.967133
1:05:48.835 PM 2024-08-01 	 12.887955 	 297.647000 	 44.546000 	 -2950830.765445 	 12.227809 	 297.647000 	 44.546000 	 -2950830.765445 	 109.740539 	 109.714825 	 296.967396
1:05:53.913 PM 2024-08-01 	 12.813496 	 297.647000 	 44.546000 	 -2950826.870101 	 12.067327 	 297.647000 	 44.546000 	 -2950826.870101 	 109.741492 	 109.714349 	 296.967037
1:05:58.986 PM 2024-08-01 	 13.053851 	 297.647000 	 44.546000 	 -2950819.339200 	 11.962420 	 297.647000 	 44.546000 	 -2950819.339200 	 109.741909 	 109.714647 	 296.966343
1:06:04.048 PM 2024-08-01 	 13.018943 	 297.647000 	 44.546000 	 -2950817.002050 	 12.678395 	 297.647000 	 44.546000 	 -2950817.002050 	 109.743278 	 109.714766 	 296.966128
1:06:09.116 PM 2024-08-01 	 12.962084 	 297.647000 	 44.546000 	 -2950815.703639 	 12.183478 	 297.647000 	 44.546000 	 -2950815.703639 	 109.744112 	 109.714230 	 296.966008
1:06:14.187 PM 2024-08-01 	 13.237272 	 297.647000 	 44.546000 	 -2950814.405232 	 11.471223 	 297.647000 	 44.546000 	 -2950814.405232 	 109.744767 	 109.715004 	 296.965888
1:06:19.264 PM 2024-08-01 	 12.894583 	 297.647000 	 44.546000 	 -2950802.719738 	 11.817019 	 297.647000 	 44.546000 	 -2950802.719738 	 109.745661 	 109.715481 	 296.964812
1:06:24.332 PM 2024-08-01 	 13.473774 	 297.647000 	 44.546000 	 -2950802.719738 	 12.032524 	 297.647000 	 44.546000 	 -2950802.719738 	 109.746793 	 109.715600 	 296.964812
1:06:29.402 PM 2024-08-01 	 12.630589 	 297.647000 	 44.546000 	 -2950800.642350 	 12.855519 	 297.647000 	 44.546000 	 -2950800.642350 	 109.747150 	 109.715778 	 296.964620
1:06:34.474 PM 2024-08-01 	 13.044126 	 297.647000 	 44.546000 	 -2950803.758436 	 11.807483 	 297.647000 	 44.546000 	 -2950803.758436 	 109.747031 	 109.716731 	 296.964907
1:06:39.545 PM 2024-08-01 	 14.062784 	 297.647000 	 44.546000 	 -2950802.460064 	 12.032918 	 297.647000 	 44.546000 	 -2950802.460064 	 109.746435 	 109.717268 	 296.964788
1:06:44.624 PM 2024-08-01 	 13.413021 	 297.647000 	 44.546000 	 -2950807.913252 	 12.082098 	 297.647000 	 44.546000 	 -2950807.913252 	 109.746673 	 109.718161 	 296.965290
1:06:49.697 PM 2024-08-01 	 13.203811 	 297.647000 	 44.546000 	 -2950814.145551 	 12.087015 	 297.647000 	 44.546000 	 -2950814.145551 	 109.748282 	 109.718459 	 296.965864
1:06:54.776 PM 2024-08-01 	 12.652657 	 297.647000 	 44.546000 	 -2950819.339200 	 12.527154 	 297.647000 	 44.546000 	 -2950819.339200 	 109.748937 	 109.718935 	 296.966343
1:06:59.841 PM 2024-08-01 	 12.639970 	 297.647000 	 44.546000 	 -2950821.156992 	 12.053879 	 297.647000 	 44.546000 	 -2950821.156992 	 109.749354 	 109.719829 	 296.966510
1:07:04.917 PM 2024-08-01 	 13.133120 	 297.647000 	 44.546000 	 -2950823.753850 	 11.612890 	 297.647000 	 44.546000 	 -2950823.753850 	 109.751021 	 109.720961 	 296.966750
1:07:09.995 PM 2024-08-01 	 12.601854 	 297.647000 	 44.546000 	 -2950826.870101 	 11.563175 	 297.647000 	 44.546000 	 -2950826.870101 	 109.750664 	 109.721199 	 296.967037
1:07:15.068 PM 2024-08-01 	 13.538529 	 297.647000 	 44.546000 	 -2950827.389478 	 11.911085 	 297.647000 	 44.546000 	 -2950827.389478 	 109.750604 	 109.722092 	 296.967085
1:07:20.139 PM 2024-08-01 	 13.440670 	 297.647000 	 44.546000 	 -2950827.649167 	 12.643314 	 297.647000 	 44.546000 	 -2950827.649167 	 109.749413 	 109.722926 	 296.967109
1:07:25.214 PM 2024-08-01 	 13.268618 	 297.647000 	 44.546000 	 -2950829.726684 	 11.920822 	 297.647000 	 44.546000 	 -2950829.726684 	 109.748520 	 109.722867 	 296.967300
1:07:30.294 PM 2024-08-01 	 13.103706 	 297.647000 	 44.546000 	 -2950829.726684 	 12.536644 	 297.647000 	 44.546000 	 -2950829.726684 	 109.746554 	 109.722748 	 296.967300
1:07:35.355 PM 2024-08-01 	 13.000480 	 297.647000 	 44.546000 	 -2950833.102669 	 11.918960 	 297.647000 	 44.546000 	 -2950833.102669 	 109.745482 	 109.722211 	 296.967611
1:07:40.425 PM 2024-08-01 	 13.700549 	 297.647000 	 44.546000 	 -2950835.959292 	 12.225610 	 297.647000 	 44.546000 	 -2950835.959292 	 109.744112 	 109.721735 	 296.967874
1:07:45.499 PM 2024-08-01 	 12.955815 	 297.647000 	 44.546000 	 -2950838.036848 	 12.253462 	 297.647000 	 44.546000 	 -2950838.036848 	 109.743219 	 109.721854 	 296.968066
1:07:50.564 PM 2024-08-01 	 12.955613 	 297.647000 	 44.546000 	 -2950842.451686 	 12.379689 	 297.647000 	 44.546000 	 -2950842.451686 	 109.743457 	 109.722867 	 296.968473
1:07:55.632 PM 2024-08-01 	 14.040272 	 297.647000 	 44.546000 	 -2950847.385970 	 11.897602 	 297.647000 	 44.546000 	 -2950847.385970 	 109.745661 	 109.724118 	 296.968927
1:08:00.707 PM 2024-08-01 	 14.003271 	 297.647000 	 44.546000 	 -2950856.215881 	 11.705073 	 297.647000 	 44.546000 	 -2950856.215881 	 109.747924 	 109.725071 	 296.969741
1:08:05.772 PM 2024-08-01 	 13.054978 	 297.647000 	 44.546000 	 -2950858.293532 	 11.979603 	 297.647000 	 44.546000 	 -2950858.293532 	 109.747865 	 109.725547 	 296.969932
1:08:10.846 PM 2024-08-01 	 13.900968 	 297.647000 	 44.546000 	 -2950862.708575 	 12.104750 	 297.647000 	 44.546000 	 -2950862.708575 	 109.749175 	 109.726560 	 296.970339
1:08:15.916 PM 2024-08-01 	 15.165781 	 297.647000 	 44.546000 	 -2950869.201366 	 11.358471 	 297.647000 	 44.546000 	 -2950869.201366 	 109.750604 	 109.726202 	 296.970938
1:08:20.995 PM 2024-08-01 	 13.889865 	 297.647000 	 44.546000 	 -2950873.356802 	 11.774785 	 297.647000 	 44.546000 	 -2950873.356802 	 109.752987 	 109.725905 	 296.971320
1:08:26.071 PM 2024-08-01 	 13.279590 	 297.647000 	 44.546000 	 -2950879.330311 	 11.635036 	 297.647000 	 44.546000 	 -2950879.330311 	 109.756263 	 109.726083 	 296.971871
1:08:31.141 PM 2024-08-01 	 13.113434 	 297.647000 	 44.546000 	 -2950886.342795 	 11.184532 	 297.647000 	 44.546000 	 -2950886.342795 	 109.759241 	 109.727096 	 296.972517
1:08:36.203 PM 2024-08-01 	 13.030776 	 297.647000 	 44.546000 	 -2950888.160865 	 11.738279 	 297.647000 	 44.546000 	 -2950888.160865 	 109.761742 	 109.728228 	 296.972685
1:08:41.265 PM 2024-08-01 	 13.367805 	 297.647000 	 44.546000 	 -2950888.680315 	 12.113144 	 297.647000 	 44.546000 	 -2950888.680315 	 109.762516 	 109.728942 	 296.972732
1:08:46.345 PM 2024-08-01 	 13.141430 	 297.647000 	 44.546000 	 -2950897.770788 	 11.513496 	 297.647000 	 44.546000 	 -2950897.770788 	 109.764065 	 109.730015 	 296.973570
1:08:51.417 PM 2024-08-01 	 13.401854 	 297.647000 	 44.546000 	 -2950902.705694 	 11.715134 	 297.647000 	 44.546000 	 -2950902.705694 	 109.767639 	 109.729419 	 296.974025
1:08:56.497 PM 2024-08-01 	 12.631730 	 297.647000 	 44.546000 	 -2950901.666762 	 11.920665 	 297.647000 	 44.546000 	 -2950901.666762 	 109.769366 	 109.728942 	 296.973929
1:09:01.563 PM 2024-08-01 	 12.138276 	 297.647000 	 44.546000 	 -2950906.082242 	 12.138885 	 297.647000 	 44.546000 	 -2950906.082242 	 109.771689 	 109.728287 	 296.974336
1:09:06.638 PM 2024-08-01 	 12.713691 	 297.647000 	 44.546000 	 -2950910.497766 	 11.531429 	 297.647000 	 44.546000 	 -2950910.497766 	 109.773416 	 109.728585 	 296.974743
1:09:11.713 PM 2024-08-01 	 13.511277 	 297.647000 	 44.546000 	 -2950913.614633 	 11.017507 	 297.647000 	 44.546000 	 -2950913.614633 	 109.776037 	 109.728942 	 296.975030
1:09:16.788 PM 2024-08-01 	 12.762617 	 297.647000 	 44.546000 	 -2950922.445878 	 11.089526 	 297.647000 	 44.546000 	 -2950922.445878 	 109.776811 	 109.728645 	 296.975844
1:09:21.857 PM 2024-08-01 	 12.489154 	 297.647000 	 44.546000 	 -2950926.861567 	 11.469445 	 297.647000 	 44.546000 	 -2950926.861567 	 109.777406 	 109.727989 	 296.976251
1:09:26.932 PM 2024-08-01 	 12.664434 	 297.647000 	 44.546000 	 -2950930.238300 	 11.941112 	 297.647000 	 44.546000 	 -2950930.238300 	 109.777049 	 109.727989 	 296.976562
1:09:32.006 PM 2024-08-01 	 14.201350 	 297.647000 	 44.546000 	 -2950944.784526 	 11.676929 	 297.647000 	 44.546000 	 -2950944.784526 	 109.778598 	 109.728347 	 296.977902
1:09:37.066 PM 2024-08-01 	 12.801690 	 297.647000 	 44.546000 	 -2950970.501356 	 11.198071 	 297.647000 	 44.546000 	 -2950970.501356 	 109.780027 	 109.728823 	 296.980272
1:09:42.153 PM 2024-08-01 	 13.692785 	 297.647000 	 44.546000 	 -2950979.593526 	 11.530340 	 297.647000 	 44.546000 	 -2950979.593526 	 109.780206 	 109.728942 	 296.981109
1:09:47.222 PM 2024-08-01 	 12.643881 	 297.647000 	 44.546000 	 -2950999.337173 	 10.962636 	 297.647000 	 44.546000 	 -2950999.337173 	 109.781397 	 109.728525 	 296.982928
1:09:52.292 PM 2024-08-01 	 13.500361 	 297.647000 	 44.546000 	 -2951011.027909 	 11.033227 	 297.647000 	 44.546000 	 -2951011.027909 	 109.782707 	 109.728823 	 296.984006
1:09:57.367 PM 2024-08-01 	 13.055687 	 297.647000 	 44.546000 	 -2951031.292592 	 10.933465 	 297.647000 	 44.546000 	 -2951031.292592 	 109.782112 	 109.728168 	 296.985873
1:10:02.439 PM 2024-08-01 	 12.714184 	 297.647000 	 44.546000 	 -2951049.999284 	 11.056381 	 297.647000 	 44.546000 	 -2951049.999284 	 109.783065 	 109.728466 	 296.987596
1:10:07.507 PM 2024-08-01 	 13.450036 	 297.647000 	 44.546000 	 -2951062.470856 	 11.661524 	 297.647000 	 44.546000 	 -2951062.470856 	 109.784554 	 109.729121 	 296.988745
1:10:12.587 PM 2024-08-01 	 12.509597 	 297.647000 	 44.546000 	 -2951070.265769 	 11.424583 	 297.647000 	 44.546000 	 -2951070.265769 	 109.786221 	 109.729240 	 296.989464
1:10:17.651 PM 2024-08-01 	 12.632834 	 297.647000 	 44.546000 	 -2951077.541146 	 11.492713 	 297.647000 	 44.546000 	 -2951077.541146 	 109.787234 	 109.728823 	 296.990134
1:10:22.725 PM 2024-08-01 	 12.597535 	 297.647000 	 44.546000 	 -2951078.840333 	 11.608464 	 297.647000 	 44.546000 	 -2951078.840333 	 109.786876 	 109.728942 	 296.990254
1:10:27.812 PM 2024-08-01 	 12.736947 	 297.647000 	 44.546000 	 -2951083.517439 	 11.384676 	 297.647000 	 44.546000 	 -2951083.517439 	 109.786340 	 109.729955 	 296.990685
1:10:32.895 PM 2024-08-01 	 13.208692 	 297.647000 	 44.546000 	 -2951084.816644 	 10.869978 	 297.647000 	 44.546000 	 -2951084.816644 	 109.784494 	 109.729955 	 296.990804
1:10:37.962 PM 2024-08-01 	 12.518747 	 297.647000 	 44.546000 	 -2951089.233969 	 11.360629 	 297.647000 	 44.546000 	 -2951089.233969 	 109.782648 	 109.730253 	 296.991211
1:10:43.024 PM 2024-08-01 	 13.013701 	 297.647000 	 44.546000 	 -2951097.029358 	 11.685805 	 297.647000 	 44.546000 	 -2951097.029358 	 109.781754 	 109.729955 	 296.991930
1:10:48.094 PM 2024-08-01 	 12.247774 	 297.647000 	 44.546000 	 -2951103.525622 	 10.852243 	 297.647000 	 44.546000 	 -2951103.525622 	 109.781099 	 109.729419 	 296.992528
1:10:53.169 PM 2024-08-01 	 13.020555 	 297.647000 	 44.546000 	 -2951108.982557 	 11.464412 	 297.647000 	 44.546000 	 -2951108.982557 	 109.779967 	 109.729061 	 296.993031
1:10:58.239 PM 2024-08-01 	 12.261288 	 297.647000 	 44.546000 	 -2951110.021981 	 10.888048 	 297.647000 	 44.546000 	 -2951110.021981 	 109.779670 	 109.728704 	 296.993127
1:11:03.307 PM 2024-08-01 	 12.971039 	 297.647000 	 44.546000 	 -2951117.038158 	 11.329854 	 297.647000 	 44.546000 	 -2951117.038158 	 109.778955 	 109.728228 	 296.993773
1:11:08.381 PM 2024-08-01 	 13.058434 	 297.647000 	 44.546000 	 -2951128.991903 	 11.480067 	 297.647000 	 44.546000 	 -2951128.991903 	 109.779967 	 109.727751 	 296.994874
1:11:13.456 PM 2024-08-01 	 12.576459 	 297.647000 	 44.546000 	 -2951138.607109 	 10.923036 	 297.647000 	 44.546000 	 -2951138.607109 	 109.780682 	 109.727572 	 296.995760
1:11:18.523 PM 2024-08-01 	 13.292423 	 297.647000 	 44.546000 	 -2951146.143499 	 11.117947 	 297.647000 	 44.546000 	 -2951146.143499 	 109.780861 	 109.727453 	 296.996455
1:11:23.590 PM 2024-08-01 	 13.021629 	 297.647000 	 44.546000 	 -2951157.578269 	 11.301276 	 297.647000 	 44.546000 	 -2951157.578269 	 109.781159 	 109.727275 	 296.997508
1:11:28.662 PM 2024-08-01 	 13.107506 	 297.647000 	 44.546000 	 -2951167.973773 	 11.079257 	 297.647000 	 44.546000 	 -2951167.973773 	 109.781040 	 109.727155 	 296.998466
1:11:33.734 PM 2024-08-01 	 12.761239 	 297.647000 	 44.546000 	 -2951164.335319 	 11.375119 	 297.647000 	 44.546000 	 -2951164.335319 	 109.781040 	 109.727334 	 296.998131
1:11:38.809 PM 2024-08-01 	 12.819062 	 297.647000 	 44.546000 	 -2951168.753446 	 11.879777 	 297.647000 	 44.546000 	 -2951168.753446 	 109.781576 	 109.727394 	 296.998538
1:11:43.888 PM 2024-08-01 	 12.805992 	 297.647000 	 44.546000 	 -2951172.391938 	 11.620079 	 297.647000 	 44.546000 	 -2951172.391938 	 109.782886 	 109.727513 	 296.998873
1:11:48.953 PM 2024-08-01 	 13.058244 	 297.647000 	 44.546000 	 -2951166.934212 	 11.894983 	 297.647000 	 44.546000 	 -2951166.934212 	 109.783601 	 109.727632 	 296.998370
1:11:54.020 PM 2024-08-01 	 13.562699 	 297.647000 	 44.546000 	 -2951174.730984 	 12.170482 	 297.647000 	 44.546000 	 -2951174.730984 	 109.785328 	 109.727930 	 296.999088
1:11:59.094 PM 2024-08-01 	 13.502614 	 297.647000 	 44.546000 	 -2951170.832580 	 11.756887 	 297.647000 	 44.546000 	 -2951170.832580 	 109.787234 	 109.727453 	 296.998729
1:12:04.165 PM 2024-08-01 	 13.085954 	 297.647000 	 44.546000 	 -2951179.149216 	 12.065251 	 297.647000 	 44.546000 	 -2951179.149216 	 109.787412 	 109.727930 	 296.999495
1:12:09.236 PM 2024-08-01 	 13.436654 	 297.647000 	 44.546000 	 -2951181.748197 	 11.903359 	 297.647000 	 44.546000 	 -2951181.748197 	 109.786996 	 109.728406 	 296.999735
1:12:14.308 PM 2024-08-01 	 12.696050 	 297.647000 	 44.546000 	 -2951185.126895 	 11.871414 	 297.647000 	 44.546000 	 -2951185.126895 	 109.785864 	 109.727751 	 297.000046
1:12:19.381 PM 2024-08-01 	 12.814599 	 297.647000 	 44.546000 	 -2951192.144275 	 11.976391 	 297.647000 	 44.546000 	 -2951192.144275 	 109.785685 	 109.728228 	 297.000693
1:12:24.489 PM 2024-08-01 	 12.747997 	 297.647000 	 44.546000 	 -2951190.324944 	 11.661922 	 297.647000 	 44.546000 	 -2951190.324944 	 109.784851 	 109.728823 	 297.000525
1:12:29.576 PM 2024-08-01 	 12.931216 	 297.647000 	 44.546000 	 -2951184.347193 	 12.485189 	 297.647000 	 44.546000 	 -2951184.347193 	 109.785804 	 109.728823 	 296.999974
1:12:34.644 PM 2024-08-01 	 12.577416 	 297.647000 	 44.546000 	 -2951180.188806 	 11.413689 	 297.647000 	 44.546000 	 -2951180.188806 	 109.787949 	 109.728287 	 296.999591
1:12:39.708 PM 2024-08-01 	 13.099973 	 297.647000 	 44.546000 	 -2951175.770564 	 11.619489 	 297.647000 	 44.546000 	 -2951175.770564 	 109.789616 	 109.728585 	 296.999184
1:12:44.779 PM 2024-08-01 	 12.782254 	 297.647000 	 44.546000 	 -2951164.855096 	 12.031811 	 297.647000 	 44.546000 	 -2951164.855096 	 109.788365 	 109.729359 	 296.998179
1:12:49.853 PM 2024-08-01 	 13.194194 	 297.647000 	 44.546000 	 -2951166.414432 	 11.579389 	 297.647000 	 44.546000 	 -2951166.414432 	 109.786638 	 109.729717 	 296.998322
1:12:54.933 PM 2024-08-01 	 13.017963 	 297.647000 	 44.546000 	 -2951167.453992 	 12.143986 	 297.647000 	 44.546000 	 -2951167.453992 	 109.786281 	 109.730134 	 296.998418
1:12:59.995 PM 2024-08-01 	 13.523349 	 297.647000 	 44.546000 	 -2951173.431512 	 11.281281 	 297.647000 	 44.546000 	 -2951173.431512 	 109.786281 	 109.729955 	 296.998969
1:13:05.068 PM 2024-08-01 	 12.853351 	 297.647000 	 44.546000 	 -2951169.013337 	 11.822184 	 297.647000 	 44.546000 	 -2951169.013337 	 109.785507 	 109.730432 	 296.998562
1:13:10.150 PM 2024-08-01 	 12.890555 	 297.647000 	 44.546000 	 -2951165.114985 	 11.172859 	 297.647000 	 44.546000 	 -2951165.114985 	 109.781516 	 109.730074 	 296.998202
1:13:15.237 PM 2024-08-01 	 13.221913 	 297.647000 	 44.546000 	 -2951166.154542 	 11.861032 	 297.647000 	 44.546000 	 -2951166.154542 	 109.779908 	 109.730848 	 296.998298
1:13:20.313 PM 2024-08-01 	 13.479968 	 297.647000 	 44.546000 	 -2951161.216667 	 12.070662 	 297.647000 	 44.546000 	 -2951161.216667 	 109.780504 	 109.731146 	 296.997843
1:13:25.394 PM 2024-08-01 	 13.696734 	 297.647000 	 44.546000 	 -2951164.855096 	 11.965504 	 297.647000 	 44.546000 	 -2951164.855096 	 109.780325 	 109.730968 	 296.998179
1:13:30.478 PM 2024-08-01 	 13.591086 	 297.647000 	 44.546000 	 -2951156.278848 	 11.448359 	 297.647000 	 44.546000 	 -2951156.278848 	 109.777764 	 109.731087 	 296.997388
1:13:35.642 PM 2024-08-01 	 13.029150 	 297.647000 	 44.546000 	 -2951155.239314 	 11.810564 	 297.647000 	 44.546000 	 -2951155.239314 	 109.776573 	 109.731504 	 296.997293
1:13:40.752 PM 2024-08-01 	 13.409592 	 297.647000 	 44.546000 	 -2951161.736441 	 11.558734 	 297.647000 	 44.546000 	 -2951161.736441 	 109.773714 	 109.731146 	 296.997891
1:13:45.839 PM 2024-08-01 	 12.849950 	 297.647000 	 44.546000 	 -2951171.092473 	 11.527014 	 297.647000 	 44.546000 	 -2951171.092473 	 109.773595 	 109.731980 	 296.998753
1:13:50.931 PM 2024-08-01 	 12.667633 	 297.647000 	 44.546000 	 -2951186.426402 	 11.587614 	 297.647000 	 44.546000 	 -2951186.426402 	 109.773892 	 109.733172 	 297.000166
1:13:56.013 PM 2024-08-01 	 12.805653 	 297.647000 	 44.546000 	 -2951189.805136 	 11.441570 	 297.647000 	 44.546000 	 -2951189.805136 	 109.773178 	 109.734661 	 297.000477
1:14:01.116 PM 2024-08-01 	 12.695005 	 297.647000 	 44.546000 	 -2951201.760867 	 11.840225 	 297.647000 	 44.546000 	 -2951201.760867 	 109.771748 	 109.735435 	 297.001579
1:14:06.200 PM 2024-08-01 	 13.179315 	 297.647000 	 44.546000 	 -2951210.338006 	 11.265144 	 297.647000 	 44.546000 	 -2951210.338006 	 109.770676 	 109.736209 	 297.002369
1:14:11.278 PM 2024-08-01 	 13.095866 	 297.647000 	 44.546000 	 -2951211.637587 	 11.693376 	 297.647000 	 44.546000 	 -2951211.637587 	 109.769842 	 109.736150 	 297.002489
1:14:16.353 PM 2024-08-01 	 12.703361 	 297.647000 	 44.546000 	 -2951212.417337 	 11.161746 	 297.647000 	 44.546000 	 -2951212.417337 	 109.769544 	 109.736805 	 297.002560
1:14:21.433 PM 2024-08-01 	 12.517247 	 297.647000 	 44.546000 	 -2951210.597922 	 11.440084 	 297.647000 	 44.546000 	 -2951210.597922 	 109.770140 	 109.737103 	 297.002393
1:14:26.521 PM 2024-08-01 	 12.714070 	 297.647000 	 44.546000 	 -2951213.457007 	 11.466975 	 297.647000 	 44.546000 	 -2951213.457007 	 109.772463 	 109.736388 	 297.002656
1:14:31.619 PM 2024-08-01 	 12.400356 	 297.647000 	 44.546000 	 -2951214.756597 	 11.817685 	 297.647000 	 44.546000 	 -2951214.756597 	 109.774071 	 109.735673 	 297.002776
1:14:36.702 PM 2024-08-01 	 12.964489 	 297.647000 	 44.546000 	 -2951215.536353 	 11.829533 	 297.647000 	 44.546000 	 -2951215.536353 	 109.775262 	 109.735137 	 297.002848
1:14:41.791 PM 2024-08-01 	 13.298363 	 297.647000 	 44.546000 	 -2951216.316111 	 11.798742 	 297.647000 	 44.546000 	 -2951216.316111 	 109.777466 	 109.734720 	 297.002920
1:14:46.880 PM 2024-08-01 	 12.917901 	 297.647000 	 44.546000 	 -2951217.615710 	 11.429351 	 297.647000 	 44.546000 	 -2951217.615710 	 109.778121 	 109.735673 	 297.003039
1:14:51.961 PM 2024-08-01 	 12.926383 	 297.647000 	 44.546000 	 -2951212.417337 	 11.550150 	 297.647000 	 44.546000 	 -2951212.417337 	 109.777823 	 109.736090 	 297.002560
1:14:57.044 PM 2024-08-01 	 12.282052 	 297.647000 	 44.546000 	 -2951209.298344 	 11.477658 	 297.647000 	 44.546000 	 -2951209.298344 	 109.778121 	 109.735792 	 297.002273
1:15:02.118 PM 2024-08-01 	 13.376012 	 297.647000 	 44.546000 	 -2951209.038429 	 12.381581 	 297.647000 	 44.546000 	 -2951209.038429 	 109.778776 	 109.735733 	 297.002249
1:15:07.197 PM 2024-08-01 	 12.967422 	 297.647000 	 44.546000 	 -2951208.258684 	 11.281378 	 297.647000 	 44.546000 	 -2951208.258684 	 109.777228 	 109.735792 	 297.002177
1:15:12.277 PM 2024-08-01 	 12.339434 	 297.647000 	 44.546000 	 -2951211.377670 	 12.079546 	 297.647000 	 44.546000 	 -2951211.377670 	 109.777228 	 109.736448 	 297.002465
1:15:17.358 PM 2024-08-01 	 12.927967 	 297.647000 	 44.546000 	 -2951210.338006 	 11.897981 	 297.647000 	 44.546000 	 -2951210.338006 	 109.776513 	 109.737043 	 297.002369
1:15:22.427 PM 2024-08-01 	 12.896434 	 297.647000 	 44.546000 	 -2951207.478941 	 11.716994 	 297.647000 	 44.546000 	 -2951207.478941 	 109.775560 	 109.736924 	 297.002105
1:15:27.511 PM 2024-08-01 	 12.936090 	 297.647000 	 44.546000 	 -2951209.038429 	 11.784140 	 297.647000 	 44.546000 	 -2951209.038429 	 109.775381 	 109.736567 	 297.002249
1:15:32.603 PM 2024-08-01 	 12.634964 	 297.647000 	 44.546000 	 -2951208.778514 	 11.314242 	 297.647000 	 44.546000 	 -2951208.778514 	 109.774131 	 109.735912 	 297.002225
1:15:37.692 PM 2024-08-01 	 13.216120 	 297.647000 	 44.546000 	 -2951203.320334 	 11.775620 	 297.647000 	 44.546000 	 -2951203.320334 	 109.774250 	 109.735018 	 297.001722
1:15:42.770 PM 2024-08-01 	 12.873449 	 297.647000 	 44.546000 	 -2951198.382041 	 11.454388 	 297.647000 	 44.546000 	 -2951198.382041 	 109.775322 	 109.735018 	 297.001267
1:15:47.865 PM 2024-08-01 	 12.672870 	 297.647000 	 44.546000 	 -2951190.844752 	 11.489796 	 297.647000 	 44.546000 	 -2951190.844752 	 109.776573 	 109.734839 	 297.000573
1:15:52.940 PM 2024-08-01 	 12.795943 	 297.647000 	 44.546000 	 -2951187.206107 	 11.411392 	 297.647000 	 44.546000 	 -2951187.206107 	 109.776394 	 109.735495 	 297.000238
1:15:58.002 PM 2024-08-01 	 12.388357 	 297.647000 	 44.546000 	 -2951182.008096 	 11.447786 	 297.647000 	 44.546000 	 -2951182.008096 	 109.775620 	 109.735792 	 296.999759
1:16:03.067 PM 2024-08-01 	 12.730604 	 297.647000 	 44.546000 	 -2951182.008096 	 11.273237 	 297.647000 	 44.546000 	 -2951182.008096 	 109.775203 	 109.736090 	 296.999759
1:16:08.141 PM 2024-08-01 	 12.988773 	 297.647000 	 44.546000 	 -2951176.810146 	 11.380130 	 297.647000 	 44.546000 	 -2951176.810146 	 109.775739 	 109.735792 	 296.999280
1:16:13.206 PM 2024-08-01 	 12.431320 	 297.647000 	 44.546000 	 -2951167.453992 	 11.980237 	 297.647000 	 44.546000 	 -2951167.453992 	 109.776930 	 109.736150 	 296.998418
1:16:18.279 PM 2024-08-01 	 12.257564 	 297.647000 	 44.546000 	 -2951164.075430 	 12.060819 	 297.647000 	 44.546000 	 -2951164.075430 	 109.779134 	 109.736626 	 296.998107
1:16:23.334 PM 2024-08-01 	 13.068416 	 297.647000 	 44.546000 	 -2951163.555654 	 11.737389 	 297.647000 	 44.546000 	 -2951163.555654 	 109.781337 	 109.736805 	 296.998059
1:16:28.412 PM 2024-08-01 	 13.123235 	 297.647000 	 44.546000 	 -2951157.318384 	 11.776683 	 297.647000 	 44.546000 	 -2951157.318384 	 109.781635 	 109.736448 	 296.997484
1:16:33.479 PM 2024-08-01 	 12.242232 	 297.647000 	 44.546000 	 -2951156.018964 	 11.319358 	 297.647000 	 44.546000 	 -2951156.018964 	 109.781635 	 109.736090 	 296.997364
1:16:38.543 PM 2024-08-01 	 12.418338 	 297.647000 	 44.546000 	 -2951155.499198 	 11.656707 	 297.647000 	 44.546000 	 -2951155.499198 	 109.781456 	 109.736328 	 296.997317
1:16:43.640 PM 2024-08-01 	 12.767798 	 297.647000 	 44.546000 	 -2951153.160254 	 11.983755 	 297.647000 	 44.546000 	 -2951153.160254 	 109.781933 	 109.736269 	 296.997101
1:16:48.705 PM 2024-08-01 	 13.168358 	 297.647000 	 44.546000 	 -2951153.160254 	 12.010491 	 297.647000 	 44.546000 	 -2951153.160254 	 109.781993 	 109.736567 	 296.997101
1:16:53.771 PM 2024-08-01 	 12.332397 	 297.647000 	 44.546000 	 -2951160.177122 	 11.626575 	 297.647000 	 44.546000 	 -2951160.177122 	 109.782945 	 109.737103 	 296.997748
1:16:58.842 PM 2024-08-01 	 12.896218 	 297.647000 	 44.546000 	 -2951165.114985 	 11.347189 	 297.647000 	 44.546000 	 -2951165.114985 	 109.783660 	 109.737996 	 296.998202
1:17:03.904 PM 2024-08-01 	 12.557706 	 297.647000 	 44.546000 	 -2951168.233664 	 11.881339 	 297.647000 	 44.546000 	 -2951168.233664 	 109.783005 	 109.738771 	 296.998490
1:17:08.987 PM 2024-08-01 	 13.055436 	 297.647000 	 44.546000 	 -2951168.233664 	 11.863747 	 297.647000 	 44.546000 	 -2951168.233664 	 109.782767 	 109.739366 	 296.998490
1:17:14.056 PM 2024-08-01 	 12.990396 	 297.647000 	 44.546000 	 -2951169.013337 	 11.886057 	 297.647000 	 44.546000 	 -2951169.013337 	 109.782588 	 109.739545 	 296.998562
1:17:19.131 PM 2024-08-01 	 13.212241 	 297.647000 	 44.546000 	 -2951168.233664 	 11.763173 	 297.647000 	 44.546000 	 -2951168.233664 	 109.782469 	 109.739485 	 296.998490
1:17:24.191 PM 2024-08-01 	 13.649936 	 297.647000 	 44.546000 	 -2951167.194102 	 11.408443 	 297.647000 	 44.546000 	 -2951167.194102 	 109.781754 	 109.739724 	 296.998394
1:17:29.268 PM 2024-08-01 	 13.609605 	 297.647000 	 44.546000 	 -2951169.273229 	 12.278943 	 297.647000 	 44.546000 	 -2951169.273229 	 109.781635 	 109.738413 	 296.998586
1:17:34.340 PM 2024-08-01 	 13.937884 	 297.647000 	 44.546000 	 -2951171.612258 	 12.053216 	 297.647000 	 44.546000 	 -2951171.612258 	 109.781337 	 109.738354 	 296.998801
1:17:39.412 PM 2024-08-01 	 13.135642 	 297.647000 	 44.546000 	 -2951168.753446 	 12.005566 	 297.647000 	 44.546000 	 -2951168.753446 	 109.780623 	 109.738235 	 296.998538
1:17:44.482 PM 2024-08-01 	 13.753080 	 297.647000 	 44.546000 	 -2951170.052904 	 12.204743 	 297.647000 	 44.546000 	 -2951170.052904 	 109.779193 	 109.738354 	 296.998657
1:17:49.549 PM 2024-08-01 	 13.602877 	 297.647000 	 44.546000 	 -2951174.730984 	 12.313203 	 297.647000 	 44.546000 	 -2951174.730984 	 109.777049 	 109.738235 	 296.999088
1:17:54.621 PM 2024-08-01 	 13.599317 	 297.647000 	 44.546000 	 -2951177.329938 	 11.700851 	 297.647000 	 44.546000 	 -2951177.329938 	 109.776751 	 109.738294 	 296.999328
1:17:59.700 PM 2024-08-01 	 13.640263 	 297.647000 	 44.546000 	 -2951178.369525 	 12.259736 	 297.647000 	 44.546000 	 -2951178.369525 	 109.775917 	 109.738115 	 296.999424
1:18:04.777 PM 2024-08-01 	 14.095141 	 297.647000 	 44.546000 	 -2951183.827393 	 11.760916 	 297.647000 	 44.546000 	 -2951183.827393 	 109.774726 	 109.738949 	 296.999926
1:18:09.840 PM 2024-08-01 	 12.997042 	 297.647000 	 44.546000 	 -2951184.087293 	 12.505633 	 297.647000 	 44.546000 	 -2951184.087293 	 109.772463 	 109.738949 	 296.999950
1:18:14.912 PM 2024-08-01 	 13.277661 	 297.647000 	 44.546000 	 -2951186.166500 	 11.692258 	 297.647000 	 44.546000 	 -2951186.166500 	 109.769604 	 109.738294 	 297.000142
1:18:19.981 PM 2024-08-01 	 13.245190 	 297.647000 	 44.546000 	 -2951184.607094 	 12.234475 	 297.647000 	 44.546000 	 -2951184.607094 	 109.768830 	 109.738949 	 296.999998
1:18:25.052 PM 2024-08-01 	 14.140559 	 297.647000 	 44.546000 	 -2951183.567493 	 12.150000 	 297.647000 	 44.546000 	 -2951183.567493 	 109.769544 	 109.738830 	 296.999903
1:18:30.119 PM 2024-08-01 	 13.861653 	 297.647000 	 44.546000 	 -2951191.104656 	 12.272706 	 297.647000 	 44.546000 	 -2951191.104656 	 109.771212 	 109.738532 	 297.000597
1:18:35.192 PM 2024-08-01 	 13.054365 	 297.647000 	 44.546000 	 -2951193.703708 	 12.024941 	 297.647000 	 44.546000 	 -2951193.703708 	 109.773059 	 109.738711 	 297.000836
1:18:40.260 PM 2024-08-01 	 13.399125 	 297.647000 	 44.546000 	 -2951195.523054 	 12.036337 	 297.647000 	 44.546000 	 -2951195.523054 	 109.774011 	 109.738652 	 297.001004
1:18:45.328 PM 2024-08-01 	 12.422196 	 297.647000 	 44.546000 	 -2951189.025426 	 12.231526 	 297.647000 	 44.546000 	 -2951189.025426 	 109.774726 	 109.738592 	 297.000405
1:18:50.397 PM 2024-08-01 	 13.781835 	 297.647000 	 44.546000 	 -2951183.307593 	 12.165317 	 297.647000 	 44.546000 	 -2951183.307593 	 109.774548 	 109.738652 	 296.999879
1:18:55.469 PM 2024-08-01 	 13.842381 	 297.647000 	 44.546000 	 -2951174.730984 	 12.200489 	 297.647000 	 44.546000 	 -2951174.730984 	 109.773833 	 109.738592 	 296.999088
1:19:00.535 PM 2024-08-01 	 13.266885 	 297.647000 	 44.546000 	 -2951171.352365 	 12.244945 	 297.647000 	 44.546000 	 -2951171.352365 	 109.773356 	 109.738830 	 296.998777
1:19:05.598 PM 2024-08-01 	 13.126054 	 297.647000 	 44.546000 	 -2951163.555654 	 12.215067 	 297.647000 	 44.546000 	 -2951163.555654 	 109.773059 	 109.740379 	 296.998059
1:19:10.666 PM 2024-08-01 	 12.789215 	 297.647000 	 44.546000 	 -2951167.453992 	 11.834456 	 297.647000 	 44.546000 	 -2951167.453992 	 109.773892 	 109.741392 	 296.998418
1:19:15.733 PM 2024-08-01 	 14.521675 	 297.647000 	 44.546000 	 -2951166.414432 	 11.696664 	 297.647000 	 44.546000 	 -2951166.414432 	 109.774607 	 109.743179 	 296.998322
1:19:20.796 PM 2024-08-01 	 12.612254 	 297.647000 	 44.546000 	 -2951163.295766 	 11.969863 	 297.647000 	 44.546000 	 -2951163.295766 	 109.773833 	 109.743655 	 296.998035
1:19:25.866 PM 2024-08-01 	 12.934059 	 297.647000 	 44.546000 	 -2951161.996328 	 11.609421 	 297.647000 	 44.546000 	 -2951161.996328 	 109.775024 	 109.744429 	 296.997915
1:19:30.933 PM 2024-08-01 	 12.800467 	 297.647000 	 44.546000 	 -2951159.137579 	 11.758332 	 297.647000 	 44.546000 	 -2951159.137579 	 109.776811 	 109.744370 	 296.997652
1:19:35.995 PM 2024-08-01 	 12.799215 	 297.647000 	 44.546000 	 -2951148.482405 	 11.844874 	 297.647000 	 44.546000 	 -2951148.482405 	 109.776156 	 109.743715 	 296.996670
1:19:41.071 PM 2024-08-01 	 12.532039 	 297.647000 	 44.546000 	 -2951139.386729 	 11.824581 	 297.647000 	 44.546000 	 -2951139.386729 	 109.773952 	 109.742523 	 296.995832
1:19:46.126 PM 2024-08-01 	 13.159649 	 297.647000 	 44.546000 	 -2951142.505225 	 11.136441 	 297.647000 	 44.546000 	 -2951142.505225 	 109.773059 	 109.741630 	 296.996119
1:19:51.186 PM 2024-08-01 	 13.220746 	 297.647000 	 44.546000 	 -2951138.087363 	 12.225543 	 297.647000 	 44.546000 	 -2951138.087363 	 109.772284 	 109.741272 	 296.995712
1:19:56.262 PM 2024-08-01 	 13.715560 	 297.647000 	 44.546000 	 -2951138.607109 	 11.992946 	 297.647000 	 44.546000 	 -2951138.607109 	 109.772582 	 109.740736 	 296.995760
1:20:01.332 PM 2024-08-01 	 13.050644 	 297.647000 	 44.546000 	 -2951134.709027 	 11.813501 	 297.647000 	 44.546000 	 -2951134.709027 	 109.770736 	 109.741034 	 296.995401
1:20:06.401 PM 2024-08-01 	 12.950424 	 297.647000 	 44.546000 	 -2951131.330718 	 11.646450 	 297.647000 	 44.546000 	 -2951131.330718 	 109.771689 	 109.740677 	 296.995090
1:20:11.482 PM 2024-08-01 	 12.681766 	 297.647000 	 44.546000 	 -2951128.991903 	 11.690302 	 297.647000 	 44.546000 	 -2951128.991903 	 109.773178 	 109.740379 	 296.994874
1:20:16.564 PM 2024-08-01 	 13.465558 	 297.647000 	 44.546000 	 -2951119.636771 	 11.774297 	 297.647000 	 44.546000 	 -2951119.636771 	 109.774548 	 109.739307 	 296.994012
1:20:21.633 PM 2024-08-01 	 13.795851 	 297.647000 	 44.546000 	 -2951118.077601 	 11.744773 	 297.647000 	 44.546000 	 -2951118.077601 	 109.777109 	 109.739962 	 296.993869
1:20:26.696 PM 2024-08-01 	 13.876862 	 297.647000 	 44.546000 	 -2951115.219139 	 12.028734 	 297.647000 	 44.546000 	 -2951115.219139 	 109.778717 	 109.740319 	 296.993605
1:20:31.765 PM 2024-08-01 	 12.842274 	 297.647000 	 44.546000 	 -2951118.077601 	 11.554442 	 297.647000 	 44.546000 	 -2951118.077601 	 109.778002 	 109.740677 	 296.993869
1:20:36.846 PM 2024-08-01 	 13.151199 	 297.647000 	 44.546000 	 -2951104.824886 	 11.351572 	 297.647000 	 44.546000 	 -2951104.824886 	 109.775679 	 109.741392 	 296.992648
1:20:41.918 PM 2024-08-01 	 12.759202 	 297.647000 	 44.546000 	 -2951106.643862 	 11.680094 	 297.647000 	 44.546000 	 -2951106.643862 	 109.774190 	 109.742166 	 296.992815
1:20:46.993 PM 2024-08-01 	 13.123839 	 297.647000 	 44.546000 	 -2951100.927105 	 12.231400 	 297.647000 	 44.546000 	 -2951100.927105 	 109.770140 	 109.742881 	 296.992289
1:22:00.412 PM 2024-08-01 	 12.713101 	 297.647000 	 44.546000 	 -2951254.460096 	 11.662500 	 297.647000 	 44.546000 	 -2951254.460096 	 109.748460 	 109.748361 	 297.003614
1:22:05.496 PM 2024-08-01 	 13.204276 	 297.647000 	 44.546000 	 -2951273.435111 	 11.884401 	 297.647000 	 44.546000 	 -2951273.435111 	 109.748460 	 109.748003 	 297.005362
1:22:10.626 PM 2024-08-01 	 12.820311 	 297.647000 	 44.546000 	 -2951297.609950 	 11.535484 	 297.647000 	 44.546000 	 -2951297.609950 	 109.749413 	 109.748301 	 297.007589
1:22:15.706 PM 2024-08-01 	 12.800639 	 297.647000 	 44.546000 	 -2951318.926507 	 11.916332 	 297.647000 	 44.546000 	 -2951318.926507 	 109.748877 	 109.748182 	 297.009553
1:22:20.791 PM 2024-08-01 	 12.537167 	 297.647000 	 44.546000 	 -2951344.663733 	 11.878690 	 297.647000 	 44.546000 	 -2951344.663733 	 109.746078 	 109.747705 	 297.011924
1:22:25.875 PM 2024-08-01 	 12.549157 	 297.647000 	 44.546000 	 -2951361.302745 	 11.367636 	 297.647000 	 44.546000 	 -2951361.302745 	 109.744827 	 109.747944 	 297.013457
1:22:30.980 PM 2024-08-01 	 12.317762 	 297.647000 	 44.546000 	 -2951376.642394 	 12.033157 	 297.647000 	 44.546000 	 -2951376.642394 	 109.742623 	 109.747527 	 297.014870
1:22:36.091 PM 2024-08-01 	 11.493981 	 297.647000 	 44.546000 	 -2951389.382511 	 12.796823 	 297.647000 	 44.546000 	 -2951389.382511 	 109.740956 	 109.747944 	 297.016044
1:22:41.216 PM 2024-08-01 	 12.743943 	 297.647000 	 44.546000 	 -2951403.683085 	 12.784023 	 297.647000 	 44.546000 	 -2951403.683085 	 109.738811 	 109.748599 	 297.017361
1:22:46.320 PM 2024-08-01 	 12.268398 	 297.647000 	 44.546000 	 -2951410.703537 	 12.024468 	 297.647000 	 44.546000 	 -2951410.703537 	 109.736786 	 109.749254 	 297.018008
1:22:51.426 PM 2024-08-01 	 12.652990 	 297.647000 	 44.546000 	 -2951419.544267 	 11.697852 	 297.647000 	 44.546000 	 -2951419.544267 	 109.735000 	 109.749433 	 297.018822
1:22:56.567 PM 2024-08-01 	 12.564597 	 297.647000 	 44.546000 	 -2951425.524861 	 11.854532 	 297.647000 	 44.546000 	 -2951425.524861 	 109.732379 	 109.749135 	 297.019373
1:23:01.694 PM 2024-08-01 	 12.726285 	 297.647000 	 44.546000 	 -2951426.825002 	 11.779249 	 297.647000 	 44.546000 	 -2951426.825002 	 109.730592 	 109.749314 	 297.019493
1:23:06.863 PM 2024-08-01 	 13.062946 	 297.647000 	 44.546000 	 -2951429.685323 	 11.923322 	 297.647000 	 44.546000 	 -2951429.685323 	 109.728210 	 109.750029 	 297.019757
1:23:12.043 PM 2024-08-01 	 12.563824 	 297.647000 	 44.546000 	 -2951434.365891 	 12.464073 	 297.647000 	 44.546000 	 -2951434.365891 	 109.726661 	 109.749909 	 297.020188
1:23:17.198 PM 2024-08-01 	 12.475183 	 297.647000 	 44.546000 	 -2951439.826615 	 11.726679 	 297.647000 	 44.546000 	 -2951439.826615 	 109.725053 	 109.750684 	 297.020691
1:23:22.382 PM 2024-08-01 	 12.792817 	 297.647000 	 44.546000 	 -2951443.727175 	 11.429573 	 297.647000 	 44.546000 	 -2951443.727175 	 109.724577 	 109.750386 	 297.021050
1:23:27.540 PM 2024-08-01 	 12.423641 	 297.647000 	 44.546000 	 -2951444.507291 	 11.842944 	 297.647000 	 44.546000 	 -2951444.507291 	 109.723207 	 109.749969 	 297.021122
1:23:32.724 PM 2024-08-01 	 12.790485 	 297.647000 	 44.546000 	 -2951440.606724 	 11.947343 	 297.647000 	 44.546000 	 -2951440.606724 	 109.722492 	 109.748897 	 297.020763
1:23:37.897 PM 2024-08-01 	 12.165044 	 297.647000 	 44.546000 	 -2951426.825002 	 11.797717 	 297.647000 	 44.546000 	 -2951426.825002 	 109.719157 	 109.748837 	 297.019493
1:23:43.060 PM 2024-08-01 	 12.700218 	 297.647000 	 44.546000 	 -2951420.844389 	 11.264890 	 297.647000 	 44.546000 	 -2951420.844389 	 109.716774 	 109.749612 	 297.018942
1:23:48.211 PM 2024-08-01 	 13.577222 	 297.647000 	 44.546000 	 -2951413.303733 	 12.016561 	 297.647000 	 44.546000 	 -2951413.303733 	 109.716417 	 109.749016 	 297.018248
1:23:53.353 PM 2024-08-01 	 12.749229 	 297.647000 	 44.546000 	 -2951410.443518 	 11.280519 	 297.647000 	 44.546000 	 -2951410.443518 	 109.714392 	 109.748718 	 297.017984
1:23:58.543 PM 2024-08-01 	 13.016317 	 297.647000 	 44.546000 	 -2951400.562920 	 11.506879 	 297.647000 	 44.546000 	 -2951400.562920 	 109.712367 	 109.748361 	 297.017074
1:24:03.685 PM 2024-08-01 	 13.174035 	 297.647000 	 44.546000 	 -2951392.762605 	 11.305250 	 297.647000 	 44.546000 	 -2951392.762605 	 109.711414 	 109.747884 	 297.016355
1:24:08.859 PM 2024-08-01 	 12.730990 	 297.647000 	 44.546000 	 -2951383.662413 	 11.818210 	 297.647000 	 44.546000 	 -2951383.662413 	 109.709627 	 109.747765 	 297.015517
1:24:13.943 PM 2024-08-01 	 13.090358 	 297.647000 	 44.546000 	 -2951373.782419 	 11.459565 	 297.647000 	 44.546000 	 -2951373.782419 	 109.707185 	 109.747289 	 297.014607
1:24:19.110 PM 2024-08-01 	 13.768035 	 297.647000 	 44.546000 	 -2951358.962846 	 11.627778 	 297.647000 	 44.546000 	 -2951358.962846 	 109.705398 	 109.748003 	 297.013242
1:24:24.216 PM 2024-08-01 	 13.311065 	 297.647000 	 44.546000 	 -2951356.102986 	 11.746396 	 297.647000 	 44.546000 	 -2951356.102986 	 109.704803 	 109.748539 	 297.012978
1:24:29.379 PM 2024-08-01 	 13.408635 	 297.647000 	 44.546000 	 -2951341.803967 	 11.827539 	 297.647000 	 44.546000 	 -2951341.803967 	 109.704028 	 109.748718 	 297.011661
1:24:34.551 PM 2024-08-01 	 13.371876 	 297.647000 	 44.546000 	 -2951331.924917 	 11.528468 	 297.647000 	 44.546000 	 -2951331.924917 	 109.703373 	 109.748956 	 297.010751
1:24:39.685 PM 2024-08-01 	 13.932026 	 297.647000 	 44.546000 	 -2951322.825990 	 11.170471 	 297.647000 	 44.546000 	 -2951322.825990 	 109.702539 	 109.748539 	 297.009912
1:24:44.849 PM 2024-08-01 	 13.427090 	 297.647000 	 44.546000 	 -2951310.607727 	 11.849951 	 297.647000 	 44.546000 	 -2951310.607727 	 109.700634 	 109.747884 	 297.008787
1:24:50.034 PM 2024-08-01 	 13.815505 	 297.647000 	 44.546000 	 -2951295.790292 	 11.532454 	 297.647000 	 44.546000 	 -2951295.790292 	 109.697656 	 109.746931 	 297.007422
1:24:55.151 PM 2024-08-01 	 13.772317 	 297.647000 	 44.546000 	 -2951284.872503 	 11.508982 	 297.647000 	 44.546000 	 -2951284.872503 	 109.694499 	 109.746752 	 297.006416
1:25:00.336 PM 2024-08-01 	 14.465796 	 297.647000 	 44.546000 	 -2951272.655300 	 11.947238 	 297.647000 	 44.546000 	 -2951272.655300 	 109.691700 	 109.746097 	 297.005290
1:25:05.484 PM 2024-08-01 	 13.887516 	 297.647000 	 44.546000 	 -2951256.019656 	 11.419263 	 297.647000 	 44.546000 	 -2951256.019656 	 109.688126 	 109.745561 	 297.003758
1:25:10.607 PM 2024-08-01 	 13.923287 	 297.647000 	 44.546000 	 -2951245.362778 	 11.693420 	 297.647000 	 44.546000 	 -2951245.362778 	 109.686875 	 109.745382 	 297.002776
1:25:15.738 PM 2024-08-01 	 14.590457 	 297.647000 	 44.546000 	 -2951234.706160 	 11.000497 	 297.647000 	 44.546000 	 -2951234.706160 	 109.686994 	 109.745919 	 297.001794
1:25:20.861 PM 2024-08-01 	 14.141659 	 297.647000 	 44.546000 	 -2951224.829526 	 11.443150 	 297.647000 	 44.546000 	 -2951224.829526 	 109.687590 	 109.746157 	 297.000884
1:25:25.993 PM 2024-08-01 	 13.759790 	 297.647000 	 44.546000 	 -2951216.252630 	 11.107670 	 297.647000 	 44.546000 	 -2951216.252630 	 109.688543 	 109.746633 	 297.000094
1:25:31.197 PM 2024-08-01 	 13.302630 	 297.647000 	 44.546000 	 -2951204.817030 	 11.224080 	 297.647000 	 44.546000 	 -2951204.817030 	 109.688602 	 109.747110 	 296.999041
1:25:36.301 PM 2024-08-01 	 13.109613 	 297.647000 	 44.546000 	 -2951187.924076 	 11.107588 	 297.647000 	 44.546000 	 -2951187.924076 	 109.687947 	 109.746752 	 296.997484
1:25:41.431 PM 2024-08-01 	 13.918787 	 297.647000 	 44.546000 	 -2951165.314526 	 11.326359 	 297.647000 	 44.546000 	 -2951165.314526 	 109.686280 	 109.746276 	 296.995401
1:25:46.559 PM 2024-08-01 	 13.846093 	 297.647000 	 44.546000 	 -2951144.785026 	 11.209765 	 297.647000 	 44.546000 	 -2951144.785026 	 109.685565 	 109.746097 	 296.993510
1:25:51.693 PM 2024-08-01 	 13.122803 	 297.647000 	 44.546000 	 -2951135.170275 	 11.374918 	 297.647000 	 44.546000 	 -2951135.170275 	 109.686935 	 109.745859 	 296.992624
1:25:56.830 PM 2024-08-01 	 13.354595 	 297.647000 	 44.546000 	 -2951113.602816 	 11.403091 	 297.647000 	 44.546000 	 -2951113.602816 	 109.688424 	 109.745859 	 296.990637
1:26:01.967 PM 2024-08-01 	 13.337725 	 297.647000 	 44.546000 	 -2951099.831380 	 11.270224 	 297.647000 	 44.546000 	 -2951099.831380 	 109.687054 	 109.745144 	 296.989368
1:26:07.121 PM 2024-08-01 	 12.766896 	 297.647000 	 44.546000 	 -2951084.501422 	 11.039201 	 297.647000 	 44.546000 	 -2951084.501422 	 109.686696 	 109.745144 	 296.987955
1:26:12.242 PM 2024-08-01 	 12.869917 	 297.647000 	 44.546000 	 -2951067.613107 	 11.229724 	 297.647000 	 44.546000 	 -2951067.613107 	 109.685088 	 109.744846 	 296.986399
1:26:17.384 PM 2024-08-01 	 12.950614 	 297.647000 	 44.546000 	 -2951041.372555 	 11.450160 	 297.647000 	 44.546000 	 -2951041.372555 	 109.683599 	 109.743357 	 296.983982
1:26:22.529 PM 2024-08-01 	 13.368257 	 297.647000 	 44.546000 	 -2951017.731422 	 11.389572 	 297.647000 	 44.546000 	 -2951017.731422 	 109.681872 	 109.742225 	 296.981803
1:26:27.638 PM 2024-08-01 	 13.240111 	 297.647000 	 44.546000 	 -2950996.949063 	 11.202153 	 297.647000 	 44.546000 	 -2950996.949063 	 109.680502 	 109.741809 	 296.979889
1:26:32.754 PM 2024-08-01 	 13.244577 	 297.647000 	 44.546000 	 -2950979.025069 	 11.220655 	 297.647000 	 44.546000 	 -2950979.025069 	 109.678954 	 109.741451 	 296.978237
1:26:37.880 PM 2024-08-01 	 13.859797 	 297.647000 	 44.546000 	 -2950965.517616 	 11.034252 	 297.647000 	 44.546000 	 -2950965.517616 	 109.677703 	 109.741034 	 296.976993
1:26:42.960 PM 2024-08-01 	 14.140267 	 297.647000 	 44.546000 	 -2950950.192357 	 11.311737 	 297.647000 	 44.546000 	 -2950950.192357 	 109.676333 	 109.741809 	 296.975580
1:26:48.134 PM 2024-08-01 	 13.582184 	 297.647000 	 44.546000 	 -2950935.127369 	 11.449313 	 297.647000 	 44.546000 	 -2950935.127369 	 109.673712 	 109.740081 	 296.974192
1:26:53.291 PM 2024-08-01 	 13.858142 	 297.647000 	 44.546000 	 -2950919.023990 	 11.283705 	 297.647000 	 44.546000 	 -2950919.023990 	 109.671390 	 109.740319 	 296.972709
1:26:58.441 PM 2024-08-01 	 13.641197 	 297.647000 	 44.546000 	 -2950908.894748 	 11.462102 	 297.647000 	 44.546000 	 -2950908.894748 	 109.668948 	 109.740141 	 296.971775
1:27:03.573 PM 2024-08-01 	 12.755740 	 297.647000 	 44.546000 	 -2950898.765740 	 11.603293 	 297.647000 	 44.546000 	 -2950898.765740 	 109.665910 	 109.739307 	 296.970842
