1:47:48.360 PM 6/10/2022 	 109.565849 	 297.607957 	 109.565733 	 297.629374 	 295.554969 	 295.486696 	 295.478691 	 295.512123 
1:47:55.376 PM 6/10/2022 	 109.565790 	 297.607804 	 109.565495 	 297.628761 	 295.551349 	 295.500498 	 295.475070 	 295.521215 
1:48:02.581 PM 6/10/2022 	 109.565909 	 297.608110 	 109.565078 	 297.627687 	 295.535652 	 295.452778 	 295.452307 	 295.481974 
1:48:09.799 PM 6/10/2022 	 109.566028 	 297.608417 	 109.565376 	 297.628454 	 295.546247 	 295.490216 	 295.465259 	 295.497750 
1:48:16.971 PM 6/10/2022 	 109.566028 	 297.608417 	 109.564899 	 297.627227 	 295.569354 	 295.506733 	 295.506733 	 295.543930 
1:48:24.176 PM 6/10/2022 	 109.566266 	 297.609030 	 109.565197 	 297.627994 	 295.595334 	 295.517179 	 295.480922 	 295.540721 
1:48:31.374 PM 6/10/2022 	 109.566326 	 297.609184 	 109.564423 	 297.626000 	 295.586702 	 295.526909 	 295.485473 	 295.503837 
1:48:38.581 PM 6/10/2022 	 109.566504 	 297.609644 	 109.564780 	 297.626920 	 295.565625 	 295.505358 	 295.485111 	 295.525134 
1:48:45.784 PM 6/10/2022 	 109.566564 	 297.609797 	 109.563827 	 297.624466 	 295.570571 	 295.508422 	 295.496650 	 295.519722 
1:48:53.004 PM 6/10/2022 	 109.566743 	 297.610257 	 109.563648 	 297.624006 	 295.584279 	 295.495763 	 295.507064 	 295.509889 
1:49:00.173 PM 6/10/2022 	 109.566743 	 297.610257 	 109.563231 	 297.622932 	 295.544124 	 295.485738 	 295.453246 	 295.488093 
1:49:07.376 PM 6/10/2022 	 109.566683 	 297.610104 	 109.562755 	 297.621705 	 295.543217 	 295.471175 	 295.449043 	 295.488127 
1:49:14.583 PM 6/10/2022 	 109.566266 	 297.609030 	 109.563172 	 297.622779 	 295.553710 	 295.518398 	 295.485908 	 295.532052 
1:49:21.789 PM 6/10/2022 	 109.566921 	 297.610717 	 109.563589 	 297.623853 	 295.569958 	 295.489444 	 295.490386 	 295.523346 
1:49:28.984 PM 6/10/2022 	 109.567100 	 297.611177 	 109.563529 	 297.623699 	 295.569748 	 295.496298 	 295.485938 	 295.512307 
1:49:36.192 PM 6/10/2022 	 109.567160 	 297.611330 	 109.564006 	 297.624926 	 295.557918 	 295.480228 	 295.468456 	 295.494825 
1:49:43.358 PM 6/10/2022 	 109.566504 	 297.609644 	 109.564244 	 297.625540 	 295.553505 	 295.503596 	 295.483349 	 295.491354 
1:49:50.588 PM 6/10/2022 	 109.566743 	 297.610257 	 109.564780 	 297.626920 	 295.568021 	 295.501162 	 295.474793 	 295.521880 
1:49:57.771 PM 6/10/2022 	 109.567100 	 297.611177 	 109.564840 	 297.627074 	 295.632437 	 295.534043 	 295.525567 	 295.567471 
1:50:05.001 PM 6/10/2022 	 109.566028 	 297.608417 	 109.564899 	 297.627227 	 295.564071 	 295.497212 	 295.475551 	 295.522638 
1:50:12.190 PM 6/10/2022 	 109.566087 	 297.608570 	 109.564959 	 297.627380 	 295.639457 	 295.569783 	 295.547185 	 295.568842 
1:50:19.375 PM 6/10/2022 	 109.565968 	 297.608264 	 109.563827 	 297.624466 	 295.560477 	 295.502564 	 295.506801 	 295.525636 
1:50:26.590 PM 6/10/2022 	 109.565909 	 297.608110 	 109.562814 	 297.621859 	 295.635656 	 295.534908 	 295.510895 	 295.589522 
1:50:33.803 PM 6/10/2022 	 109.565373 	 297.606730 	 109.561921 	 297.619558 	 295.481607 	 295.402492 	 295.393072 	 295.420859 
1:50:40.969 PM 6/10/2022 	 109.565373 	 297.606730 	 109.560849 	 297.616797 	 295.483544 	 295.412906 	 295.402545 	 295.455290 
1:50:48.176 PM 6/10/2022 	 109.565492 	 297.607037 	 109.559717 	 297.613883 	 295.490244 	 295.442212 	 295.428084 	 295.440799 
1:50:55.408 PM 6/10/2022 	 109.564479 	 297.604430 	 109.558823 	 297.611582 	 295.478184 	 295.431093 	 295.375990 	 295.442395 
1:51:02.586 PM 6/10/2022 	 109.563705 	 297.602437 	 109.557334 	 297.607748 	 295.499757 	 295.412168 	 295.414993 	 295.467266 
1:51:09.804 PM 6/10/2022 	 109.562931 	 297.600444 	 109.556917 	 297.606674 	 295.492757 	 295.417882 	 295.432011 	 295.439545 
1:51:17.003 PM 6/10/2022 	 109.561799 	 297.597530 	 109.555428 	 297.602840 	 295.449498 	 295.376500 	 295.371790 	 295.376971 
1:51:24.195 PM 6/10/2022 	 109.560906 	 297.595231 	 109.555011 	 297.601766 	 295.438018 	 295.353714 	 295.349003 	 295.403168 
1:51:31.410 PM 6/10/2022 	 109.560131 	 297.593237 	 109.553999 	 297.599159 	 295.437768 	 295.375601 	 295.366181 	 295.398679 
1:51:38.611 PM 6/10/2022 	 109.559834 	 297.592471 	 109.553582 	 297.598085 	 295.465478 	 295.403314 	 295.391069 	 295.434397 
1:51:45.782 PM 6/10/2022 	 109.559000 	 297.590324 	 109.553224 	 297.597165 	 295.466299 	 295.412142 	 295.408845 	 295.446992 
1:51:53.000 PM 6/10/2022 	 109.557511 	 297.586491 	 109.552271 	 297.594711 	 295.538349 	 295.479021 	 295.454063 	 295.494089 
1:52:00.205 PM 6/10/2022 	 109.557273 	 297.585877 	 109.552093 	 297.594251 	 295.521550 	 295.449976 	 295.446208 	 295.485293 
1:52:07.407 PM 6/10/2022 	 109.556737 	 297.584497 	 109.551140 	 297.591797 	 295.636820 	 295.578445 	 295.545018 	 295.601043 
1:52:14.612 PM 6/10/2022 	 109.555486 	 297.581278 	 109.550663 	 297.590570 	 295.516342 	 295.439587 	 295.437703 	 295.473021 
1:52:21.806 PM 6/10/2022 	 109.554831 	 297.579591 	 109.549948 	 297.588729 	 295.492551 	 295.414379 	 295.383766 	 295.433688 
1:52:29.007 PM 6/10/2022 	 109.553580 	 297.576371 	 109.549472 	 297.587502 	 295.520752 	 295.472252 	 295.452474 	 295.492971 
1:52:36.203 PM 6/10/2022 	 109.553223 	 297.575451 	 109.548757 	 297.585662 	 295.554669 	 295.500523 	 295.475095 	 295.503819 
1:52:43.374 PM 6/10/2022 	 109.552448 	 297.573458 	 109.547566 	 297.582594 	 295.527140 	 295.448032 	 295.439555 	 295.484762 
1:52:50.602 PM 6/10/2022 	 109.552389 	 297.573304 	 109.547030 	 297.581214 	 295.563889 	 295.490438 	 295.461713 	 295.498442 
1:52:57.819 PM 6/10/2022 	 109.551674 	 297.571465 	 109.546374 	 297.579527 	 295.530339 	 295.459237 	 295.445581 	 295.482311 
1:53:05.003 PM 6/10/2022 	 109.551495 	 297.571005 	 109.546076 	 297.578760 	 295.560332 	 295.499594 	 295.502419 	 295.516545 
1:53:12.208 PM 6/10/2022 	 109.552270 	 297.572998 	 109.546017 	 297.578606 	 295.536152 	 295.496130 	 295.468348 	 295.486712 
1:53:19.399 PM 6/10/2022 	 109.552031 	 297.572384 	 109.546017 	 297.578606 	 295.571352 	 295.515794 	 295.517678 	 295.530391 
1:53:26.618 PM 6/10/2022 	 109.551674 	 297.571465 	 109.546196 	 297.579066 	 295.718059 	 295.738767 	 295.597557 	 295.642749 
1:53:33.817 PM 6/10/2022 	 109.551614 	 297.571311 	 109.545302 	 297.576766 	 295.619546 	 295.592242 	 295.537629 	 295.561170 
1:53:40.990 PM 6/10/2022 	 109.552031 	 297.572384 	 109.545719 	 297.577839 	 295.710832 	 295.640699 	 295.621869 	 295.617162 
1:53:48.206 PM 6/10/2022 	 109.551734 	 297.571618 	 109.545719 	 297.577839 	 295.636681 	 295.551941 	 295.544879 	 295.554295 
1:53:55.408 PM 6/10/2022 	 109.552686 	 297.574071 	 109.546076 	 297.578760 	 295.619700 	 295.573094 	 295.560853 	 295.551437 
1:54:02.618 PM 6/10/2022 	 109.552389 	 297.573304 	 109.546791 	 297.580600 	 295.612215 	 295.556192 	 295.527471 	 295.543480 
1:54:09.817 PM 6/10/2022 	 109.552984 	 297.574838 	 109.547268 	 297.581827 	 295.630796 	 295.574304 	 295.553589 	 295.564888 
1:54:17.008 PM 6/10/2022 	 109.553699 	 297.576678 	 109.547089 	 297.581367 	 295.634562 	 295.588898 	 295.571008 	 295.605375 
1:54:24.206 PM 6/10/2022 	 109.554295 	 297.578211 	 109.548519 	 297.585048 	 295.642935 	 295.567613 	 295.541247 	 295.559609 
1:54:31.414 PM 6/10/2022 	 109.554533 	 297.578824 	 109.548638 	 297.585355 	 295.623267 	 295.544646 	 295.533346 	 295.560183 
1:54:38.636 PM 6/10/2022 	 109.555128 	 297.580358 	 109.549710 	 297.588116 	 295.554314 	 295.482274 	 295.452137 	 295.501580 
1:54:45.821 PM 6/10/2022 	 109.555009 	 297.580051 	 109.550484 	 297.590110 	 295.551221 	 295.483419 	 295.490482 	 295.496603 
1:54:53.020 PM 6/10/2022 	 109.555724 	 297.581891 	 109.550961 	 297.591337 	 295.568896 	 295.518047 	 295.486028 	 295.518989 
1:55:00.227 PM 6/10/2022 	 109.556022 	 297.582658 	 109.551735 	 297.593331 	 295.589121 	 295.552870 	 295.523678 	 295.545337 
1:55:07.416 PM 6/10/2022 	 109.556201 	 297.583118 	 109.552331 	 297.594864 	 295.673713 	 295.600750 	 295.575798 	 295.601221 
1:55:14.623 PM 6/10/2022 	 109.556975 	 297.585111 	 109.553463 	 297.597778 	 295.625537 	 295.570928 	 295.527612 	 295.537029 
1:55:21.840 PM 6/10/2022 	 109.557153 	 297.585571 	 109.553880 	 297.598852 	 295.618931 	 295.585506 	 295.550667 	 295.569970 
1:55:29.044 PM 6/10/2022 	 109.557153 	 297.585571 	 109.554177 	 297.599619 	 295.618591 	 295.580929 	 295.578575 	 295.576692 
1:55:36.216 PM 6/10/2022 	 109.557630 	 297.586797 	 109.553760 	 297.598545 	 295.575560 	 295.540720 	 295.513411 	 295.526124 
1:55:43.413 PM 6/10/2022 	 109.557630 	 297.586797 	 109.554356 	 297.600079 	 295.675043 	 295.579482 	 295.576186 	 295.591252 
1:55:50.621 PM 6/10/2022 	 109.557690 	 297.586951 	 109.553820 	 297.598699 	 295.548119 	 295.486908 	 295.508568 	 295.498209 
1:55:57.795 PM 6/10/2022 	 109.557451 	 297.586337 	 109.553820 	 297.598699 	 295.647779 	 295.598350 	 295.578107 	 295.574811 
1:56:04.988 PM 6/10/2022 	 109.557273 	 297.585877 	 109.553522 	 297.597932 	 295.763671 	 295.744375 	 295.725550 	 295.740140 
1:56:12.247 PM 6/10/2022 	 109.557809 	 297.587257 	 109.553403 	 297.597625 	 295.803652 	 295.769299 	 295.733062 	 295.751887 
1:56:19.442 PM 6/10/2022 	 109.557630 	 297.586797 	 109.553582 	 297.598085 	 295.788154 	 295.740623 	 295.722268 	 295.735446 
1:56:26.626 PM 6/10/2022 	 109.557392 	 297.586184 	 109.552986 	 297.596551 	 295.731952 	 295.684886 	 295.652878 	 295.684886 
1:56:33.827 PM 6/10/2022 	 109.557273 	 297.585877 	 109.553105 	 297.596858 	 295.828669 	 295.770318 	 295.743023 	 295.765142 
1:56:41.021 PM 6/10/2022 	 109.556498 	 297.583884 	 109.552093 	 297.594251 	 295.747770 	 295.669169 	 295.621155 	 295.686114 
1:56:48.249 PM 6/10/2022 	 109.555307 	 297.580818 	 109.551616 	 297.593024 	 295.636930 	 295.589384 	 295.575260 	 295.566315 
1:56:55.439 PM 6/10/2022 	 109.554533 	 297.578824 	 109.550603 	 297.590416 	 295.510894 	 295.478875 	 295.453446 	 295.456272 
1:57:02.632 PM 6/10/2022 	 109.553163 	 297.575298 	 109.549829 	 297.588422 	 295.558218 	 295.497009 	 295.497009 	 295.503130 
1:57:09.834 PM 6/10/2022 	 109.552567 	 297.573764 	 109.549174 	 297.586735 	 295.561801 	 295.496354 	 295.457741 	 295.501534 
1:57:17.035 PM 6/10/2022 	 109.551138 	 297.570085 	 109.548638 	 297.585355 	 295.469062 	 295.437981 	 295.416789 	 295.405486 
1:57:24.244 PM 6/10/2022 	 109.550245 	 297.567785 	 109.548280 	 297.584435 	 295.528413 	 295.484152 	 295.467671 	 295.487919 
1:57:31.450 PM 6/10/2022 	 109.549530 	 297.565945 	 109.547983 	 297.583668 	 295.470475 	 295.438923 	 295.431388 	 295.428563 
1:57:38.648 PM 6/10/2022 	 109.548517 	 297.563338 	 109.547625 	 297.582748 	 295.572009 	 295.517864 	 295.495734 	 295.505622 
1:57:45.833 PM 6/10/2022 	 109.547505 	 297.560732 	 109.547804 	 297.583208 	 295.568370 	 295.538238 	 295.495391 	 295.529763 
1:57:53.034 PM 6/10/2022 	 109.546552 	 297.558278 	 109.547387 	 297.582134 	 295.561190 	 295.491034 	 295.461368 	 295.503277 
1:58:00.238 PM 6/10/2022 	 109.546194 	 297.557358 	 109.546672 	 297.580293 	 295.572794 	 295.512058 	 295.485689 	 295.520533 
1:58:07.427 PM 6/10/2022 	 109.544705 	 297.553525 	 109.545898 	 297.578300 	 295.576916 	 295.519005 	 295.504879 	 295.525597 
1:58:14.640 PM 6/10/2022 	 109.543514 	 297.550459 	 109.545302 	 297.576766 	 295.591744 	 295.576208 	 295.527714 	 295.546076 
1:58:21.817 PM 6/10/2022 	 109.542919 	 297.548925 	 109.544885 	 297.575692 	 295.622649 	 295.561918 	 295.560506 	 295.562860 
1:58:29.041 PM 6/10/2022 	 109.542144 	 297.546932 	 109.544468 	 297.574619 	 295.565573 	 295.519902 	 295.486942 	 295.495888 
1:58:36.244 PM 6/10/2022 	 109.541549 	 297.545399 	 109.543456 	 297.572011 	 295.547666 	 295.503878 	 295.477508 	 295.460085 
1:58:43.433 PM 6/10/2022 	 109.541489 	 297.545245 	 109.543634 	 297.572471 	 295.494442 	 295.471368 	 295.417212 	 295.411560 
1:58:50.653 PM 6/10/2022 	 109.541132 	 297.544325 	 109.543575 	 297.572318 	 295.535094 	 295.524265 	 295.466347 	 295.478120 
1:58:57.854 PM 6/10/2022 	 109.540596 	 297.542946 	 109.543694 	 297.572625 	 295.529706 	 295.473673 	 295.465197 	 295.437413 
1:59:05.039 PM 6/10/2022 	 109.540298 	 297.542179 	 109.543277 	 297.571551 	 295.504268 	 295.472719 	 295.451057 	 295.454824 
1:59:12.246 PM 6/10/2022 	 109.539643 	 297.540492 	 109.543277 	 297.571551 	 295.482692 	 295.427124 	 295.416763 	 295.420531 
1:59:19.448 PM 6/10/2022 	 109.540417 	 297.542486 	 109.543873 	 297.573085 	 295.504412 	 295.446963 	 295.430009 	 295.431422 
1:59:26.648 PM 6/10/2022 	 109.540417 	 297.542486 	 109.543575 	 297.572318 	 295.511709 	 295.452377 	 295.411877 	 295.422238 
1:59:33.859 PM 6/10/2022 	 109.540655 	 297.543099 	 109.543873 	 297.573085 	 295.493636 	 295.454081 	 295.418290 	 295.440424 
1:59:41.027 PM 6/10/2022 	 109.539822 	 297.540952 	 109.544170 	 297.573852 	 295.509958 	 295.467108 	 295.442620 	 295.430847 
1:59:48.267 PM 6/10/2022 	 109.539762 	 297.540799 	 109.544349 	 297.574312 	 295.511512 	 295.452651 	 295.459715 	 295.452651 
1:59:55.452 PM 6/10/2022 	 109.539285 	 297.539572 	 109.544409 	 297.574465 	 295.509752 	 295.453245 	 295.431583 	 295.447123 
2:00:02.657 PM 6/10/2022 	 109.539345 	 297.539726 	 109.544230 	 297.574005 	 295.526480 	 295.469504 	 295.443604 	 295.444546 
2:00:09.872 PM 6/10/2022 	 109.538749 	 297.538192 	 109.544647 	 297.575079 	 295.534358 	 295.480680 	 295.466082 	 295.487272 
2:00:17.060 PM 6/10/2022 	 109.538749 	 297.538192 	 109.545243 	 297.576612 	 295.516401 	 295.479673 	 295.467900 	 295.465075 
2:00:24.246 PM 6/10/2022 	 109.538213 	 297.536812 	 109.545362 	 297.576919 	 295.553803 	 295.496831 	 295.471403 	 295.461514 
2:00:31.446 PM 6/10/2022 	 109.537499 	 297.534973 	 109.545183 	 297.576459 	 295.542984 	 295.520384 	 295.477535 	 295.511909 
2:00:38.674 PM 6/10/2022 	 109.537082 	 297.533899 	 109.545421 	 297.577073 	 295.495935 	 295.468624 	 295.435189 	 295.442724 
2:00:45.851 PM 6/10/2022 	 109.536784 	 297.533133 	 109.545779 	 297.577993 	 295.451704 	 295.428629 	 295.391894 	 295.394249 
2:00:53.071 PM 6/10/2022 	 109.535355 	 297.529453 	 109.544945 	 297.575846 	 295.476467 	 295.443974 	 295.431730 	 295.418073 
2:01:00.271 PM 6/10/2022 	 109.534818 	 297.528073 	 109.544170 	 297.573852 	 295.480314 	 295.471367 	 295.426159 	 295.453002 
2:01:07.433 PM 6/10/2022 	 109.534223 	 297.526540 	 109.543992 	 297.573392 	 295.496033 	 295.453653 	 295.472018 	 295.439054 
2:01:14.675 PM 6/10/2022 	 109.534044 	 297.526080 	 109.543396 	 297.571858 	 295.455471 	 295.418267 	 295.389067 	 295.401784 
2:01:21.838 PM 6/10/2022 	 109.533687 	 297.525160 	 109.542741 	 297.570171 	 295.454318 	 295.424649 	 295.411463 	 295.403456 
2:01:29.050 PM 6/10/2022 	 109.532138 	 297.521173 	 109.542503 	 297.569557 	 295.668275 	 296.064908 	 295.542110 	 295.580716 
2:01:36.251 PM 6/10/2022 	 109.531721 	 297.520100 	 109.541907 	 297.568023 	 295.650177 	 295.879362 	 295.530600 	 295.525420 
2:01:43.449 PM 6/10/2022 	 109.530471 	 297.516880 	 109.541669 	 297.567410 	 295.618037 	 295.683937 	 295.554010 	 295.541769 
2:01:50.667 PM 6/10/2022 	 109.530054 	 297.515807 	 109.541669 	 297.567410 	 295.882594 	 295.869420 	 295.775782 	 295.774370 
2:01:57.867 PM 6/10/2022 	 109.529399 	 297.514120 	 109.542145 	 297.568637 	 295.780779 	 296.573994 	 295.610395 	 295.558609 
2:02:05.083 PM 6/10/2022 	 109.529041 	 297.513200 	 109.541371 	 297.566643 	 295.871144 	 297.618631 	 295.600059 	 295.496950 
2:02:12.278 PM 6/10/2022 	 109.528565 	 297.511974 	 109.541669 	 297.567410 	 295.672574 	 296.800895 	 295.545469 	 295.512510 
2:02:19.463 PM 6/10/2022 	 109.528624 	 297.512127 	 109.541966 	 297.568177 	 295.576794 	 295.757072 	 295.465673 	 295.484980 
2:02:26.665 PM 6/10/2022 	 109.528505 	 297.511820 	 109.541788 	 297.567717 	 295.495788 	 295.516506 	 295.409139 	 295.395010 
2:02:33.874 PM 6/10/2022 	 109.528029 	 297.510594 	 109.541371 	 297.566643 	 295.509912 	 295.481660 	 295.408667 	 295.447284 
2:02:41.051 PM 6/10/2022 	 109.527552 	 297.509367 	 109.541252 	 297.566336 	 295.482280 	 295.438486 	 295.418235 	 295.394687 
2:02:48.281 PM 6/10/2022 	 109.526301 	 297.506147 	 109.540596 	 297.564649 	 295.471350 	 295.440740 	 295.409187 	 295.387522 
2:02:55.467 PM 6/10/2022 	 109.526063 	 297.505534 	 109.540537 	 297.564496 	 295.478439 	 295.456306 	 295.401677 	 295.404974 
2:03:02.671 PM 6/10/2022 	 109.525587 	 297.504307 	 109.539941 	 297.562962 	 295.518218 	 295.470189 	 295.472543 	 295.435812 
2:03:09.883 PM 6/10/2022 	 109.524812 	 297.502314 	 109.539822 	 297.562655 	 295.684376 	 296.385645 	 295.596350 	 295.561511 
2:03:17.075 PM 6/10/2022 	 109.524157 	 297.500628 	 109.539882 	 297.562809 	 295.756958 	 296.130476 	 295.660002 	 295.634112 
2:03:24.251 PM 6/10/2022 	 109.523562 	 297.499094 	 109.539643 	 297.562195 	 295.663145 	 295.743158 	 295.584060 	 295.543571 
2:03:31.491 PM 6/10/2022 	 109.522847 	 297.497254 	 109.539763 	 297.562502 	 295.574913 	 295.558435 	 295.481216 	 295.447311 
2:03:38.688 PM 6/10/2022 	 109.522370 	 297.496028 	 109.539167 	 297.560968 	 295.556501 	 295.558384 	 295.498588 	 295.464213 
2:03:45.894 PM 6/10/2022 	 109.521358 	 297.493421 	 109.538631 	 297.559588 	 295.566267 	 295.502705 	 295.496113 	 295.480574 
2:03:53.077 PM 6/10/2022 	 109.520584 	 297.491428 	 109.538869 	 297.560201 	 295.557002 	 295.514627 	 295.510389 	 295.476486 
2:04:00.282 PM 6/10/2022 	 109.520167 	 297.490355 	 109.538750 	 297.559894 	 295.552695 	 295.598362 	 295.494781 	 295.497607 
2:04:07.487 PM 6/10/2022 	 109.519273 	 297.488055 	 109.537856 	 297.557594 	 295.538271 	 295.525088 	 295.481297 	 295.460107 
2:04:14.692 PM 6/10/2022 	 109.519154 	 297.487748 	 109.537678 	 297.557134 	 295.541730 	 295.482873 	 295.454619 	 295.459799 
2:04:21.895 PM 6/10/2022 	 109.518559 	 297.486215 	 109.537856 	 297.557594 	 295.520424 	 295.460623 	 295.414472 	 295.416826 
2:04:29.098 PM 6/10/2022 	 109.517725 	 297.484068 	 109.537380 	 297.556367 	 295.531187 	 295.487868 	 295.464794 	 295.436068 
2:04:36.304 PM 6/10/2022 	 109.518023 	 297.484835 	 109.538095 	 297.558207 	 295.463886 	 295.435160 	 295.412555 	 295.388064 
2:04:43.454 PM 6/10/2022 	 109.517546 	 297.483608 	 109.537559 	 297.556827 	 295.589059 	 295.522675 	 295.502428 	 295.481709 
2:04:50.689 PM 6/10/2022 	 109.517784 	 297.484222 	 109.537797 	 297.557440 	 295.726406 	 295.702873 	 295.646390 	 295.661453 
2:04:57.876 PM 6/10/2022 	 109.518916 	 297.487135 	 109.537142 	 297.555753 	 295.675687 	 295.634265 	 295.591426 	 295.582952 
2:05:05.050 PM 6/10/2022 	 109.518916 	 297.487135 	 109.537439 	 297.556520 	 295.613454 	 295.572497 	 295.552723 	 295.536715 
2:05:12.288 PM 6/10/2022 	 109.519631 	 297.488975 	 109.537023 	 297.555447 	 295.630693 	 295.570435 	 295.537949 	 295.516290 
2:05:19.474 PM 6/10/2022 	 109.519452 	 297.488515 	 109.536903 	 297.555140 	 295.570338 	 295.507717 	 295.494062 	 295.499242 
2:05:26.695 PM 6/10/2022 	 109.519928 	 297.489741 	 109.536308 	 297.553606 	 295.586197 	 295.548062 	 295.509924 	 295.508982 
2:05:33.908 PM 6/10/2022 	 109.520107 	 297.490201 	 109.536189 	 297.553299 	 295.525184 	 295.468208 	 295.439482 	 295.438070 
2:05:41.071 PM 6/10/2022 	 109.520822 	 297.492041 	 109.535414 	 297.551305 	 295.853189 	 295.885183 	 295.748253 	 295.879067 
2:05:48.295 PM 6/10/2022 	 109.521179 	 297.492961 	 109.535891 	 297.552532 	 295.758760 	 295.780878 	 295.665570 	 295.669806 
2:05:55.484 PM 6/10/2022 	 109.521477 	 297.493728 	 109.535355 	 297.551152 	 295.624094 	 295.603380 	 295.546414 	 295.521460 
2:06:02.660 PM 6/10/2022 	 109.521477 	 297.493728 	 109.535891 	 297.552532 	 295.618938 	 295.553970 	 295.516304 	 295.502649 
2:06:09.902 PM 6/10/2022 	 109.521715 	 297.494341 	 109.535474 	 297.551459 	 295.547132 	 295.476974 	 295.455312 	 295.445894 
2:06:17.086 PM 6/10/2022 	 109.521596 	 297.494035 	 109.535057 	 297.550385 	 295.724621 	 295.758977 	 295.617302 	 295.662963 
2:06:24.300 PM 6/10/2022 	 109.522490 	 297.496334 	 109.535355 	 297.551152 	 295.734954 	 295.704832 	 295.664824 	 295.667178 
2:06:31.509 PM 6/10/2022 	 109.522370 	 297.496028 	 109.535533 	 297.551612 	 295.721510 	 295.700330 	 295.641022 	 295.633020 
2:06:38.705 PM 6/10/2022 	 109.523026 	 297.497714 	 109.534819 	 297.549772 	 295.691052 	 295.649631 	 295.598319 	 295.568660 
2:06:45.886 PM 6/10/2022 	 109.523264 	 297.498328 	 109.535414 	 297.551305 	 295.570773 	 295.513332 	 295.456826 	 295.467186 
2:06:53.098 PM 6/10/2022 	 109.524157 	 297.500628 	 109.536010 	 297.552839 	 295.529332 	 295.468119 	 295.434684 	 295.455405 
2:07:00.299 PM 6/10/2022 	 109.523919 	 297.500014 	 109.536546 	 297.554220 	 295.792380 	 295.764145 	 295.728377 	 295.715670 
2:07:11.108 PM 6/10/2022 	 109.525170 	 297.503234 	 109.537201 	 297.555907 	 295.778336 	 295.801394 	 295.687032 	 295.706800 
2:07:21.917 PM 6/10/2022 	 109.526540 	 297.506761 	 109.537201 	 297.555907 	 295.578139 	 295.509870 	 295.492919 	 295.461840 
2:07:29.119 PM 6/10/2022 	 109.526480 	 297.506607 	 109.536844 	 297.554986 	 295.620583 	 295.577272 	 295.541491 	 295.552320 
2:07:36.302 PM 6/10/2022 	 109.526837 	 297.507527 	 109.537023 	 297.555447 	 295.606905 	 295.557944 	 295.521690 	 295.524515 
2:07:43.482 PM 6/10/2022 	 109.527254 	 297.508600 	 109.536725 	 297.554680 	 295.534301 	 295.470734 	 295.453782 	 295.443892 
2:07:54.317 PM 6/10/2022 	 109.527969 	 297.510440 	 109.536784 	 297.554833 	 295.567238 	 295.518273 	 295.486724 	 295.499909 
2:08:01.503 PM 6/10/2022 	 109.528446 	 297.511667 	 109.537023 	 297.555447 	 295.573502 	 295.532071 	 295.486397 	 295.485455 
2:08:08.705 PM 6/10/2022 	 109.528267 	 297.511207 	 109.536725 	 297.554680 	 295.569453 	 295.516250 	 295.487998 	 295.487998 
2:08:15.896 PM 6/10/2022 	 109.528267 	 297.511207 	 109.536606 	 297.554373 	 295.603343 	 295.549202 	 295.509651 	 295.516243 
2:08:26.721 PM 6/10/2022 	 109.528982 	 297.513047 	 109.536844 	 297.554986 	 295.603908 	 295.557300 	 295.502683 	 295.528109 
2:08:37.510 PM 6/10/2022 	 109.528505 	 297.511820 	 109.536963 	 297.555293 	 295.615157 	 295.563371 	 295.510167 	 295.519584 
2:08:48.313 PM 6/10/2022 	 109.528446 	 297.511667 	 109.536844 	 297.554986 	 295.562952 	 295.543178 	 295.514927 	 295.506923 
2:08:59.133 PM 6/10/2022 	 109.529220 	 297.513660 	 109.537201 	 297.555907 	 295.607096 	 295.578849 	 295.520938 	 295.510579 
2:09:09.911 PM 6/10/2022 	 109.529041 	 297.513200 	 109.537618 	 297.556980 	 295.538753 	 295.482720 	 295.467181 	 295.462472 
2:09:17.084 PM 6/10/2022 	 109.529041 	 297.513200 	 109.537737 	 297.557287 	 295.537431 	 295.484695 	 295.434308 	 295.455970 
2:09:27.923 PM 6/10/2022 	 109.529339 	 297.513967 	 109.538095 	 297.558207 	 295.539785 	 295.483753 	 295.465859 	 295.452674 
2:09:35.112 PM 6/10/2022 	 109.529101 	 297.513354 	 109.537976 	 297.557901 	 295.520027 	 295.472469 	 295.472469 	 295.441860 
2:09:42.282 PM 6/10/2022 	 109.529339 	 297.513967 	 109.538571 	 297.559434 	 295.526008 	 295.453022 	 295.435127 	 295.442662 
2:09:49.508 PM 6/10/2022 	 109.529220 	 297.513660 	 109.538571 	 297.559434 	 295.580006 	 295.527745 	 295.495256 	 295.483484 
2:10:00.314 PM 6/10/2022 	 109.529458 	 297.514273 	 109.539465 	 297.561735 	 295.529762 	 295.487384 	 295.469490 	 295.434172 
2:10:11.129 PM 6/10/2022 	 109.529458 	 297.514273 	 109.538988 	 297.560508 	 295.627719 	 295.595237 	 295.543920 	 295.562752 
2:10:21.916 PM 6/10/2022 	 109.530054 	 297.515807 	 109.539941 	 297.562962 	 295.595828 	 295.536036 	 295.488009 	 295.454575 
2:10:32.732 PM 6/10/2022 	 109.531185 	 297.518720 	 109.540358 	 297.564036 	 295.532621 	 295.480355 	 295.436089 	 295.439857 
2:10:43.497 PM 6/10/2022 	 109.531721 	 297.520100 	 109.540835 	 297.565263 	 295.511058 	 295.464912 	 295.439482 	 295.443250 
2:10:54.278 PM 6/10/2022 	 109.532674 	 297.522553 	 109.542086 	 297.568483 	 295.729438 	 295.724261 	 295.635772 	 295.609881 
2:11:01.491 PM 6/10/2022 	 109.533210 	 297.523933 	 109.542145 	 297.568637 	 295.605317 	 295.562005 	 295.512568 	 295.492791 
2:11:08.694 PM 6/10/2022 	 109.533627 	 297.525006 	 109.542026 	 297.568330 	 295.515300 	 295.484693 	 295.441841 	 295.429597 
2:11:15.875 PM 6/10/2022 	 109.533687 	 297.525160 	 109.542979 	 297.570784 	 295.701420 	 295.664235 	 295.611513 	 295.603511 
2:11:23.101 PM 6/10/2022 	 109.533329 	 297.524240 	 109.542920 	 297.570631 	 295.590337 	 295.540903 	 295.513123 	 295.514536 
2:11:30.277 PM 6/10/2022 	 109.533270 	 297.524086 	 109.542979 	 297.570784 	 295.580829 	 295.522919 	 295.518681 	 295.494196 
2:11:41.130 PM 6/10/2022 	 109.533210 	 297.523933 	 109.542979 	 297.570784 	 295.546786 	 295.505352 	 295.478983 	 295.450729 
2:11:48.271 PM 6/10/2022 	 109.533329 	 297.524240 	 109.543217 	 297.571398 	 295.499955 	 295.434971 	 295.411424 	 295.435442 
2:14:49.230 PM 6/10/2022 	 109.528803 	 297.512587 	 109.541192 	 297.566183 	 295.509847 	 295.459934 	 295.447219 	 295.436859 
2:14:56.449 PM 6/10/2022 	 109.528088 	 297.510747 	 109.541073 	 297.565876 	 295.499467 	 295.456616 	 295.429302 	 295.410935 
2:15:03.656 PM 6/10/2022 	 109.528088 	 297.510747 	 109.540716 	 297.564956 	 295.422360 	 295.377147 	 295.363488 	 295.355481 
2:15:10.856 PM 6/10/2022 	 109.528088 	 297.510747 	 109.540060 	 297.563269 	 295.435333 	 295.401424 	 295.355738 	 295.368456 
2:15:18.050 PM 6/10/2022 	 109.527552 	 297.509367 	 109.539584 	 297.562042 	 295.488652 	 295.449096 	 295.425549 	 295.422253 
2:15:25.244 PM 6/10/2022 	 109.527493 	 297.509214 	 109.539286 	 297.561275 	 295.549473 	 295.496738 	 295.489675 	 295.455300 
2:15:32.448 PM 6/10/2022 	 109.527969 	 297.510440 	 109.538869 	 297.560201 	 295.527862 	 295.460998 	 295.439807 	 295.400718 
2:15:39.658 PM 6/10/2022 	 109.528386 	 297.511514 	 109.538809 	 297.560048 	 295.476023 	 295.435053 	 295.409622 	 295.398790 
2:15:46.858 PM 6/10/2022 	 109.528386 	 297.511514 	 109.538571 	 297.559434 	 295.517744 	 295.455117 	 295.416030 	 295.430158 
2:15:54.035 PM 6/10/2022 	 109.528743 	 297.512434 	 109.538154 	 297.558361 	 295.517079 	 295.450213 	 295.421957 	 295.429492 
2:16:01.246 PM 6/10/2022 	 109.528862 	 297.512740 	 109.537916 	 297.557747 	 295.481680 	 295.447775 	 295.397383 	 295.400209 
2:16:08.431 PM 6/10/2022 	 109.528386 	 297.511514 	 109.538035 	 297.558054 	 295.470269 	 295.424590 	 295.428358 	 295.407636 
2:16:15.653 PM 6/10/2022 	 109.528565 	 297.511974 	 109.537916 	 297.557747 	 295.524337 	 295.478192 	 295.434868 	 295.438635 
2:16:22.835 PM 6/10/2022 	 109.528267 	 297.511207 	 109.537261 	 297.556060 	 295.581811 	 295.535200 	 295.485760 	 295.490940 
2:16:30.131 PM 6/10/2022 	 109.527910 	 297.510287 	 109.537082 	 297.555600 	 295.595792 	 295.519991 	 295.521404 	 295.509162 
2:16:37.249 PM 6/10/2022 	 109.528088 	 297.510747 	 109.536784 	 297.554833 	 295.513962 	 295.477705 	 295.427788 	 295.399060 
2:26:32.144 PM 6/10/2022 	 109.553997 	 297.577444 	 109.576634 	 297.657443 	 295.619047 	 295.590801 	 295.540896 	 295.515941 
2:26:39.319 PM 6/10/2022 	 109.552925 	 297.574684 	 109.577229 	 297.658977 	 295.596356 	 295.557281 	 295.521498 	 295.528560 
2:26:46.518 PM 6/10/2022 	 109.552210 	 297.572844 	 109.576931 	 297.658210 	 295.621342 	 295.571911 	 295.535658 	 295.523416 
2:26:53.722 PM 6/10/2022 	 109.551674 	 297.571465 	 109.576991 	 297.658363 	 295.630384 	 295.563534 	 295.535285 	 295.504209 
2:27:00.940 PM 6/10/2022 	 109.550840 	 297.569318 	 109.576872 	 297.658056 	 295.590012 	 295.556115 	 295.522686 	 295.491609 
2:27:08.132 PM 6/10/2022 	 109.550066 	 297.567325 	 109.576872 	 297.658056 	 295.609647 	 295.579517 	 295.540440 	 295.537615 
2:27:15.311 PM 6/10/2022 	 109.549172 	 297.565025 	 109.576693 	 297.657596 	 295.585461 	 295.590169 	 295.527551 	 295.501183 
2:27:22.493 PM 6/10/2022 	 109.548458 	 297.563185 	 109.576336 	 297.656676 	 295.617221 	 295.561669 	 295.538599 	 295.507052 
2:27:29.722 PM 6/10/2022 	 109.547386 	 297.560425 	 109.576812 	 297.657903 	 295.614652 	 295.573695 	 295.521904 	 295.524729 
2:27:36.909 PM 6/10/2022 	 109.546671 	 297.558585 	 109.576157 	 297.656216 	 295.616817 	 295.555615 	 295.531603 	 295.512299 
2:27:44.105 PM 6/10/2022 	 109.545658 	 297.555978 	 109.575919 	 297.655602 	 295.655956 	 295.593347 	 295.552858 	 295.513779 
2:27:51.317 PM 6/10/2022 	 109.544825 	 297.553832 	 109.575383 	 297.654222 	 295.678111 	 295.651752 	 295.618330 	 295.599499 
2:27:58.503 PM 6/10/2022 	 109.543872 	 297.551379 	 109.575502 	 297.654529 	 295.720234 	 295.682110 	 295.661400 	 295.627037 
2:28:05.726 PM 6/10/2022 	 109.542680 	 297.548312 	 109.575025 	 297.653302 	 295.653657 	 295.616940 	 295.565625 	 295.551030 
2:28:16.524 PM 6/10/2022 	 109.541430 	 297.545092 	 109.574191 	 297.651154 	 295.612801 	 295.562898 	 295.542182 	 295.501218 
2:28:23.729 PM 6/10/2022 	 109.539941 	 297.541259 	 109.574608 	 297.652228 	 295.659194 	 295.636129 	 295.563631 	 295.547623 
2:28:30.918 PM 6/10/2022 	 109.539226 	 297.539419 	 109.574847 	 297.652841 	 295.896251 	 295.874609 	 295.797442 	 295.723556 
2:28:38.140 PM 6/10/2022 	 109.538809 	 297.538346 	 109.574370 	 297.651614 	 295.876739 	 295.842862 	 295.773690 	 295.706390 
2:28:45.319 PM 6/10/2022 	 109.537558 	 297.535126 	 109.574310 	 297.651461 	 295.722477 	 295.681529 	 295.608567 	 295.555839 
2:28:52.539 PM 6/10/2022 	 109.536724 	 297.532979 	 109.574132 	 297.651001 	 295.681804 	 295.645089 	 295.576358 	 295.558939 
2:32:34.248 PM 6/10/2022 	 109.533508 	 297.524700 	 109.581041 	 297.668793 	 295.655251 	 295.594525 	 295.533320 	 295.543208 
2:32:41.454 PM 6/10/2022 	 109.534044 	 297.526080 	 109.581637 	 297.670327 	 295.687785 	 295.600701 	 295.578574 	 295.588931 
2:32:48.660 PM 6/10/2022 	 109.534044 	 297.526080 	 109.582411 	 297.672321 	 295.672368 	 295.616823 	 295.545263 	 295.537730 
2:32:55.842 PM 6/10/2022 	 109.534223 	 297.526540 	 109.583186 	 297.674315 	 295.653690 	 295.569424 	 295.535525 	 295.505391 
2:33:03.050 PM 6/10/2022 	 109.534997 	 297.528533 	 109.583722 	 297.675695 	 295.650836 	 295.596229 	 295.547737 	 295.541145 
2:33:10.247 PM 6/10/2022 	 109.535057 	 297.528686 	 109.583841 	 297.676002 	 295.663327 	 295.618608 	 295.569648 	 295.554111 
2:33:17.438 PM 6/10/2022 	 109.535950 	 297.530986 	 109.584139 	 297.676769 	 295.700243 	 295.642347 	 295.596214 	 295.581620 
2:33:24.650 PM 6/10/2022 	 109.536069 	 297.531293 	 109.584734 	 297.678303 	 295.739808 	 295.664030 	 295.626843 	 295.631080 
2:33:31.830 PM 6/10/2022 	 109.537082 	 297.533899 	 109.585568 	 297.680450 	 295.657214 	 295.582835 	 295.527279 	 295.507033 
2:33:39.047 PM 6/10/2022 	 109.537499 	 297.534973 	 109.585092 	 297.679223 	 295.638364 	 295.585168 	 295.522550 	 295.519725 
2:33:46.248 PM 6/10/2022 	 109.537737 	 297.535586 	 109.585687 	 297.680757 	 295.863350 	 295.809710 	 295.733002 	 295.728766 
2:33:53.457 PM 6/10/2022 	 109.538035 	 297.536352 	 109.585926 	 297.681370 	 295.747391 	 295.678675 	 295.656082 	 295.614657 
2:34:00.664 PM 6/10/2022 	 109.537975 	 297.536199 	 109.586343 	 297.682444 	 295.721777 	 295.655881 	 295.612103 	 295.580561 
2:34:07.855 PM 6/10/2022 	 109.538571 	 297.537732 	 109.586641 	 297.683211 	 295.658531 	 295.591215 	 295.568617 	 295.559201 
2:34:15.050 PM 6/10/2022 	 109.539941 	 297.541259 	 109.586641 	 297.683211 	 295.727554 	 295.664013 	 295.585869 	 295.580691 
2:34:22.270 PM 6/10/2022 	 109.540417 	 297.542486 	 109.587117 	 297.684438 	 295.730844 	 295.674834 	 295.616935 	 295.589160 
2:34:29.473 PM 6/10/2022 	 109.541191 	 297.544479 	 109.587177 	 297.684591 	 295.587015 	 295.522043 	 295.499442 	 295.465538 
2:34:36.648 PM 6/10/2022 	 109.541489 	 297.545245 	 109.587117 	 297.684438 	 295.573579 	 295.533089 	 295.488357 	 295.493537 
2:34:43.847 PM 6/10/2022 	 109.542085 	 297.546779 	 109.586938 	 297.683978 	 295.666952 	 295.600579 	 295.543612 	 295.563386 
2:41:23.366 PM 6/10/2022 	 109.587886 	 297.664690 	 109.605285 	 297.731220 	 295.616423 	 295.568404 	 295.543921 	 295.560871 
2:41:30.567 PM 6/10/2022 	 109.588065 	 297.665150 	 109.605880 	 297.732753 	 295.627651 	 295.572571 	 295.545735 	 295.543852 
2:41:37.747 PM 6/10/2022 	 109.588601 	 297.666530 	 109.606476 	 297.734287 	 295.640677 	 295.544168 	 295.542756 	 295.522980 
2:41:44.951 PM 6/10/2022 	 109.589137 	 297.667910 	 109.607310 	 297.736435 	 295.626290 	 295.534016 	 295.505765 	 295.511886 
2:41:52.188 PM 6/10/2022 	 109.589733 	 297.669443 	 109.607310 	 297.736435 	 295.559517 	 295.501604 	 295.464875 	 295.474764 
2:41:59.354 PM 6/10/2022 	 109.589554 	 297.668983 	 109.608382 	 297.739196 	 295.675109 	 295.591318 	 295.555537 	 295.575311 
2:42:06.568 PM 6/10/2022 	 109.590567 	 297.671590 	 109.608858 	 297.740423 	 295.684695 	 295.627269 	 295.573601 	 295.605614 
2:42:13.785 PM 6/10/2022 	 109.590626 	 297.671743 	 109.609156 	 297.741190 	 295.661547 	 295.607883 	 295.557980 	 295.539618 
2:42:20.968 PM 6/10/2022 	 109.591341 	 297.673583 	 109.609573 	 297.742263 	 295.615452 	 295.539655 	 295.494924 	 295.509521 
2:42:28.192 PM 6/10/2022 	 109.591043 	 297.672816 	 109.609692 	 297.742570 	 295.580641 	 295.531205 	 295.516609 	 295.512371 
2:42:35.379 PM 6/10/2022 	 109.590864 	 297.672356 	 109.610169 	 297.743797 	 295.689432 	 295.611292 	 295.562802 	 295.578338 
2:42:42.563 PM 6/10/2022 	 109.591103 	 297.672970 	 109.609871 	 297.743030 	 295.671398 	 295.577720 	 295.558888 	 295.566892 
2:42:49.762 PM 6/10/2022 	 109.590805 	 297.672203 	 109.609931 	 297.743184 	 295.567687 	 295.507420 	 295.475400 	 295.488585 
2:42:56.973 PM 6/10/2022 	 109.591103 	 297.672970 	 109.609931 	 297.743184 	 295.605195 	 295.529396 	 295.509620 	 295.503970 
2:43:04.173 PM 6/10/2022 	 109.591162 	 297.673123 	 109.610526 	 297.744717 	 295.567094 	 295.503532 	 295.468686 	 295.468216 
2:43:11.386 PM 6/10/2022 	 109.590924 	 297.672510 	 109.610824 	 297.745484 	 295.553235 	 295.507564 	 295.478369 	 295.474602 
2:48:35.941 PM 6/10/2022 	 109.600513 	 297.697196 	 109.612909 	 297.750853 	 295.564220 	 295.498303 	 295.456865 	 295.464870 
2:48:43.136 PM 6/10/2022 	 109.601287 	 297.699190 	 109.613445 	 297.752233 	 295.580837 	 295.506447 	 295.486199 	 295.484786 
2:48:50.343 PM 6/10/2022 	 109.601168 	 297.698883 	 109.614338 	 297.754534 	 295.609454 	 295.520001 	 295.498342 	 295.484215 
2:48:57.550 PM 6/10/2022 	 109.601645 	 297.700110 	 109.614577 	 297.755148 	 295.621671 	 295.539754 	 295.506795 	 295.503970 
2:49:04.739 PM 6/10/2022 	 109.602062 	 297.701183 	 109.615828 	 297.758369 	 295.605063 	 295.509017 	 295.497245 	 295.509959 
2:49:11.961 PM 6/10/2022 	 109.603193 	 297.704096 	 109.616721 	 297.760669 	 295.580689 	 295.502532 	 295.477104 	 295.484639 
2:49:19.160 PM 6/10/2022 	 109.603610 	 297.705170 	 109.617198 	 297.761897 	 295.627821 	 295.573683 	 295.523776 	 295.534134 
2:49:26.351 PM 6/10/2022 	 109.603908 	 297.705936 	 109.617734 	 297.763277 	 295.620190 	 295.545806 	 295.520381 	 295.492129 
2:49:33.555 PM 6/10/2022 	 109.604206 	 297.706703 	 109.618568 	 297.765424 	 295.613605 	 295.567939 	 295.500139 	 295.505318 
2:49:40.736 PM 6/10/2022 	 109.604682 	 297.707930 	 109.619402 	 297.767572 	 295.684508 	 295.605897 	 295.562585 	 295.559760 
2:49:47.959 PM 6/10/2022 	 109.604921 	 297.708543 	 109.620116 	 297.769412 	 295.643407 	 295.591624 	 295.518648 	 295.547840 
2:49:55.145 PM 6/10/2022 	 109.605338 	 297.709616 	 109.621069 	 297.771867 	 295.624615 	 295.517273 	 295.474895 	 295.488550 
2:50:02.364 PM 6/10/2022 	 109.605993 	 297.711303 	 109.621844 	 297.773861 	 295.650801 	 295.591487 	 295.551469 	 295.537815 
2:50:09.559 PM 6/10/2022 	 109.607243 	 297.714523 	 109.622916 	 297.776622 	 295.671653 	 295.603868 	 295.558673 	 295.551610 
2:50:16.751 PM 6/10/2022 	 109.608196 	 297.716977 	 109.624226 	 297.779996 	 295.687179 	 295.603861 	 295.577968 	 295.564786 
2:50:23.965 PM 6/10/2022 	 109.608971 	 297.718970 	 109.625596 	 297.783524 	 295.660356 	 295.549256 	 295.518181 	 295.538427 
2:50:31.168 PM 6/10/2022 	 109.609447 	 297.720197 	 109.627205 	 297.787665 	 295.654650 	 295.574622 	 295.521419 	 295.503526 
2:50:38.366 PM 6/10/2022 	 109.610162 	 297.722037 	 109.628098 	 297.789966 	 295.783499 	 295.668191 	 295.649363 	 295.617824 
2:50:45.552 PM 6/10/2022 	 109.611055 	 297.724337 	 109.629409 	 297.793341 	 295.627620 	 295.526871 	 295.512746 	 295.487319 
2:50:52.764 PM 6/10/2022 	 109.611413 	 297.725257 	 109.630600 	 297.796408 	 295.724495 	 295.658129 	 295.590813 	 295.580926 
2:50:59.944 PM 6/10/2022 	 109.612008 	 297.726790 	 109.631374 	 297.798402 	 295.656268 	 295.573886 	 295.543754 	 295.500436 
2:51:07.161 PM 6/10/2022 	 109.613021 	 297.729397 	 109.632506 	 297.801317 	 295.589934 	 295.500478 	 295.475992 	 295.435964 
2:51:14.374 PM 6/10/2022 	 109.613319 	 297.730163 	 109.633876 	 297.804845 	 295.615237 	 295.528139 	 295.475873 	 295.473047 
2:55:14.771 PM 6/10/2022 	 109.621895 	 297.752244 	 109.653711 	 297.855923 	 295.692963 	 295.644481 	 295.584695 	 295.571042 
2:55:21.938 PM 6/10/2022 	 109.622431 	 297.753624 	 109.654664 	 297.858377 	 295.572216 	 295.455915 	 295.431427 	 295.430014 
2:55:29.139 PM 6/10/2022 	 109.622848 	 297.754697 	 109.655141 	 297.859604 	 295.597478 	 295.502373 	 295.478829 	 295.448691 
2:55:36.361 PM 6/10/2022 	 109.623503 	 297.756384 	 109.655736 	 297.861138 	 295.633165 	 295.567257 	 295.537125 	 295.510757 
2:55:43.548 PM 6/10/2022 	 109.624397 	 297.758684 	 109.656094 	 297.862059 	 295.656887 	 295.583450 	 295.523656 	 295.527894 
2:55:50.772 PM 6/10/2022 	 109.624158 	 297.758071 	 109.655796 	 297.861292 	 295.632927 	 295.579260 	 295.533121 	 295.529354 
2:55:57.972 PM 6/10/2022 	 109.624456 	 297.758837 	 109.656451 	 297.862979 	 295.652301 	 295.565681 	 295.519070 	 295.557207 
2:56:05.160 PM 6/10/2022 	 109.623920 	 297.757457 	 109.656749 	 297.863746 	 295.599920 	 295.539658 	 295.497281 	 295.486922 
2:56:12.345 PM 6/10/2022 	 109.623682 	 297.756844 	 109.656809 	 297.863899 	 295.599713 	 295.533330 	 295.488128 	 295.478239 
2:56:19.562 PM 6/10/2022 	 109.623563 	 297.756537 	 109.657523 	 297.865740 	 295.589828 	 295.549339 	 295.488600 	 295.494250 
2:56:26.784 PM 6/10/2022 	 109.623027 	 297.755157 	 109.657106 	 297.864666 	 295.611251 	 295.545341 	 295.514265 	 295.460585 
2:56:33.973 PM 6/10/2022 	 109.623086 	 297.755311 	 109.657702 	 297.866200 	 295.606437 	 295.542880 	 295.525459 	 295.495324 
2:56:41.157 PM 6/10/2022 	 109.622669 	 297.754237 	 109.657404 	 297.865433 	 295.593840 	 295.521806 	 295.499205 	 295.467185 
2:56:48.348 PM 6/10/2022 	 109.622372 	 297.753471 	 109.657583 	 297.865893 	 295.644198 	 295.579704 	 295.512848 	 295.502960 
2:56:55.574 PM 6/10/2022 	 109.622550 	 297.753931 	 109.657643 	 297.866047 	 295.812472 	 295.740942 	 295.697172 	 295.693406 
2:57:02.787 PM 6/10/2022 	 109.622550 	 297.753931 	 109.656928 	 297.864206 	 295.689715 	 295.642644 	 295.591332 	 295.586154 
2:57:09.960 PM 6/10/2022 	 109.622550 	 297.753931 	 109.656630 	 297.863439 	 295.741102 	 295.681328 	 295.630020 	 295.611190 
3:00:50.149 PM 6/10/2022 	 109.626720 	 297.764664 	 109.651090 	 297.849174 	 295.568509 	 295.485170 	 295.463980 	 295.478577 
3:00:57.330 PM 6/10/2022 	 109.627613 	 297.766964 	 109.651746 	 297.850861 	 295.614054 	 295.531665 	 295.493996 	 295.488346 
3:01:15.340 PM 6/10/2022 	 109.629102 	 297.770798 	 109.653116 	 297.854389 	 295.614610 	 295.543991 	 295.492668 	 295.488431 
3:01:22.526 PM 6/10/2022 	 109.629281 	 297.771258 	 109.653652 	 297.855770 	 295.633674 	 295.579066 	 295.516918 	 295.529160 
3:01:29.754 PM 6/10/2022 	 109.629757 	 297.772484 	 109.654605 	 297.858224 	 295.686214 	 295.623609 	 295.573237 	 295.586890 
3:01:36.953 PM 6/10/2022 	 109.630114 	 297.773404 	 109.654783 	 297.858684 	 295.688073 	 295.647593 	 295.593928 	 295.608051 
3:01:44.125 PM 6/10/2022 	 109.629459 	 297.771718 	 109.655081 	 297.859451 	 295.756242 	 295.671994 	 295.620686 	 295.636691 
3:01:51.348 PM 6/10/2022 	 109.629400 	 297.771564 	 109.655736 	 297.861138 	 295.807375 	 295.726431 	 295.656300 	 295.652534 
3:01:58.527 PM 6/10/2022 	 109.629221 	 297.771104 	 109.655558 	 297.860678 	 295.861748 	 295.791167 	 295.708809 	 295.716339 
3:02:05.751 PM 6/10/2022 	 109.628804 	 297.770031 	 109.655975 	 297.861752 	 295.851263 	 295.766091 	 295.741619 	 295.719970 
3:02:12.959 PM 6/10/2022 	 109.628209 	 297.768498 	 109.656153 	 297.862212 	 295.916660 	 295.846086 	 295.787267 	 295.769385 
3:02:20.142 PM 6/10/2022 	 109.627315 	 297.766198 	 109.656689 	 297.863593 	 295.925024 	 295.833278 	 295.802222 	 295.769281 
3:02:27.350 PM 6/10/2022 	 109.627494 	 297.766658 	 109.656987 	 297.864359 	 295.902675 	 295.818925 	 295.780338 	 295.760102 
3:06:22.094 PM 6/10/2022 	 109.598607 	 297.692290 	 109.647755 	 297.840584 	 296.407560 	 296.335650 	 296.308857 	 296.278772 
3:06:29.276 PM 6/10/2022 	 109.598488 	 297.691983 	 109.647576 	 297.840124 	 296.387338 	 296.320596 	 296.248673 	 296.235509 
3:06:36.502 PM 6/10/2022 	 109.597893 	 297.690450 	 109.648172 	 297.841658 	 296.359934 	 296.303059 	 296.244767 	 296.222200 
3:06:43.694 PM 6/10/2022 	 109.598131 	 297.691063 	 109.648231 	 297.841811 	 296.398796 	 296.368717 	 296.301972 	 296.300561 
3:06:50.899 PM 6/10/2022 	 109.597595 	 297.689683 	 109.648053 	 297.841351 	 296.384110 	 296.304206 	 296.224288 	 296.216765 
3:06:58.094 PM 6/10/2022 	 109.597118 	 297.688456 	 109.647933 	 297.841044 	 296.323700 	 296.265410 	 296.208524 	 296.206644 
3:07:05.301 PM 6/10/2022 	 109.596582 	 297.687076 	 109.647338 	 297.839510 	 296.334633 	 296.279166 	 296.228393 	 296.189840 
3:07:12.518 PM 6/10/2022 	 109.595093 	 297.683243 	 109.646742 	 297.837976 	 296.352228 	 296.247872 	 296.206029 	 296.213082 
3:07:19.710 PM 6/10/2022 	 109.594438 	 297.681556 	 109.646444 	 297.837210 	 296.311013 	 296.249901 	 296.193954 	 296.183610 
3:07:26.909 PM 6/10/2022 	 109.594259 	 297.681096 	 109.645789 	 297.835522 	 296.290951 	 296.215732 	 296.181410 	 296.174827 
3:07:34.095 PM 6/10/2022 	 109.593366 	 297.678796 	 109.645491 	 297.834755 	 296.299821 	 296.234477 	 296.205798 	 296.191693 
3:07:41.284 PM 6/10/2022 	 109.592532 	 297.676650 	 109.644657 	 297.832608 	 296.329584 	 296.252961 	 296.221932 	 296.195133 
3:07:48.504 PM 6/10/2022 	 109.591698 	 297.674503 	 109.644121 	 297.831227 	 296.218899 	 296.134264 	 296.098995 	 296.090530 
3:07:55.725 PM 6/10/2022 	 109.590686 	 297.671896 	 109.642930 	 297.828160 	 296.246290 	 296.195514 	 296.143791 	 296.148024 
3:08:02.916 PM 6/10/2022 	 109.589792 	 297.669596 	 109.642036 	 297.825859 	 296.292355 	 296.229831 	 296.179993 	 296.190337 
3:08:10.106 PM 6/10/2022 	 109.589018 	 297.667603 	 109.642156 	 297.826166 	 296.247670 	 296.174795 	 296.132005 	 296.114136 
3:08:17.319 PM 6/10/2022 	 109.587946 	 297.664843 	 109.640964 	 297.823098 	 296.251953 	 296.178608 	 296.117950 	 296.117950 
3:08:24.516 PM 6/10/2022 	 109.587291 	 297.663156 	 109.640369 	 297.821564 	 296.244561 	 296.162281 	 296.119491 	 296.092686 
3:12:17.753 PM 6/10/2022 	 109.576689 	 297.635863 	 109.624882 	 297.781683 	 296.040483 	 295.962873 	 295.943115 	 295.928532 
3:12:24.973 PM 6/10/2022 	 109.577285 	 297.637396 	 109.625001 	 297.781990 	 296.035019 	 295.955996 	 295.917421 	 295.920714 
3:12:32.140 PM 6/10/2022 	 109.576570 	 297.635556 	 109.624822 	 297.781530 	 296.066370 	 295.981237 	 295.930433 	 295.927140 
3:12:39.356 PM 6/10/2022 	 109.575677 	 297.633257 	 109.624703 	 297.781223 	 296.105113 	 296.036920 	 296.010580 	 295.979535 
3:12:46.564 PM 6/10/2022 	 109.575558 	 297.632950 	 109.624405 	 297.780456 	 295.989671 	 295.887588 	 295.874885 	 295.875355 
3:12:53.758 PM 6/10/2022 	 109.575200 	 297.632030 	 109.624405 	 297.780456 	 295.926818 	 295.848718 	 295.813428 	 295.837426 
3:13:00.956 PM 6/10/2022 	 109.574485 	 297.630190 	 109.624465 	 297.780610 	 295.983450 	 295.920414 	 295.876190 	 295.870544 
3:13:08.159 PM 6/10/2022 	 109.574426 	 297.630037 	 109.624703 	 297.781223 	 295.991130 	 295.930447 	 295.885753 	 295.871168 
3:13:15.365 PM 6/10/2022 	 109.574664 	 297.630650 	 109.625001 	 297.781990 	 296.070615 	 296.026405 	 295.958200 	 295.975605 
3:13:22.570 PM 6/10/2022 	 109.574307 	 297.629730 	 109.624822 	 297.781530 	 296.012112 	 295.946728 	 295.885098 	 295.905799 
3:13:29.786 PM 6/10/2022 	 109.574902 	 297.631263 	 109.625179 	 297.782450 	 296.064687 	 295.977673 	 295.957916 	 295.944744 
3:13:36.965 PM 6/10/2022 	 109.574069 	 297.629117 	 109.625299 	 297.782757 	 296.091577 	 296.010212 	 295.958940 	 295.946709 
3:13:44.145 PM 6/10/2022 	 109.574009 	 297.628963 	 109.624941 	 297.781837 	 295.873693 	 295.792290 	 295.743347 	 295.735347 
3:13:51.369 PM 6/10/2022 	 109.573592 	 297.627890 	 109.624286 	 297.780149 	 295.832744 	 295.733921 	 295.686384 	 295.695798 
3:13:58.549 PM 6/10/2022 	 109.572996 	 297.626357 	 109.623452 	 297.778002 	 295.899413 	 295.830249 	 295.780840 	 295.777075 
3:14:05.772 PM 6/10/2022 	 109.572460 	 297.624977 	 109.623333 	 297.777695 	 296.057767 	 295.982041 	 295.941116 	 295.920887 
3:14:12.965 PM 6/10/2022 	 109.571091 	 297.621450 	 109.623154 	 297.777235 	 296.008690 	 295.930604 	 295.894378 	 295.878382 
