Timestamp                   	PTD1 raw (mA)	PTD1 T0 (K)	PTD1 aT (PSI/K)	PTD1 adj (PSI)	PTD2 raw (mA)	PTD2 T0 (K)	PTD2 aT (PSI/K)	PTD2 adj (PSI)	RTD0 Rraw (Ohm)	RTD1 Rraw (Ohm)	DAQ thermistor T (K)
12:04:41.840 PM 1/18/2024 	 4.016164 	 297.647000 	 44.546000 	 -2936212.539661 	 4.028395 	 297.647000 	 44.546000 	 -2936212.539661 	 108.121876 	 108.251898 	 295.604909
12:04:52.340 PM 1/18/2024 	 4.013505 	 297.647000 	 44.546000 	 -2936232.390709 	 4.014272 	 297.647000 	 44.546000 	 -2936232.390709 	 108.122115 	 108.251720 	 295.606751
12:05:02.839 PM 1/18/2024 	 4.003852 	 297.647000 	 44.546000 	 -2936245.457694 	 4.030786 	 297.647000 	 44.546000 	 -2936245.457694 	 108.122591 	 108.252673 	 295.607964
12:05:12.839 PM 1/18/2024 	 4.004629 	 297.647000 	 44.546000 	 -2936248.975792 	 4.026859 	 297.647000 	 44.546000 	 -2936248.975792 	 108.122889 	 108.252732 	 295.608290
12:05:23.340 PM 1/18/2024 	 4.020658 	 297.647000 	 44.546000 	 -2936241.437043 	 4.021808 	 297.647000 	 44.546000 	 -2936241.437043 	 108.122472 	 108.253506 	 295.607590
12:05:33.839 PM 1/18/2024 	 4.007851 	 297.647000 	 44.546000 	 -2936235.154848 	 4.031058 	 297.647000 	 44.546000 	 -2936235.154848 	 108.123663 	 108.254221 	 295.607008
12:05:43.840 PM 1/18/2024 	 4.003336 	 297.647000 	 44.546000 	 -2936225.103515 	 4.031697 	 297.647000 	 44.546000 	 -2936225.103515 	 108.124318 	 108.254996 	 295.606075
12:05:54.340 PM 1/18/2024 	 4.021648 	 297.647000 	 44.546000 	 -2936202.488827 	 4.031852 	 297.647000 	 44.546000 	 -2936202.488827 	 108.124259 	 108.254936 	 295.603977
12:06:04.340 PM 1/18/2024 	 4.011319 	 297.647000 	 44.546000 	 -2936180.880285 	 4.023545 	 297.647000 	 44.546000 	 -2936180.880285 	 108.124438 	 108.255532 	 295.601972
12:06:14.340 PM 1/18/2024 	 4.010049 	 297.647000 	 44.546000 	 -2936156.257846 	 4.022549 	 297.647000 	 44.546000 	 -2936156.257846 	 108.125212 	 108.255949 	 295.599687
12:06:24.340 PM 1/18/2024 	 4.007772 	 297.647000 	 44.546000 	 -2936129.124453 	 4.027700 	 297.647000 	 44.546000 	 -2936129.124453 	 108.125271 	 108.257200 	 295.597170
12:06:34.340 PM 1/18/2024 	 4.010668 	 297.647000 	 44.546000 	 -2936095.963612 	 4.036783 	 297.647000 	 44.546000 	 -2936095.963612 	 108.125212 	 108.257974 	 295.594093
12:06:44.840 PM 1/18/2024 	 4.009961 	 297.647000 	 44.546000 	 -2936064.814715 	 4.029090 	 297.647000 	 44.546000 	 -2936064.814715 	 108.126463 	 108.258212 	 295.591202
12:06:54.840 PM 1/18/2024 	 4.006179 	 297.647000 	 44.546000 	 -2936031.658551 	 4.019933 	 297.647000 	 44.546000 	 -2936031.658551 	 108.126105 	 108.258450 	 295.588126
12:07:05.340 PM 1/18/2024 	 4.012588 	 297.647000 	 44.546000 	 -2935994.486325 	 4.021507 	 297.647000 	 44.546000 	 -2935994.486325 	 108.126046 	 108.258927 	 295.584677
12:07:15.340 PM 1/18/2024 	 4.010437 	 297.647000 	 44.546000 	 -2935960.330734 	 4.028541 	 297.647000 	 44.546000 	 -2935960.330734 	 108.127177 	 108.259523 	 295.581507
12:07:25.840 PM 1/18/2024 	 4.009649 	 297.647000 	 44.546000 	 -2935926.931050 	 4.033393 	 297.647000 	 44.546000 	 -2935926.931050 	 108.127118 	 108.259999 	 295.578408
12:07:35.840 PM 1/18/2024 	 4.008017 	 297.647000 	 44.546000 	 -2935895.291500 	 4.018675 	 297.647000 	 44.546000 	 -2935895.291500 	 108.128249 	 108.261131 	 295.575472
12:07:45.840 PM 1/18/2024 	 4.020364 	 297.647000 	 44.546000 	 -2935866.667131 	 4.027493 	 297.647000 	 44.546000 	 -2935866.667131 	 108.128011 	 108.262024 	 295.572815
12:07:56.340 PM 1/18/2024 	 4.014512 	 297.647000 	 44.546000 	 -2935835.282826 	 4.032342 	 297.647000 	 44.546000 	 -2935835.282826 	 108.128785 	 108.262918 	 295.569903
12:08:06.340 PM 1/18/2024 	 4.011931 	 297.647000 	 44.546000 	 -2935809.172730 	 4.019230 	 297.647000 	 44.546000 	 -2935809.172730 	 108.129917 	 108.263871 	 295.567480
12:08:16.840 PM 1/18/2024 	 4.012705 	 297.647000 	 44.546000 	 -2935782.813091 	 4.032246 	 297.647000 	 44.546000 	 -2935782.813091 	 108.129917 	 108.264467 	 295.565034
12:08:26.840 PM 1/18/2024 	 4.010332 	 297.647000 	 44.546000 	 -2935759.467254 	 4.033180 	 297.647000 	 44.546000 	 -2935759.467254 	 108.130274 	 108.265539 	 295.562867
12:08:36.840 PM 1/18/2024 	 4.014488 	 297.647000 	 44.546000 	 -2935737.377669 	 4.029528 	 297.647000 	 44.546000 	 -2935737.377669 	 108.129560 	 108.266373 	 295.560817
12:08:47.340 PM 1/18/2024 	 4.000934 	 297.647000 	 44.546000 	 -2935709.767191 	 4.025250 	 297.647000 	 44.546000 	 -2935709.767191 	 108.129917 	 108.268040 	 295.558255
12:08:57.340 PM 1/18/2024 	 4.015087 	 297.647000 	 44.546000 	 -2935694.205658 	 4.022006 	 297.647000 	 44.546000 	 -2935694.205658 	 108.129738 	 108.268577 	 295.556811
12:09:07.840 PM 1/18/2024 	 4.007130 	 297.647000 	 44.546000 	 -2935676.636823 	 4.025425 	 297.647000 	 44.546000 	 -2935676.636823 	 108.129977 	 108.269827 	 295.555180
12:09:17.840 PM 1/18/2024 	 4.009045 	 297.647000 	 44.546000 	 -2935666.095847 	 4.014289 	 297.647000 	 44.546000 	 -2935666.095847 	 108.130036 	 108.271853 	 295.554202
12:09:28.341 PM 1/18/2024 	 4.002942 	 297.647000 	 44.546000 	 -2935652.292555 	 4.023717 	 297.647000 	 44.546000 	 -2935652.292555 	 108.131644 	 108.273342 	 295.552921
12:09:38.841 PM 1/18/2024 	 4.011584 	 297.647000 	 44.546000 	 -2935641.501182 	 4.029507 	 297.647000 	 44.546000 	 -2935641.501182 	 108.132180 	 108.274593 	 295.551919
12:09:48.841 PM 1/18/2024 	 4.005055 	 297.647000 	 44.546000 	 -2935635.227245 	 4.025332 	 297.647000 	 44.546000 	 -2935635.227245 	 108.132419 	 108.275367 	 295.551337
12:09:59.341 PM 1/18/2024 	 4.022013 	 297.647000 	 44.546000 	 -2935627.698634 	 4.029411 	 297.647000 	 44.546000 	 -2935627.698634 	 108.133193 	 108.276737 	 295.550638
12:10:09.341 PM 1/18/2024 	 4.009027 	 297.647000 	 44.546000 	 -2935620.672043 	 4.032447 	 297.647000 	 44.546000 	 -2935620.672043 	 108.134086 	 108.277511 	 295.549986
12:10:19.840 PM 1/18/2024 	 4.007936 	 297.647000 	 44.546000 	 -2935612.641786 	 4.021767 	 297.647000 	 44.546000 	 -2935612.641786 	 108.134622 	 108.278643 	 295.549241
12:10:29.841 PM 1/18/2024 	 4.016242 	 297.647000 	 44.546000 	 -2935607.372006 	 4.031414 	 297.647000 	 44.546000 	 -2935607.372006 	 108.134861 	 108.279239 	 295.548752
12:10:40.341 PM 1/18/2024 	 4.009293 	 297.647000 	 44.546000 	 -2935604.611669 	 4.027668 	 297.647000 	 44.546000 	 -2935604.611669 	 108.135397 	 108.280430 	 295.548496
12:10:50.341 PM 1/18/2024 	 4.012577 	 297.647000 	 44.546000 	 -2935601.600412 	 4.025951 	 297.647000 	 44.546000 	 -2935601.600412 	 108.135575 	 108.281324 	 295.548216
12:11:00.840 PM 1/18/2024 	 4.011356 	 297.647000 	 44.546000 	 -2935599.341982 	 4.021808 	 297.647000 	 44.546000 	 -2935599.341982 	 108.135635 	 108.283051 	 295.548007
12:11:10.841 PM 1/18/2024 	 4.009655 	 297.647000 	 44.546000 	 -2935602.353224 	 4.018348 	 297.647000 	 44.546000 	 -2935602.353224 	 108.135158 	 108.284183 	 295.548286
12:11:21.341 PM 1/18/2024 	 4.000759 	 297.647000 	 44.546000 	 -2935606.368245 	 4.031583 	 297.647000 	 44.546000 	 -2935606.368245 	 108.135813 	 108.284302 	 295.548659
12:11:31.841 PM 1/18/2024 	 4.017623 	 297.647000 	 44.546000 	 -2935611.888956 	 4.026909 	 297.647000 	 44.546000 	 -2935611.888956 	 108.136230 	 108.285195 	 295.549171
12:11:41.841 PM 1/18/2024 	 4.019646 	 297.647000 	 44.546000 	 -2935618.664465 	 4.019014 	 297.647000 	 44.546000 	 -2935618.664465 	 108.137302 	 108.285970 	 295.549800
12:11:52.341 PM 1/18/2024 	 4.014421 	 297.647000 	 44.546000 	 -2935623.432477 	 4.019598 	 297.647000 	 44.546000 	 -2935623.432477 	 108.137898 	 108.286208 	 295.550242
12:12:02.841 PM 1/18/2024 	 4.013455 	 297.647000 	 44.546000 	 -2935624.436275 	 4.018803 	 297.647000 	 44.546000 	 -2935624.436275 	 108.138017 	 108.287637 	 295.550336
12:12:12.841 PM 1/18/2024 	 4.011713 	 297.647000 	 44.546000 	 -2935630.208157 	 4.023303 	 297.647000 	 44.546000 	 -2935630.208157 	 108.137660 	 108.288352 	 295.550871
12:12:23.340 PM 1/18/2024 	 4.022404 	 297.647000 	 44.546000 	 -2935632.215786 	 4.015676 	 297.647000 	 44.546000 	 -2935632.215786 	 108.138077 	 108.289067 	 295.551058
12:12:33.341 PM 1/18/2024 	 4.021055 	 297.647000 	 44.546000 	 -2935636.732982 	 4.023963 	 297.647000 	 44.546000 	 -2935636.732982 	 108.138732 	 108.290377 	 295.551477
12:12:43.341 PM 1/18/2024 	 4.011073 	 297.647000 	 44.546000 	 -2935643.257900 	 4.020176 	 297.647000 	 44.546000 	 -2935643.257900 	 108.138851 	 108.290735 	 295.552082
12:12:53.342 PM 1/18/2024 	 4.017486 	 297.647000 	 44.546000 	 -2935646.520394 	 4.021866 	 297.647000 	 44.546000 	 -2935646.520394 	 108.138732 	 108.291569 	 295.552385
12:13:03.841 PM 1/18/2024 	 4.010697 	 297.647000 	 44.546000 	 -2935650.033875 	 4.037837 	 297.647000 	 44.546000 	 -2935650.033875 	 108.139089 	 108.292462 	 295.552711
12:13:14.341 PM 1/18/2024 	 4.014474 	 297.647000 	 44.546000 	 -2935651.539661 	 4.031060 	 297.647000 	 44.546000 	 -2935651.539661 	 108.138970 	 108.292820 	 295.552851
12:13:24.341 PM 1/18/2024 	 4.012209 	 297.647000 	 44.546000 	 -2935656.558983 	 4.013723 	 297.647000 	 44.546000 	 -2935656.558983 	 108.140161 	 108.294547 	 295.553317
12:13:34.341 PM 1/18/2024 	 4.016105 	 297.647000 	 44.546000 	 -2935657.060918 	 4.019527 	 297.647000 	 44.546000 	 -2935657.060918 	 108.140340 	 108.295262 	 295.553363
12:13:44.841 PM 1/18/2024 	 4.001806 	 297.647000 	 44.546000 	 -2935656.809950 	 4.026757 	 297.647000 	 44.546000 	 -2935656.809950 	 108.141233 	 108.296274 	 295.553340
12:13:54.842 PM 1/18/2024 	 4.003920 	 297.647000 	 44.546000 	 -2935657.813822 	 4.025878 	 297.647000 	 44.546000 	 -2935657.813822 	 108.141174 	 108.297227 	 295.553433
12:14:05.342 PM 1/18/2024 	 4.014485 	 297.647000 	 44.546000 	 -2935658.566727 	 4.024059 	 297.647000 	 44.546000 	 -2935658.566727 	 108.141055 	 108.298002 	 295.553503
12:14:15.841 PM 1/18/2024 	 4.008753 	 297.647000 	 44.546000 	 -2935661.076420 	 4.032079 	 297.647000 	 44.546000 	 -2935661.076420 	 108.141829 	 108.298776 	 295.553736
12:14:26.341 PM 1/18/2024 	 4.013505 	 297.647000 	 44.546000 	 -2935669.609479 	 4.033309 	 297.647000 	 44.546000 	 -2935669.609479 	 108.141650 	 108.299670 	 295.554528
12:14:36.342 PM 1/18/2024 	 4.004862 	 297.647000 	 44.546000 	 -2935675.381932 	 4.028071 	 297.647000 	 44.546000 	 -2935675.381932 	 108.141650 	 108.300563 	 295.555064
12:14:46.842 PM 1/18/2024 	 4.017433 	 297.647000 	 44.546000 	 -2935687.178043 	 4.026182 	 297.647000 	 44.546000 	 -2935687.178043 	 108.142008 	 108.300623 	 295.556158
12:14:57.342 PM 1/18/2024 	 4.009594 	 297.647000 	 44.546000 	 -2935696.966537 	 4.025072 	 297.647000 	 44.546000 	 -2935696.966537 	 108.142663 	 108.301457 	 295.557067
12:15:07.342 PM 1/18/2024 	 4.010171 	 297.647000 	 44.546000 	 -2935702.739337 	 4.024374 	 297.647000 	 44.546000 	 -2935702.739337 	 108.143318 	 108.302171 	 295.557603
12:15:17.842 PM 1/18/2024 	 4.005948 	 297.647000 	 44.546000 	 -2935714.034156 	 4.024970 	 297.647000 	 44.546000 	 -2935714.034156 	 108.144033 	 108.303005 	 295.558651
12:15:28.342 PM 1/18/2024 	 4.013353 	 297.647000 	 44.546000 	 -2935723.321217 	 4.025717 	 297.647000 	 44.546000 	 -2935723.321217 	 108.144271 	 108.304316 	 295.559513
12:15:38.842 PM 1/18/2024 	 4.012451 	 297.647000 	 44.546000 	 -2935734.616546 	 4.025084 	 297.647000 	 44.546000 	 -2935734.616546 	 108.143437 	 108.305686 	 295.560561
12:15:48.842 PM 1/18/2024 	 4.016304 	 297.647000 	 44.546000 	 -2935748.673346 	 4.026091 	 297.647000 	 44.546000 	 -2935748.673346 	 108.144033 	 108.306222 	 295.561866
12:15:59.342 PM 1/18/2024 	 4.007022 	 297.647000 	 44.546000 	 -2935763.734683 	 4.020783 	 297.647000 	 44.546000 	 -2935763.734683 	 108.144211 	 108.307294 	 295.563263
12:16:09.342 PM 1/18/2024 	 4.010948 	 297.647000 	 44.546000 	 -2935781.808944 	 4.023215 	 297.647000 	 44.546000 	 -2935781.808944 	 108.143675 	 108.309021 	 295.564941
