Timestamp                   	PTD1 raw (mA)	PTD1 T0 (K)	PTD1 aT (PSI/K)	PTD1 adj (PSI)	PTD2 raw (mA)	PTD2 T0 (K)	PTD2 aT (PSI/K)	PTD2 adj (PSI)	RTD0 Rraw (Ohm)	RTD1 Rraw (Ohm)	DAQ thermistor T (K)
4:57:46.098 PM 7/20/2023 	 4.011786 	 297.647000 	 44.546000 	 -48.874631 	 4.015916 	 297.647000 	 44.546000 	 -48.874631 	 109.254648 	 108.824322 	 300.354665
4:57:56.099 PM 7/20/2023 	 4.004477 	 297.647000 	 44.546000 	 -48.847365 	 4.021043 	 297.647000 	 44.546000 	 -48.847365 	 109.256673 	 108.824977 	 300.359006
4:58:06.599 PM 7/20/2023 	 4.018522 	 297.647000 	 44.546000 	 -47.830695 	 4.020395 	 297.647000 	 44.546000 	 -47.830695 	 109.256197 	 108.825573 	 300.363477
4:58:17.098 PM 7/20/2023 	 4.016537 	 297.647000 	 44.546000 	 -49.385322 	 4.019376 	 297.647000 	 44.546000 	 -49.385322 	 109.256911 	 108.826347 	 300.366612
4:58:27.099 PM 7/20/2023 	 4.015548 	 297.647000 	 44.546000 	 -49.194434 	 4.016342 	 297.647000 	 44.546000 	 -49.194434 	 109.256733 	 108.826526 	 300.369001
4:58:37.599 PM 7/20/2023 	 4.006284 	 297.647000 	 44.546000 	 -47.724434 	 4.022704 	 297.647000 	 44.546000 	 -47.724434 	 109.254886 	 108.826943 	 300.370980
4:58:47.599 PM 7/20/2023 	 4.017273 	 297.647000 	 44.546000 	 -48.483002 	 4.010482 	 297.647000 	 44.546000 	 -48.483002 	 109.254172 	 108.827658 	 300.372265
4:58:58.099 PM 7/20/2023 	 4.028016 	 297.647000 	 44.546000 	 -47.770667 	 4.015253 	 297.647000 	 44.546000 	 -47.770667 	 109.252683 	 108.828015 	 300.373216
4:59:08.599 PM 7/20/2023 	 4.015504 	 297.647000 	 44.546000 	 -47.543922 	 4.029332 	 297.647000 	 44.546000 	 -47.543922 	 109.253159 	 108.828849 	 300.373139
4:59:19.099 PM 7/20/2023 	 4.016744 	 297.647000 	 44.546000 	 -47.611314 	 4.018450 	 297.647000 	 44.546000 	 -47.611314 	 109.255422 	 108.829504 	 300.373036
4:59:29.599 PM 7/20/2023 	 4.002773 	 297.647000 	 44.546000 	 -47.806393 	 4.007291 	 297.647000 	 44.546000 	 -47.806393 	 109.258222 	 108.830457 	 300.372419
4:59:40.098 PM 7/20/2023 	 4.015215 	 297.647000 	 44.546000 	 -48.865293 	 4.021227 	 297.647000 	 44.546000 	 -48.865293 	 109.260842 	 108.830696 	 300.371674
4:59:50.098 PM 7/20/2023 	 4.013297 	 297.647000 	 44.546000 	 -47.920664 	 4.017942 	 297.647000 	 44.546000 	 -47.920664 	 109.261974 	 108.832185 	 300.370338
5:00:00.098 PM 7/20/2023 	 4.010014 	 297.647000 	 44.546000 	 -48.104035 	 4.016695 	 297.647000 	 44.546000 	 -48.104035 	 109.262808 	 108.832602 	 300.369515
5:00:10.099 PM 7/20/2023 	 4.008143 	 297.647000 	 44.546000 	 -48.094073 	 4.014246 	 297.647000 	 44.546000 	 -48.094073 	 109.263999 	 108.833078 	 300.367871
5:00:20.599 PM 7/20/2023 	 4.013855 	 297.647000 	 44.546000 	 -47.654031 	 4.020707 	 297.647000 	 44.546000 	 -47.654031 	 109.264416 	 108.833853 	 300.366483
5:00:31.099 PM 7/20/2023 	 4.012886 	 297.647000 	 44.546000 	 -47.982362 	 4.015308 	 297.647000 	 44.546000 	 -47.982362 	 109.265429 	 108.834269 	 300.364762
5:00:41.099 PM 7/20/2023 	 4.010589 	 297.647000 	 44.546000 	 -47.688621 	 4.014832 	 297.647000 	 44.546000 	 -47.688621 	 109.266739 	 108.835223 	 300.362912
5:00:51.599 PM 7/20/2023 	 4.016374 	 297.647000 	 44.546000 	 -48.890173 	 4.013527 	 297.647000 	 44.546000 	 -48.890173 	 109.268704 	 108.835163 	 300.361319
5:01:02.099 PM 7/20/2023 	 4.004585 	 297.647000 	 44.546000 	 -47.682686 	 4.022398 	 297.647000 	 44.546000 	 -47.682686 	 109.265309 	 108.836056 	 300.359777
5:01:12.598 PM 7/20/2023 	 4.006587 	 297.647000 	 44.546000 	 -47.556358 	 4.013104 	 297.647000 	 44.546000 	 -47.556358 	 109.262510 	 108.836235 	 300.357927
5:01:22.599 PM 7/20/2023 	 4.012833 	 297.647000 	 44.546000 	 -47.228819 	 4.012170 	 297.647000 	 44.546000 	 -47.228819 	 109.260962 	 108.836950 	 300.355898
5:01:32.599 PM 7/20/2023 	 4.014590 	 297.647000 	 44.546000 	 -47.916734 	 4.020176 	 297.647000 	 44.546000 	 -47.916734 	 109.259294 	 108.837665 	 300.355024
5:01:43.099 PM 7/20/2023 	 4.008487 	 297.647000 	 44.546000 	 -47.911159 	 4.022856 	 297.647000 	 44.546000 	 -47.911159 	 109.259711 	 108.837426 	 300.352815
5:01:53.099 PM 7/20/2023 	 4.002936 	 297.647000 	 44.546000 	 -48.009456 	 4.019335 	 297.647000 	 44.546000 	 -48.009456 	 109.260068 	 108.838260 	 300.351557
5:02:03.598 PM 7/20/2023 	 4.015913 	 297.647000 	 44.546000 	 -47.755240 	 4.020047 	 297.647000 	 44.546000 	 -47.755240 	 109.261557 	 108.838677 	 300.349758
5:02:13.599 PM 7/20/2023 	 4.005452 	 297.647000 	 44.546000 	 -48.376535 	 4.011694 	 297.647000 	 44.546000 	 -48.376535 	 109.262272 	 108.839333 	 300.348038
5:02:24.098 PM 7/20/2023 	 4.014649 	 297.647000 	 44.546000 	 -46.830573 	 4.010502 	 297.647000 	 44.546000 	 -46.830573 	 109.262748 	 108.839988 	 300.346111
5:02:34.099 PM 7/20/2023 	 4.005201 	 297.647000 	 44.546000 	 -47.024079 	 4.025840 	 297.647000 	 44.546000 	 -47.024079 	 109.263106 	 108.839511 	 300.344596
5:02:44.099 PM 7/20/2023 	 4.018980 	 297.647000 	 44.546000 	 -47.972123 	 4.026704 	 297.647000 	 44.546000 	 -47.972123 	 109.262927 	 108.839750 	 300.343055
5:02:54.099 PM 7/20/2023 	 4.005963 	 297.647000 	 44.546000 	 -48.131640 	 4.022690 	 297.647000 	 44.546000 	 -48.131640 	 109.263761 	 108.840226 	 300.340898
5:03:04.099 PM 7/20/2023 	 4.024651 	 297.647000 	 44.546000 	 -47.961112 	 4.020199 	 297.647000 	 44.546000 	 -47.961112 	 109.264476 	 108.841000 	 300.339100
5:03:14.599 PM 7/20/2023 	 4.014941 	 297.647000 	 44.546000 	 -47.405829 	 4.015851 	 297.647000 	 44.546000 	 -47.405829 	 109.264595 	 108.841417 	 300.337482
5:03:25.099 PM 7/20/2023 	 4.008233 	 297.647000 	 44.546000 	 -47.617748 	 4.007478 	 297.647000 	 44.546000 	 -47.617748 	 109.263880 	 108.842251 	 300.335556
5:03:35.599 PM 7/20/2023 	 4.012609 	 297.647000 	 44.546000 	 -48.235558 	 4.027361 	 297.647000 	 44.546000 	 -48.235558 	 109.264059 	 108.842311 	 300.333913
5:03:45.599 PM 7/20/2023 	 4.011006 	 297.647000 	 44.546000 	 -47.280337 	 4.019119 	 297.647000 	 44.546000 	 -47.280337 	 109.263344 	 108.842430 	 300.332347
5:03:56.099 PM 7/20/2023 	 4.008368 	 297.647000 	 44.546000 	 -47.694611 	 4.028158 	 297.647000 	 44.546000 	 -47.694611 	 109.263106 	 108.842847 	 300.330575
5:04:06.599 PM 7/20/2023 	 4.007565 	 297.647000 	 44.546000 	 -47.965642 	 4.016149 	 297.647000 	 44.546000 	 -47.965642 	 109.262510 	 108.843383 	 300.328264
5:04:17.099 PM 7/20/2023 	 4.017754 	 297.647000 	 44.546000 	 -47.775108 	 4.017408 	 297.647000 	 44.546000 	 -47.775108 	 109.261438 	 108.843919 	 300.325979
5:04:27.099 PM 7/20/2023 	 4.014932 	 297.647000 	 44.546000 	 -47.230374 	 4.023408 	 297.647000 	 44.546000 	 -47.230374 	 109.260962 	 108.844932 	 300.324593
5:04:37.599 PM 7/20/2023 	 4.015443 	 297.647000 	 44.546000 	 -47.584361 	 4.022053 	 297.647000 	 44.546000 	 -47.584361 	 109.259294 	 108.844932 	 300.323233
5:04:48.099 PM 7/20/2023 	 4.000172 	 297.647000 	 44.546000 	 -48.000715 	 4.019697 	 297.647000 	 44.546000 	 -48.000715 	 109.258817 	 108.845587 	 300.320948
5:04:58.099 PM 7/20/2023 	 4.006961 	 297.647000 	 44.546000 	 -47.522414 	 4.017060 	 297.647000 	 44.546000 	 -47.522414 	 109.258937 	 108.845706 	 300.319947
5:05:08.599 PM 7/20/2023 	 4.008861 	 297.647000 	 44.546000 	 -48.095823 	 4.008558 	 297.647000 	 44.546000 	 -48.095823 	 109.258281 	 108.845646 	 300.317893
5:05:19.099 PM 7/20/2023 	 4.008671 	 297.647000 	 44.546000 	 -47.204725 	 4.020844 	 297.647000 	 44.546000 	 -47.204725 	 109.258758 	 108.846302 	 300.316764
5:05:29.599 PM 7/20/2023 	 4.003181 	 297.647000 	 44.546000 	 -46.588945 	 4.017887 	 297.647000 	 44.546000 	 -46.588945 	 109.258222 	 108.846600 	 300.315096
5:05:40.099 PM 7/20/2023 	 4.011797 	 297.647000 	 44.546000 	 -47.372954 	 4.022672 	 297.647000 	 44.546000 	 -47.372954 	 109.257745 	 108.846540 	 300.313479
5:05:50.599 PM 7/20/2023 	 4.017413 	 297.647000 	 44.546000 	 -48.085000 	 4.019122 	 297.647000 	 44.546000 	 -48.085000 	 109.256137 	 108.846302 	 300.312067
5:06:00.599 PM 7/20/2023 	 4.004938 	 297.647000 	 44.546000 	 -46.457795 	 4.014488 	 297.647000 	 44.546000 	 -46.457795 	 109.254231 	 108.846540 	 300.310553
5:06:10.599 PM 7/20/2023 	 4.014144 	 297.647000 	 44.546000 	 -47.788419 	 4.020231 	 297.647000 	 44.546000 	 -47.788419 	 109.251194 	 108.846540 	 300.309347
5:06:21.099 PM 7/20/2023 	 4.010303 	 297.647000 	 44.546000 	 -48.296944 	 4.027574 	 297.647000 	 44.546000 	 -48.296944 	 109.249466 	 108.846421 	 300.307807
5:06:31.099 PM 7/20/2023 	 4.003963 	 297.647000 	 44.546000 	 -48.303197 	 4.016371 	 297.647000 	 44.546000 	 -48.303197 	 109.248633 	 108.845706 	 300.306267
5:06:41.099 PM 7/20/2023 	 4.010323 	 297.647000 	 44.546000 	 -47.392081 	 4.027490 	 297.647000 	 44.546000 	 -47.392081 	 109.247561 	 108.846123 	 300.304651
5:06:51.599 PM 7/20/2023 	 4.012801 	 297.647000 	 44.546000 	 -47.928419 	 4.018722 	 297.647000 	 44.546000 	 -47.928419 	 109.246488 	 108.846242 	 300.302957
5:07:02.099 PM 7/20/2023 	 4.014415 	 297.647000 	 44.546000 	 -47.341792 	 4.003880 	 297.647000 	 44.546000 	 -47.341792 	 109.246072 	 108.845706 	 300.301571
5:07:12.600 PM 7/20/2023 	 4.017848 	 297.647000 	 44.546000 	 -47.801315 	 4.013349 	 297.647000 	 44.546000 	 -47.801315 	 109.244463 	 108.845349 	 300.299724
5:07:23.099 PM 7/20/2023 	 4.020279 	 297.647000 	 44.546000 	 -47.253090 	 4.014926 	 297.647000 	 44.546000 	 -47.253090 	 109.243272 	 108.845587 	 300.298416
5:07:33.099 PM 7/20/2023 	 4.011593 	 297.647000 	 44.546000 	 -47.973382 	 4.025201 	 297.647000 	 44.546000 	 -47.973382 	 109.242736 	 108.844038 	 300.297287
5:07:43.599 PM 7/20/2023 	 4.010974 	 297.647000 	 44.546000 	 -47.545890 	 4.010018 	 297.647000 	 44.546000 	 -47.545890 	 109.242319 	 108.843621 	 300.295619
5:07:54.100 PM 7/20/2023 	 4.011610 	 297.647000 	 44.546000 	 -47.138180 	 4.032760 	 297.647000 	 44.546000 	 -47.138180 	 109.241069 	 108.843562 	 300.293977
5:08:04.599 PM 7/20/2023 	 4.019619 	 297.647000 	 44.546000 	 -47.266745 	 4.028514 	 297.647000 	 44.546000 	 -47.266745 	 109.240294 	 108.843621 	 300.292977
5:08:15.099 PM 7/20/2023 	 3.999933 	 297.647000 	 44.546000 	 -47.274123 	 4.018634 	 297.647000 	 44.546000 	 -47.274123 	 109.238924 	 108.843085 	 300.291412
5:08:25.599 PM 7/20/2023 	 4.012480 	 297.647000 	 44.546000 	 -47.926799 	 4.025218 	 297.647000 	 44.546000 	 -47.926799 	 109.238150 	 108.843085 	 300.289924
5:08:35.599 PM 7/20/2023 	 4.011546 	 297.647000 	 44.546000 	 -48.070542 	 4.017279 	 297.647000 	 44.546000 	 -48.070542 	 109.237376 	 108.842787 	 300.289052
5:08:45.600 PM 7/20/2023 	 4.004533 	 297.647000 	 44.546000 	 -47.396505 	 4.021822 	 297.647000 	 44.546000 	 -47.396505 	 109.236304 	 108.842847 	 300.287282
5:08:56.099 PM 7/20/2023 	 4.009395 	 297.647000 	 44.546000 	 -48.009621 	 4.022217 	 297.647000 	 44.546000 	 -48.009621 	 109.235827 	 108.842132 	 300.285743
5:09:06.099 PM 7/20/2023 	 4.010495 	 297.647000 	 44.546000 	 -47.699622 	 4.022687 	 297.647000 	 44.546000 	 -47.699622 	 109.235827 	 108.842251 	 300.284255
5:09:16.599 PM 7/20/2023 	 4.007375 	 297.647000 	 44.546000 	 -46.977985 	 4.025490 	 297.647000 	 44.546000 	 -46.977985 	 109.234696 	 108.842013 	 300.282614
5:09:26.599 PM 7/20/2023 	 4.014780 	 297.647000 	 44.546000 	 -47.900396 	 4.018558 	 297.647000 	 44.546000 	 -47.900396 	 109.234219 	 108.840941 	 300.281177
5:09:36.599 PM 7/20/2023 	 4.010808 	 297.647000 	 44.546000 	 -47.869348 	 4.017723 	 297.647000 	 44.546000 	 -47.869348 	 109.234517 	 108.841239 	 300.279536
5:09:46.599 PM 7/20/2023 	 4.008137 	 297.647000 	 44.546000 	 -46.865068 	 4.029551 	 297.647000 	 44.546000 	 -46.865068 	 109.234815 	 108.840822 	 300.277664
5:09:56.600 PM 7/20/2023 	 4.003473 	 297.647000 	 44.546000 	 -47.704673 	 4.012228 	 297.647000 	 44.546000 	 -47.704673 	 109.235291 	 108.841179 	 300.275741
5:10:07.100 PM 7/20/2023 	 4.014118 	 297.647000 	 44.546000 	 -47.225863 	 4.014856 	 297.647000 	 44.546000 	 -47.225863 	 109.236185 	 108.841000 	 300.273817
5:10:17.599 PM 7/20/2023 	 4.014357 	 297.647000 	 44.546000 	 -47.689010 	 4.024666 	 297.647000 	 44.546000 	 -47.689010 	 109.237078 	 108.840583 	 300.272356
5:10:28.099 PM 7/20/2023 	 4.006275 	 297.647000 	 44.546000 	 -47.484545 	 4.019755 	 297.647000 	 44.546000 	 -47.484545 	 109.237733 	 108.840703 	 300.270381
5:10:38.100 PM 7/20/2023 	 4.001894 	 297.647000 	 44.546000 	 -48.194229 	 4.024424 	 297.647000 	 44.546000 	 -48.194229 	 109.238865 	 108.840762 	 300.269022
5:10:48.600 PM 7/20/2023 	 4.000610 	 297.647000 	 44.546000 	 -47.547061 	 4.017002 	 297.647000 	 44.546000 	 -47.547061 	 109.239818 	 108.841000 	 300.267586
5:10:59.099 PM 7/20/2023 	 4.012795 	 297.647000 	 44.546000 	 -46.657074 	 4.016879 	 297.647000 	 44.546000 	 -46.657074 	 109.239460 	 108.841060 	 300.266433
5:11:09.100 PM 7/20/2023 	 4.013292 	 297.647000 	 44.546000 	 -46.985441 	 4.029522 	 297.647000 	 44.546000 	 -46.985441 	 109.239699 	 108.840941 	 300.265176
5:11:19.600 PM 7/20/2023 	 4.009760 	 297.647000 	 44.546000 	 -47.130065 	 4.018237 	 297.647000 	 44.546000 	 -47.130065 	 109.240354 	 108.840166 	 300.263818
5:11:30.099 PM 7/20/2023 	 4.019240 	 297.647000 	 44.546000 	 -46.720247 	 4.016380 	 297.647000 	 44.546000 	 -46.720247 	 109.240830 	 108.840583 	 300.262690
5:11:40.599 PM 7/20/2023 	 4.010417 	 297.647000 	 44.546000 	 -46.226731 	 4.014561 	 297.647000 	 44.546000 	 -46.226731 	 109.241366 	 108.840405 	 300.261562
5:11:50.600 PM 7/20/2023 	 4.005385 	 297.647000 	 44.546000 	 -47.462075 	 4.017034 	 297.647000 	 44.546000 	 -47.462075 	 109.242379 	 108.841179 	 300.260613
5:12:01.100 PM 7/20/2023 	 4.012034 	 297.647000 	 44.546000 	 -46.925295 	 4.012885 	 297.647000 	 44.546000 	 -46.925295 	 109.242677 	 108.840583 	 300.259049
5:12:11.599 PM 7/20/2023 	 4.009135 	 297.647000 	 44.546000 	 -47.228132 	 4.019986 	 297.647000 	 44.546000 	 -47.228132 	 109.242915 	 108.841358 	 300.257896
5:12:22.099 PM 7/20/2023 	 4.009728 	 297.647000 	 44.546000 	 -46.640550 	 4.018622 	 297.647000 	 44.546000 	 -46.640550 	 109.242498 	 108.840643 	 300.256999
5:12:32.100 PM 7/20/2023 	 4.007460 	 297.647000 	 44.546000 	 -48.371046 	 4.013513 	 297.647000 	 44.546000 	 -48.371046 	 109.242438 	 108.841417 	 300.255743
5:12:42.600 PM 7/20/2023 	 4.008409 	 297.647000 	 44.546000 	 -47.110310 	 4.019697 	 297.647000 	 44.546000 	 -47.110310 	 109.244463 	 108.840822 	 300.254922
5:12:53.099 PM 7/20/2023 	 4.006859 	 297.647000 	 44.546000 	 -46.949547 	 4.019621 	 297.647000 	 44.546000 	 -46.949547 	 109.245119 	 108.840881 	 300.254307
5:13:03.100 PM 7/20/2023 	 4.008563 	 297.647000 	 44.546000 	 -47.737154 	 4.022564 	 297.647000 	 44.546000 	 -47.737154 	 109.246310 	 108.841239 	 300.253077
5:13:13.600 PM 7/20/2023 	 4.007136 	 297.647000 	 44.546000 	 -47.906385 	 4.020538 	 297.647000 	 44.546000 	 -47.906385 	 109.247441 	 108.841417 	 300.252103
5:13:24.100 PM 7/20/2023 	 4.006526 	 297.647000 	 44.546000 	 -47.509666 	 4.017247 	 297.647000 	 44.546000 	 -47.509666 	 109.249883 	 108.841596 	 300.251616
5:13:34.599 PM 7/20/2023 	 4.012819 	 297.647000 	 44.546000 	 -47.742826 	 4.014476 	 297.647000 	 44.546000 	 -47.742826 	 109.251015 	 108.841715 	 300.250616
5:13:44.600 PM 7/20/2023 	 3.996979 	 297.647000 	 44.546000 	 -46.767051 	 4.017349 	 297.647000 	 44.546000 	 -46.767051 	 109.252504 	 108.841060 	 300.249976
5:13:55.100 PM 7/20/2023 	 4.011199 	 297.647000 	 44.546000 	 -47.626865 	 4.015446 	 297.647000 	 44.546000 	 -47.626865 	 109.254291 	 108.841060 	 300.249002
5:14:05.600 PM 7/20/2023 	 4.012340 	 297.647000 	 44.546000 	 -48.065854 	 4.015545 	 297.647000 	 44.546000 	 -48.065854 	 109.255422 	 108.840703 	 300.248079
5:14:16.099 PM 7/20/2023 	 4.006488 	 297.647000 	 44.546000 	 -48.897897 	 4.029671 	 297.647000 	 44.546000 	 -48.897897 	 109.255244 	 108.841179 	 300.247259
5:14:26.100 PM 7/20/2023 	 4.019497 	 297.647000 	 44.546000 	 -47.828916 	 4.011667 	 297.647000 	 44.546000 	 -47.828916 	 109.256018 	 108.840583 	 300.246362
5:14:36.600 PM 7/20/2023 	 4.011254 	 297.647000 	 44.546000 	 -46.874962 	 4.011778 	 297.647000 	 44.546000 	 -46.874962 	 109.256911 	 108.840345 	 300.245234
5:14:47.100 PM 7/20/2023 	 4.012454 	 297.647000 	 44.546000 	 -47.929117 	 4.019565 	 297.647000 	 44.546000 	 -47.929117 	 109.257567 	 108.839750 	 300.244594
5:14:57.100 PM 7/20/2023 	 4.006258 	 297.647000 	 44.546000 	 -47.143969 	 4.019927 	 297.647000 	 44.546000 	 -47.143969 	 109.257209 	 108.839333 	 300.243902
5:15:07.600 PM 7/20/2023 	 4.011613 	 297.647000 	 44.546000 	 -47.714251 	 4.011574 	 297.647000 	 44.546000 	 -47.714251 	 109.257209 	 108.839154 	 300.242851
5:15:18.100 PM 7/20/2023 	 4.022573 	 297.647000 	 44.546000 	 -47.683635 	 4.015285 	 297.647000 	 44.546000 	 -47.683635 	 109.257388 	 108.838201 	 300.242134
5:15:28.599 PM 7/20/2023 	 4.005980 	 297.647000 	 44.546000 	 -47.992456 	 4.016231 	 297.647000 	 44.546000 	 -47.992456 	 109.257269 	 108.837724 	 300.241314
5:15:38.600 PM 7/20/2023 	 4.015189 	 297.647000 	 44.546000 	 -47.628395 	 4.012292 	 297.647000 	 44.546000 	 -47.628395 	 109.256495 	 108.837307 	 300.241032
5:15:49.100 PM 7/20/2023 	 3.999162 	 297.647000 	 44.546000 	 -47.805904 	 4.013209 	 297.647000 	 44.546000 	 -47.805904 	 109.256078 	 108.837784 	 300.240340
5:15:59.600 PM 7/20/2023 	 4.008727 	 297.647000 	 44.546000 	 -47.149764 	 4.018541 	 297.647000 	 44.546000 	 -47.149764 	 109.255184 	 108.837248 	 300.239571
5:16:10.099 PM 7/20/2023 	 4.009812 	 297.647000 	 44.546000 	 -48.203929 	 4.018240 	 297.647000 	 44.546000 	 -48.203929 	 109.254529 	 108.836950 	 300.238931
5:16:20.100 PM 7/20/2023 	 4.001678 	 297.647000 	 44.546000 	 -47.198008 	 4.014196 	 297.647000 	 44.546000 	 -47.198008 	 109.253636 	 108.836593 	 300.238495
5:16:30.600 PM 7/20/2023 	 4.010831 	 297.647000 	 44.546000 	 -47.403582 	 4.025732 	 297.647000 	 44.546000 	 -47.403582 	 109.251908 	 108.836176 	 300.238111
5:16:41.100 PM 7/20/2023 	 4.012579 	 297.647000 	 44.546000 	 -47.540633 	 4.015084 	 297.647000 	 44.546000 	 -47.540633 	 109.251194 	 108.835401 	 300.237855
5:16:51.100 PM 7/20/2023 	 4.006033 	 297.647000 	 44.546000 	 -47.027541 	 4.011577 	 297.647000 	 44.546000 	 -47.027541 	 109.250717 	 108.834627 	 300.237163
5:17:01.600 PM 7/20/2023 	 4.012185 	 297.647000 	 44.546000 	 -46.319234 	 4.008905 	 297.647000 	 44.546000 	 -46.319234 	 109.250003 	 108.834269 	 300.236625
5:17:12.101 PM 7/20/2023 	 4.006193 	 297.647000 	 44.546000 	 -46.423612 	 4.021419 	 297.647000 	 44.546000 	 -46.423612 	 109.249466 	 108.834389 	 300.236163
5:17:22.601 PM 7/20/2023 	 4.007866 	 297.647000 	 44.546000 	 -47.618740 	 4.022006 	 297.647000 	 44.546000 	 -47.618740 	 109.249050 	 108.833972 	 300.236112
5:17:32.601 PM 7/20/2023 	 4.014208 	 297.647000 	 44.546000 	 -48.235982 	 4.013346 	 297.647000 	 44.546000 	 -48.235982 	 109.247561 	 108.832959 	 300.235882
5:17:43.101 PM 7/20/2023 	 4.002755 	 297.647000 	 44.546000 	 -47.349878 	 4.012859 	 297.647000 	 44.546000 	 -47.349878 	 109.246608 	 108.833257 	 300.235574
5:17:53.601 PM 7/20/2023 	 3.998397 	 297.647000 	 44.546000 	 -47.265917 	 4.008467 	 297.647000 	 44.546000 	 -47.265917 	 109.245774 	 108.832244 	 300.235113
5:18:04.101 PM 7/20/2023 	 4.013405 	 297.647000 	 44.546000 	 -47.587866 	 4.020503 	 297.647000 	 44.546000 	 -47.587866 	 109.244583 	 108.832363 	 300.234934
