Timestamp	PTD1 raw (mA)	PTD1 T0 (K)	PTD1 aT (PSI/K)	PTD1 adj (PSI)	PTD2 raw (mA)	PTD2 T0 (K)	PTD2 aT (PSI/K)	PTD2 adj (PSI)	RTD0 Rraw (Ohm)	RTD1 Rraw (Ohm)	DAQ thermistor T (K)
1:40:48.278 PM 2024-08-05 	 12.458931 	 297.647000 	 44.546000 	 -2957593.089962 	 11.883511 	 297.647000 	 44.546000 	 -2957593.089962 	 109.822196 	 109.840211 	 297.585777
1:40:53.412 PM 2024-08-05 	 12.201571 	 297.647000 	 44.546000 	 -2957588.078941 	 11.969714 	 297.647000 	 44.546000 	 -2957588.078941 	 109.821243 	 109.840866 	 297.585317
1:41:27.448 PM 2024-08-05 	 12.485614 	 297.647000 	 44.546000 	 -2957490.330936 	 11.945413 	 297.647000 	 44.546000 	 -2957490.330936 	 109.816478 	 109.839675 	 297.583379
1:41:32.566 PM 2024-08-05 	 12.374937 	 297.647000 	 44.546000 	 -2957483.210613 	 11.282899 	 297.647000 	 44.546000 	 -2957483.210613 	 109.816656 	 109.839138 	 297.582724
1:41:37.654 PM 2024-08-05 	 12.244803 	 297.647000 	 44.546000 	 -2957473.189615 	 11.951080 	 297.647000 	 44.546000 	 -2957473.189615 	 109.815406 	 109.838483 	 297.581804
1:41:42.753 PM 2024-08-05 	 12.467655 	 297.647000 	 44.546000 	 -2957462.641449 	 11.747006 	 297.647000 	 44.546000 	 -2957462.641449 	 109.814572 	 109.837292 	 297.580835
1:41:47.868 PM 2024-08-05 	 12.182752 	 297.647000 	 44.546000 	 -2957441.809577 	 11.896863 	 297.647000 	 44.546000 	 -2957441.809577 	 109.811951 	 109.836518 	 297.578921
1:41:52.985 PM 2024-08-05 	 13.111680 	 297.647000 	 44.546000 	 -2957427.570649 	 11.406764 	 297.647000 	 44.546000 	 -2957427.570649 	 109.808080 	 109.835981 	 297.577613
1:41:58.096 PM 2024-08-05 	 12.171596 	 297.647000 	 44.546000 	 -2957411.750168 	 11.668371 	 297.647000 	 44.546000 	 -2957411.750168 	 109.807127 	 109.835803 	 297.576160
1:42:03.227 PM 2024-08-05 	 12.364800 	 297.647000 	 44.546000 	 -2957398.830540 	 11.961988 	 297.647000 	 44.546000 	 -2957398.830540 	 109.806233 	 109.835505 	 297.574973
1:42:08.297 PM 2024-08-05 	 12.376536 	 297.647000 	 44.546000 	 -2957379.583647 	 11.766796 	 297.647000 	 44.546000 	 -2957379.583647 	 109.803672 	 109.835862 	 297.573205
1:42:13.392 PM 2024-08-05 	 12.186447 	 297.647000 	 44.546000 	 -2957351.901267 	 11.908551 	 297.647000 	 44.546000 	 -2957351.901267 	 109.801469 	 109.835505 	 297.570662
1:42:18.481 PM 2024-08-05 	 12.550433 	 297.647000 	 44.546000 	 -2957326.329598 	 12.512722 	 297.647000 	 44.546000 	 -2957326.329598 	 109.800813 	 109.835028 	 297.568313
1:42:23.589 PM 2024-08-05 	 12.801567 	 297.647000 	 44.546000 	 -2957293.115053 	 11.346967 	 297.647000 	 44.546000 	 -2957293.115053 	 109.799503 	 109.835326 	 297.565262
1:42:28.671 PM 2024-08-05 	 12.812465 	 297.647000 	 44.546000 	 -2957267.546868 	 11.702243 	 297.647000 	 44.546000 	 -2957267.546868 	 109.799444 	 109.835445 	 297.562913
1:42:33.745 PM 2024-08-05 	 13.378190 	 297.647000 	 44.546000 	 -2957238.553851 	 11.518646 	 297.647000 	 44.546000 	 -2957238.553851 	 109.797835 	 109.834850 	 297.560249
1:42:38.826 PM 2024-08-05 	 12.992182 	 297.647000 	 44.546000 	 -2957204.818973 	 11.893967 	 297.647000 	 44.546000 	 -2957204.818973 	 109.794977 	 109.833241 	 297.557150
1:42:43.921 PM 2024-08-05 	 12.041941 	 297.647000 	 44.546000 	 -2957168.187991 	 12.154286 	 297.647000 	 44.546000 	 -2957168.187991 	 109.792773 	 109.832408 	 297.553785
1:42:49.041 PM 2024-08-05 	 12.126099 	 297.647000 	 44.546000 	 -2957136.039618 	 11.740513 	 297.647000 	 44.546000 	 -2957136.039618 	 109.790212 	 109.831812 	 297.550831
1:42:54.133 PM 2024-08-05 	 12.960683 	 297.647000 	 44.546000 	 -2957096.779689 	 11.747149 	 297.647000 	 44.546000 	 -2957096.779689 	 109.788127 	 109.831574 	 297.547224
1:42:59.210 PM 2024-08-05 	 12.377566 	 297.647000 	 44.546000 	 -2957050.146694 	 11.808531 	 297.647000 	 44.546000 	 -2957050.146694 	 109.785566 	 109.830978 	 297.542940
1:43:04.290 PM 2024-08-05 	 12.530060 	 297.647000 	 44.546000 	 -2957012.738553 	 11.842115 	 297.647000 	 44.546000 	 -2957012.738553 	 109.784256 	 109.830382 	 297.539503
1:43:09.368 PM 2024-08-05 	 12.243773 	 297.647000 	 44.546000 	 -2956962.953870 	 11.607559 	 297.647000 	 44.546000 	 -2956962.953870 	 109.784375 	 109.828953 	 297.534928
1:43:14.563 PM 2024-08-05 	 12.340467 	 297.647000 	 44.546000 	 -2956918.442268 	 11.419246 	 297.647000 	 44.546000 	 -2956918.442268 	 109.783839 	 109.826868 	 297.530839
1:43:19.639 PM 2024-08-05 	 12.285618 	 297.647000 	 44.546000 	 -2956876.041990 	 11.694740 	 297.647000 	 44.546000 	 -2956876.041990 	 109.783660 	 109.825260 	 297.526943
1:43:24.745 PM 2024-08-05 	 12.110061 	 297.647000 	 44.546000 	 -2956824.956500 	 11.989551 	 297.647000 	 44.546000 	 -2956824.956500 	 109.783124 	 109.823532 	 297.522249
1:43:29.828 PM 2024-08-05 	 12.481326 	 297.647000 	 44.546000 	 -2956781.512254 	 11.479936 	 297.647000 	 44.546000 	 -2956781.512254 	 109.781576 	 109.821984 	 297.518257
1:43:34.922 PM 2024-08-05 	 11.488374 	 297.647000 	 44.546000 	 -2956736.229568 	 11.458035 	 297.647000 	 44.546000 	 -2956736.229568 	 109.780206 	 109.821269 	 297.514096
1:43:40.024 PM 2024-08-05 	 11.882784 	 297.647000 	 44.546000 	 -2956694.900097 	 11.504368 	 297.647000 	 44.546000 	 -2956694.900097 	 109.781218 	 109.820375 	 297.510298
1:43:45.107 PM 2024-08-05 	 12.158777 	 297.647000 	 44.546000 	 -2956652.258543 	 11.734729 	 297.647000 	 44.546000 	 -2956652.258543 	 109.782171 	 109.820018 	 297.506379
1:43:50.194 PM 2024-08-05 	 11.901123 	 297.647000 	 44.546000 	 -2956610.937100 	 11.146537 	 297.647000 	 44.546000 	 -2956610.937100 	 109.782350 	 109.819065 	 297.502582
1:43:55.281 PM 2024-08-05 	 12.426682 	 297.647000 	 44.546000 	 -2956568.040673 	 11.620946 	 297.647000 	 44.546000 	 -2956568.040673 	 109.781218 	 109.818469 	 297.498640
1:44:00.376 PM 2024-08-05 	 11.702779 	 297.647000 	 44.546000 	 -2956523.306603 	 11.961098 	 297.647000 	 44.546000 	 -2956523.306603 	 109.782886 	 109.817874 	 297.494529
1:44:05.467 PM 2024-08-05 	 12.087902 	 297.647000 	 44.546000 	 -2956473.578275 	 12.172579 	 297.647000 	 44.546000 	 -2956473.578275 	 109.782886 	 109.816265 	 297.489959
1:44:10.539 PM 2024-08-05 	 11.936865 	 297.647000 	 44.546000 	 -2956422.540331 	 11.639685 	 297.647000 	 44.546000 	 -2956422.540331 	 109.780623 	 109.815431 	 297.485268
1:44:15.628 PM 2024-08-05 	 12.288835 	 297.647000 	 44.546000 	 -2956378.873470 	 11.376693 	 297.647000 	 44.546000 	 -2956378.873470 	 109.777704 	 109.815610 	 297.481255
1:44:20.701 PM 2024-08-05 	 12.481143 	 297.647000 	 44.546000 	 -2956329.950779 	 11.456008 	 297.647000 	 44.546000 	 -2956329.950779 	 109.775024 	 109.814478 	 297.476759
1:44:25.763 PM 2024-08-05 	 12.133659 	 297.647000 	 44.546000 	 -2956288.134155 	 11.501017 	 297.647000 	 44.546000 	 -2956288.134155 	 109.773237 	 109.814359 	 297.472915
1:44:30.838 PM 2024-08-05 	 12.793508 	 297.647000 	 44.546000 	 -2956242.114242 	 11.612794 	 297.647000 	 44.546000 	 -2956242.114242 	 109.771153 	 109.813704 	 297.468686
1:44:35.923 PM 2024-08-05 	 12.501107 	 297.647000 	 44.546000 	 -2956203.987165 	 11.559934 	 297.647000 	 44.546000 	 -2956203.987165 	 109.769247 	 109.813644 	 297.465181
1:44:40.998 PM 2024-08-05 	 12.220739 	 297.647000 	 44.546000 	 -2956163.234349 	 11.390874 	 297.647000 	 44.546000 	 -2956163.234349 	 109.767698 	 109.813406 	 297.461435
1:44:46.085 PM 2024-08-05 	 11.828190 	 297.647000 	 44.546000 	 -2956125.377108 	 11.224162 	 297.647000 	 44.546000 	 -2956125.377108 	 109.767043 	 109.813168 	 297.457956
1:44:51.149 PM 2024-08-05 	 12.893512 	 297.647000 	 44.546000 	 -2956084.631695 	 11.654199 	 297.647000 	 44.546000 	 -2956084.631695 	 109.766924 	 109.813108 	 297.454211
1:44:56.236 PM 2024-08-05 	 12.901953 	 297.647000 	 44.546000 	 -2956049.672559 	 11.469401 	 297.647000 	 44.546000 	 -2956049.672559 	 109.767222 	 109.812989 	 297.450997
1:45:01.306 PM 2024-08-05 	 12.541703 	 297.647000 	 44.546000 	 -2956012.876519 	 11.919106 	 297.647000 	 44.546000 	 -2956012.876519 	 109.766269 	 109.812632 	 297.447615
1:45:06.375 PM 2024-08-05 	 12.761044 	 297.647000 	 44.546000 	 -2955970.302148 	 12.258212 	 297.647000 	 44.546000 	 -2955970.302148 	 109.764065 	 109.811560 	 297.443701
1:45:11.442 PM 2024-08-05 	 12.579083 	 297.647000 	 44.546000 	 -2955930.096865 	 11.950295 	 297.647000 	 44.546000 	 -2955930.096865 	 109.763410 	 109.811202 	 297.440005
1:45:16.518 PM 2024-08-05 	 11.575240 	 297.647000 	 44.546000 	 -2955889.895314 	 11.296870 	 297.647000 	 44.546000 	 -2955889.895314 	 109.762933 	 109.810845 	 297.436310
1:45:21.586 PM 2024-08-05 	 12.117974 	 297.647000 	 44.546000 	 -2955847.595752 	 11.461390 	 297.647000 	 44.546000 	 -2955847.595752 	 109.762874 	 109.810547 	 297.432421
1:45:26.663 PM 2024-08-05 	 12.945859 	 297.647000 	 44.546000 	 -2955811.079578 	 11.857405 	 297.647000 	 44.546000 	 -2955811.079578 	 109.762993 	 109.810845 	 297.429064
1:45:31.746 PM 2024-08-05 	 12.362821 	 297.647000 	 44.546000 	 -2955775.879849 	 11.793889 	 297.647000 	 44.546000 	 -2955775.879849 	 109.762516 	 109.809832 	 297.425828
1:45:36.826 PM 2024-08-05 	 12.032278 	 297.647000 	 44.546000 	 -2955736.217912 	 12.226381 	 297.647000 	 44.546000 	 -2955736.217912 	 109.760432 	 109.809415 	 297.422182
1:45:41.892 PM 2024-08-05 	 12.964288 	 297.647000 	 44.546000 	 -2955701.286895 	 11.315028 	 297.647000 	 44.546000 	 -2955701.286895 	 109.759479 	 109.809713 	 297.418971
1:45:46.973 PM 2024-08-05 	 12.666793 	 297.647000 	 44.546000 	 -2955668.459560 	 12.098598 	 297.647000 	 44.546000 	 -2955668.459560 	 109.759360 	 109.809475 	 297.415953
1:45:52.059 PM 2024-08-05 	 12.576491 	 297.647000 	 44.546000 	 -2955633.008832 	 11.419646 	 297.647000 	 44.546000 	 -2955633.008832 	 109.757871 	 109.810190 	 297.412693
1:45:57.146 PM 2024-08-05 	 13.168948 	 297.647000 	 44.546000 	 -2955597.561005 	 11.437135 	 297.647000 	 44.546000 	 -2955597.561005 	 109.756679 	 109.810607 	 297.409434
1:46:02.217 PM 2024-08-05 	 12.326547 	 297.647000 	 44.546000 	 -2955566.316806 	 11.527873 	 297.647000 	 44.546000 	 -2955566.316806 	 109.754595 	 109.811024 	 297.406562
1:46:07.285 PM 2024-08-05 	 12.629714 	 297.647000 	 44.546000 	 -2955530.874434 	 11.906892 	 297.647000 	 44.546000 	 -2955530.874434 	 109.752749 	 109.811500 	 297.403303
1:46:12.370 PM 2024-08-05 	 12.519095 	 297.647000 	 44.546000 	 -2955505.672733 	 11.715925 	 297.647000 	 44.546000 	 -2955505.672733 	 109.752629 	 109.811083 	 297.400986
1:46:17.432 PM 2024-08-05 	 13.389278 	 297.647000 	 44.546000 	 -2955468.922879 	 11.529616 	 297.647000 	 44.546000 	 -2955468.922879 	 109.753642 	 109.812453 	 297.397607
1:46:22.506 PM 2024-08-05 	 12.140191 	 297.647000 	 44.546000 	 -2955443.199835 	 11.285468 	 297.647000 	 44.546000 	 -2955443.199835 	 109.754595 	 109.812632 	 297.395242
1:46:27.573 PM 2024-08-05 	 12.457341 	 297.647000 	 44.546000 	 -2955419.053060 	 11.848996 	 297.647000 	 44.546000 	 -2955419.053060 	 109.755727 	 109.812691 	 297.393022
1:46:32.651 PM 2024-08-05 	 12.495088 	 297.647000 	 44.546000 	 -2955391.758326 	 11.578054 	 297.647000 	 44.546000 	 -2955391.758326 	 109.757037 	 109.813287 	 297.390512
1:46:37.732 PM 2024-08-05 	 12.374335 	 297.647000 	 44.546000 	 -2955362.628342 	 10.779880 	 297.647000 	 44.546000 	 -2955362.628342 	 109.758228 	 109.813406 	 297.387833
1:46:42.806 PM 2024-08-05 	 12.644354 	 297.647000 	 44.546000 	 -2955335.861975 	 11.413999 	 297.647000 	 44.546000 	 -2955335.861975 	 109.758824 	 109.813287 	 297.385372
1:46:47.896 PM 2024-08-05 	 11.935073 	 297.647000 	 44.546000 	 -2955306.473357 	 11.406305 	 297.647000 	 44.546000 	 -2955306.473357 	 109.759479 	 109.813406 	 297.382670
1:46:52.976 PM 2024-08-05 	 12.706627 	 297.647000 	 44.546000 	 -2955276.824359 	 11.646132 	 297.647000 	 44.546000 	 -2955276.824359 	 109.761683 	 109.812751 	 297.379944
1:46:58.058 PM 2024-08-05 	 12.707912 	 297.647000 	 44.546000 	 -2955246.915035 	 11.804000 	 297.647000 	 44.546000 	 -2955246.915035 	 109.762576 	 109.812096 	 297.377193
1:47:03.127 PM 2024-08-05 	 12.236648 	 297.647000 	 44.546000 	 -2955216.220768 	 11.409984 	 297.647000 	 44.546000 	 -2955216.220768 	 109.762576 	 109.812036 	 297.374371
1:47:08.206 PM 2024-08-05 	 12.502309 	 297.647000 	 44.546000 	 -2955184.741726 	 11.669752 	 297.647000 	 44.546000 	 -2955184.741726 	 109.762457 	 109.811857 	 297.371476
1:47:13.280 PM 2024-08-05 	 12.912956 	 297.647000 	 44.546000 	 -2955154.838751 	 11.573832 	 297.647000 	 44.546000 	 -2955154.838751 	 109.762576 	 109.812632 	 297.368726
1:47:18.382 PM 2024-08-05 	 13.088070 	 297.647000 	 44.546000 	 -2955129.921181 	 11.638575 	 297.647000 	 44.546000 	 -2955129.921181 	 109.763886 	 109.813585 	 297.366435
1:47:23.462 PM 2024-08-05 	 12.734705 	 297.647000 	 44.546000 	 -2955107.627726 	 11.255532 	 297.647000 	 44.546000 	 -2955107.627726 	 109.764839 	 109.813704 	 297.364385
1:47:28.538 PM 2024-08-05 	 12.583327 	 297.647000 	 44.546000 	 -2955087.171210 	 11.477025 	 297.647000 	 44.546000 	 -2955087.171210 	 109.767519 	 109.814359 	 297.362504
1:47:33.626 PM 2024-08-05 	 12.194161 	 297.647000 	 44.546000 	 -2955058.061678 	 12.478345 	 297.647000 	 44.546000 	 -2955058.061678 	 109.766864 	 109.814895 	 297.359827
1:47:38.702 PM 2024-08-05 	 13.168072 	 297.647000 	 44.546000 	 -2955032.362994 	 11.979463 	 297.647000 	 44.546000 	 -2955032.362994 	 109.768651 	 109.815193 	 297.357463
1:47:43.773 PM 2024-08-05 	 12.914019 	 297.647000 	 44.546000 	 -2955013.221085 	 11.636966 	 297.647000 	 44.546000 	 -2955013.221085 	 109.771986 	 109.815729 	 297.355703
1:47:48.854 PM 2024-08-05 	 12.827593 	 297.647000 	 44.546000 	 -2954993.031220 	 11.898425 	 297.647000 	 44.546000 	 -2954993.031220 	 109.774131 	 109.816206 	 297.353846
1:47:53.918 PM 2024-08-05 	 12.642217 	 297.647000 	 44.546000 	 -2954975.464180 	 12.222247 	 297.647000 	 44.546000 	 -2954975.464180 	 109.775381 	 109.817576 	 297.352230
1:47:58.998 PM 2024-08-05 	 13.213049 	 297.647000 	 44.546000 	 -2954953.440836 	 12.203502 	 297.647000 	 44.546000 	 -2954953.440836 	 109.776989 	 109.819363 	 297.350205
1:48:04.091 PM 2024-08-05 	 13.064744 	 297.647000 	 44.546000 	 -2954927.748347 	 11.571473 	 297.647000 	 44.546000 	 -2954927.748347 	 109.779551 	 109.819244 	 297.347842
1:48:09.164 PM 2024-08-05 	 13.931571 	 297.647000 	 44.546000 	 -2954903.892398 	 12.017656 	 297.647000 	 44.546000 	 -2954903.892398 	 109.781099 	 109.819720 	 297.345648
1:48:14.246 PM 2024-08-05 	 12.936271 	 297.647000 	 44.546000 	 -2954885.018290 	 11.691785 	 297.647000 	 44.546000 	 -2954885.018290 	 109.783184 	 109.819958 	 297.343912
1:48:19.339 PM 2024-08-05 	 13.515903 	 297.647000 	 44.546000 	 -2954867.979870 	 11.579202 	 297.647000 	 44.546000 	 -2954867.979870 	 109.784792 	 109.819958 	 297.342345
1:48:24.421 PM 2024-08-05 	 13.512672 	 297.647000 	 44.546000 	 -2954860.378329 	 11.730092 	 297.647000 	 44.546000 	 -2954860.378329 	 109.784196 	 109.820077 	 297.341646
1:48:29.493 PM 2024-08-05 	 12.718860 	 297.647000 	 44.546000 	 -2954843.602986 	 11.702749 	 297.647000 	 44.546000 	 -2954843.602986 	 109.783660 	 109.820614 	 297.340103
1:48:34.552 PM 2024-08-05 	 12.908374 	 297.647000 	 44.546000 	 -2954824.731500 	 11.793471 	 297.647000 	 44.546000 	 -2954824.731500 	 109.785149 	 109.822162 	 297.338368
1:48:39.635 PM 2024-08-05 	 13.094097 	 297.647000 	 44.546000 	 -2954810.054244 	 12.682290 	 297.647000 	 44.546000 	 -2954810.054244 	 109.787055 	 109.822341 	 297.337018
1:48:44.709 PM 2024-08-05 	 13.702076 	 297.647000 	 44.546000 	 -2954794.591244 	 12.234127 	 297.647000 	 44.546000 	 -2954794.591244 	 109.787889 	 109.822281 	 297.335595
1:48:49.781 PM 2024-08-05 	 13.658823 	 297.647000 	 44.546000 	 -2954781.225366 	 12.323177 	 297.647000 	 44.546000 	 -2954781.225366 	 109.787770 	 109.821924 	 297.334366
1:48:54.854 PM 2024-08-05 	 12.744185 	 297.647000 	 44.546000 	 -2954766.811644 	 11.673709 	 297.647000 	 44.546000 	 -2954766.811644 	 109.788723 	 109.822698 	 297.333040
1:48:59.929 PM 2024-08-05 	 13.402467 	 297.647000 	 44.546000 	 -2954753.184566 	 11.719117 	 297.647000 	 44.546000 	 -2954753.184566 	 109.789735 	 109.822996 	 297.331787
1:49:05.002 PM 2024-08-05 	 12.584561 	 297.647000 	 44.546000 	 -2954736.675409 	 11.654675 	 297.647000 	 44.546000 	 -2954736.675409 	 109.789438 	 109.823175 	 297.330269
1:49:10.073 PM 2024-08-05 	 13.320215 	 297.647000 	 44.546000 	 -2954726.193731 	 12.006290 	 297.647000 	 44.546000 	 -2954726.193731 	 109.790271 	 109.823532 	 297.329305
1:49:15.151 PM 2024-08-05 	 12.785173 	 297.647000 	 44.546000 	 -2954711.519807 	 11.609766 	 297.647000 	 44.546000 	 -2954711.519807 	 109.791046 	 109.823413 	 297.327955
1:49:20.234 PM 2024-08-05 	 14.048497 	 297.647000 	 44.546000 	 -2954693.964155 	 11.840900 	 297.647000 	 44.546000 	 -2954693.964155 	 109.789854 	 109.823115 	 297.326340
1:49:25.311 PM 2024-08-05 	 13.187353 	 297.647000 	 44.546000 	 -2954684.531561 	 11.898863 	 297.647000 	 44.546000 	 -2954684.531561 	 109.790927 	 109.823651 	 297.325473
1:49:30.383 PM 2024-08-05 	 12.855639 	 297.647000 	 44.546000 	 -2954676.671223 	 12.212944 	 297.647000 	 44.546000 	 -2954676.671223 	 109.792296 	 109.823711 	 297.324750
1:49:35.462 PM 2024-08-05 	 12.449011 	 297.647000 	 44.546000 	 -2954661.736972 	 12.122937 	 297.647000 	 44.546000 	 -2954661.736972 	 109.793785 	 109.824545 	 297.323376
1:49:40.546 PM 2024-08-05 	 12.809929 	 297.647000 	 44.546000 	 -2954650.733115 	 11.449991 	 297.647000 	 44.546000 	 -2954650.733115 	 109.795453 	 109.825141 	 297.322364
1:49:45.618 PM 2024-08-05 	 13.890064 	 297.647000 	 44.546000 	 -2954638.157621 	 11.384725 	 297.647000 	 44.546000 	 -2954638.157621 	 109.794798 	 109.825319 	 297.321207
1:49:50.704 PM 2024-08-05 	 13.024650 	 297.647000 	 44.546000 	 -2954614.055608 	 11.682024 	 297.647000 	 44.546000 	 -2954614.055608 	 109.793964 	 109.825974 	 297.318990
1:49:55.786 PM 2024-08-05 	 13.366290 	 297.647000 	 44.546000 	 -2954600.171359 	 11.442455 	 297.647000 	 44.546000 	 -2954600.171359 	 109.792713 	 109.826451 	 297.317713
1:50:00.874 PM 2024-08-05 	 12.975805 	 297.647000 	 44.546000 	 -2954585.239739 	 11.968356 	 297.647000 	 44.546000 	 -2954585.239739 	 109.791701 	 109.826511 	 297.316340
1:50:05.943 PM 2024-08-05 	 12.691870 	 297.647000 	 44.546000 	 -2954574.761715 	 11.861805 	 297.647000 	 44.546000 	 -2954574.761715 	 109.790986 	 109.826808 	 297.315376
1:50:11.005 PM 2024-08-05 	 13.007143 	 297.647000 	 44.546000 	 -2954562.188420 	 12.108005 	 297.647000 	 44.546000 	 -2954562.188420 	 109.791343 	 109.827702 	 297.314219
1:50:16.093 PM 2024-08-05 	 13.215133 	 297.647000 	 44.546000 	 -2954547.520036 	 12.019621 	 297.647000 	 44.546000 	 -2954547.520036 	 109.792296 	 109.827583 	 297.312870
1:50:21.177 PM 2024-08-05 	 13.303083 	 297.647000 	 44.546000 	 -2954539.924103 	 11.754764 	 297.647000 	 44.546000 	 -2954539.924103 	 109.794560 	 109.827225 	 297.312171
1:50:26.263 PM 2024-08-05 	 13.397333 	 297.647000 	 44.546000 	 -2954527.089898 	 11.630114 	 297.647000 	 44.546000 	 -2954527.089898 	 109.794977 	 109.827821 	 297.310991
1:50:31.346 PM 2024-08-05 	 12.931765 	 297.647000 	 44.546000 	 -2954513.732250 	 11.885561 	 297.647000 	 44.546000 	 -2954513.732250 	 109.795155 	 109.827464 	 297.309762
1:50:36.430 PM 2024-08-05 	 13.477788 	 297.647000 	 44.546000 	 -2954499.589306 	 11.517087 	 297.647000 	 44.546000 	 -2954499.589306 	 109.795513 	 109.826749 	 297.308461
1:50:41.524 PM 2024-08-05 	 12.800327 	 297.647000 	 44.546000 	 -2954491.732313 	 11.900416 	 297.647000 	 44.546000 	 -2954491.732313 	 109.797478 	 109.826451 	 297.307738
1:50:46.599 PM 2024-08-05 	 12.767529 	 297.647000 	 44.546000 	 -2954482.042219 	 12.133585 	 297.647000 	 44.546000 	 -2954482.042219 	 109.799503 	 109.826094 	 297.306847
1:50:51.673 PM 2024-08-05 	 12.864112 	 297.647000 	 44.546000 	 -2954473.399884 	 11.789833 	 297.647000 	 44.546000 	 -2954473.399884 	 109.800635 	 109.825617 	 297.306052
1:50:56.753 PM 2024-08-05 	 13.612740 	 297.647000 	 44.546000 	 -2954463.710198 	 12.018702 	 297.647000 	 44.546000 	 -2954463.710198 	 109.800277 	 109.825677 	 297.305160
1:51:01.833 PM 2024-08-05 	 12.941510 	 297.647000 	 44.546000 	 -2954444.855213 	 12.147942 	 297.647000 	 44.546000 	 -2954444.855213 	 109.801707 	 109.825736 	 297.303426
1:51:06.886 PM 2024-08-05 	 13.112488 	 297.647000 	 44.546000 	 -2954430.976372 	 12.326307 	 297.647000 	 44.546000 	 -2954430.976372 	 109.803434 	 109.825498 	 297.302149
1:51:11.927 PM 2024-08-05 	 12.943869 	 297.647000 	 44.546000 	 -2954418.407237 	 11.681531 	 297.647000 	 44.546000 	 -2954418.407237 	 109.804089 	 109.826570 	 297.300993
1:51:16.970 PM 2024-08-05 	 12.723331 	 297.647000 	 44.546000 	 -2954407.147697 	 11.540863 	 297.647000 	 44.546000 	 -2954407.147697 	 109.804089 	 109.827047 	 297.299957
1:51:22.054 PM 2024-08-05 	 12.567034 	 297.647000 	 44.546000 	 -2954398.506852 	 11.159276 	 297.647000 	 44.546000 	 -2954398.506852 	 109.803970 	 109.828178 	 297.299162
1:51:27.126 PM 2024-08-05 	 13.340550 	 297.647000 	 44.546000 	 -2954388.818836 	 11.398790 	 297.647000 	 44.546000 	 -2954388.818836 	 109.803136 	 109.829608 	 297.298271
1:51:32.217 PM 2024-08-05 	 12.695974 	 297.647000 	 44.546000 	 -2954377.821890 	 11.555015 	 297.647000 	 44.546000 	 -2954377.821890 	 109.802362 	 109.830680 	 297.297260
1:51:37.284 PM 2024-08-05 	 13.203671 	 297.647000 	 44.546000 	 -2954372.323522 	 11.803320 	 297.647000 	 44.546000 	 -2954372.323522 	 109.800575 	 109.831514 	 297.296754
1:51:42.361 PM 2024-08-05 	 13.198993 	 297.647000 	 44.546000 	 -2954370.228924 	 11.525134 	 297.647000 	 44.546000 	 -2954370.228924 	 109.800397 	 109.831276 	 297.296561
1:51:47.441 PM 2024-08-05 	 13.429331 	 297.647000 	 44.546000 	 -2954367.348868 	 11.296038 	 297.647000 	 44.546000 	 -2954367.348868 	 109.800873 	 109.830799 	 297.296296
1:51:52.527 PM 2024-08-05 	 12.785152 	 297.647000 	 44.546000 	 -2954362.636090 	 11.595599 	 297.647000 	 44.546000 	 -2954362.636090 	 109.801171 	 109.830740 	 297.295863
1:51:57.593 PM 2024-08-05 	 13.603061 	 297.647000 	 44.546000 	 -2954356.090650 	 11.291051 	 297.647000 	 44.546000 	 -2954356.090650 	 109.802064 	 109.830918 	 297.295260
1:52:02.666 PM 2024-08-05 	 13.706591 	 297.647000 	 44.546000 	 -2954349.807121 	 11.553350 	 297.647000 	 44.546000 	 -2954349.807121 	 109.801945 	 109.830621 	 297.294682
1:52:07.748 PM 2024-08-05 	 13.407321 	 297.647000 	 44.546000 	 -2954341.429222 	 11.982456 	 297.647000 	 44.546000 	 -2954341.429222 	 109.802898 	 109.830263 	 297.293912
1:52:12.849 PM 2024-08-05 	 13.979119 	 297.647000 	 44.546000 	 -2954334.098694 	 12.224565 	 297.647000 	 44.546000 	 -2954334.098694 	 109.803732 	 109.829906 	 297.293237
1:52:17.934 PM 2024-08-05 	 13.068132 	 297.647000 	 44.546000 	 -2954330.171676 	 11.703254 	 297.647000 	 44.546000 	 -2954330.171676 	 109.805817 	 109.829668 	 297.292876
1:52:23.005 PM 2024-08-05 	 13.392412 	 297.647000 	 44.546000 	 -2954323.103133 	 11.803854 	 297.647000 	 44.546000 	 -2954323.103133 	 109.808914 	 109.829489 	 297.292226
1:52:28.078 PM 2024-08-05 	 13.589700 	 297.647000 	 44.546000 	 -2954317.867250 	 11.582960 	 297.647000 	 44.546000 	 -2954317.867250 	 109.810879 	 109.828953 	 297.291744
1:52:33.160 PM 2024-08-05 	 12.782867 	 297.647000 	 44.546000 	 -2954314.463959 	 11.540941 	 297.647000 	 44.546000 	 -2954314.463959 	 109.811296 	 109.828953 	 297.291431
1:52:38.234 PM 2024-08-05 	 13.179612 	 297.647000 	 44.546000 	 -2954311.060695 	 11.822155 	 297.647000 	 44.546000 	 -2954311.060695 	 109.810700 	 109.829131 	 297.291118
1:52:43.316 PM 2024-08-05 	 13.878809 	 297.647000 	 44.546000 	 -2954307.919245 	 11.807349 	 297.647000 	 44.546000 	 -2954307.919245 	 109.811713 	 109.829429 	 297.290829
1:52:48.395 PM 2024-08-05 	 12.963523 	 297.647000 	 44.546000 	 -2954305.824957 	 12.136207 	 297.647000 	 44.546000 	 -2954305.824957 	 109.812547 	 109.829429 	 297.290636
1:52:53.464 PM 2024-08-05 	 13.510676 	 297.647000 	 44.546000 	 -2954308.442818 	 12.232364 	 297.647000 	 44.546000 	 -2954308.442818 	 109.815227 	 109.830025 	 297.290877
1:52:58.524 PM 2024-08-05 	 12.839017 	 297.647000 	 44.546000 	 -2954308.966392 	 11.748589 	 297.647000 	 44.546000 	 -2954308.966392 	 109.816418 	 109.829548 	 297.290925
1:53:03.587 PM 2024-08-05 	 12.502799 	 297.647000 	 44.546000 	 -2954303.730679 	 12.372790 	 297.647000 	 44.546000 	 -2954303.730679 	 109.816537 	 109.829965 	 297.290444
1:53:08.664 PM 2024-08-05 	 12.876239 	 297.647000 	 44.546000 	 -2954296.139007 	 11.508100 	 297.647000 	 44.546000 	 -2954296.139007 	 109.815227 	 109.829846 	 297.289745
1:53:13.741 PM 2024-08-05 	 13.095910 	 297.647000 	 44.546000 	 -2954286.453273 	 11.821597 	 297.647000 	 44.546000 	 -2954286.453273 	 109.814810 	 109.830501 	 297.288854
1:53:18.819 PM 2024-08-05 	 11.992364 	 297.647000 	 44.546000 	 -2954274.935384 	 11.721698 	 297.647000 	 44.546000 	 -2954274.935384 	 109.814810 	 109.830740 	 297.287795
1:53:23.903 PM 2024-08-05 	 12.464112 	 297.647000 	 44.546000 	 -2954260.538451 	 11.506605 	 297.647000 	 44.546000 	 -2954260.538451 	 109.814155 	 109.830323 	 297.286470
1:53:28.966 PM 2024-08-05 	 12.565689 	 297.647000 	 44.546000 	 -2954248.759497 	 11.935109 	 297.647000 	 44.546000 	 -2954248.759497 	 109.813083 	 109.829906 	 297.285386
1:53:34.032 PM 2024-08-05 	 13.366967 	 297.647000 	 44.546000 	 -2954233.316464 	 11.418139 	 297.647000 	 44.546000 	 -2954233.316464 	 109.814274 	 109.830144 	 297.283966
1:53:39.114 PM 2024-08-05 	 12.192535 	 297.647000 	 44.546000 	 -2954227.034709 	 11.530973 	 297.647000 	 44.546000 	 -2954227.034709 	 109.815942 	 109.830144 	 297.283388
1:53:44.192 PM 2024-08-05 	 12.102554 	 297.647000 	 44.546000 	 -2954216.827051 	 11.261071 	 297.647000 	 44.546000 	 -2954216.827051 	 109.820349 	 109.830621 	 297.282449
1:53:49.281 PM 2024-08-05 	 12.584369 	 297.647000 	 44.546000 	 -2954203.478936 	 11.642479 	 297.647000 	 44.546000 	 -2954203.478936 	 109.822017 	 109.831335 	 297.281221
1:53:54.368 PM 2024-08-05 	 12.516380 	 297.647000 	 44.546000 	 -2954189.084370 	 11.810172 	 297.647000 	 44.546000 	 -2954189.084370 	 109.822136 	 109.830799 	 297.279896
1:53:59.439 PM 2024-08-05 	 12.450032 	 297.647000 	 44.546000 	 -2954184.896950 	 11.392872 	 297.647000 	 44.546000 	 -2954184.896950 	 109.821421 	 109.831157 	 297.279511
1:54:04.498 PM 2024-08-05 	 12.828799 	 297.647000 	 44.546000 	 -2954179.662730 	 10.931558 	 297.647000 	 44.546000 	 -2954179.662730 	 109.822196 	 109.830561 	 297.279030
1:54:09.562 PM 2024-08-05 	 12.459477 	 297.647000 	 44.546000 	 -2954177.307352 	 11.272192 	 297.647000 	 44.546000 	 -2954177.307352 	 109.823506 	 109.829846 	 297.278813
1:54:14.641 PM 2024-08-05 	 12.754952 	 297.647000 	 44.546000 	 -2954172.073225 	 11.176427 	 297.647000 	 44.546000 	 -2954172.073225 	 109.824042 	 109.829906 	 297.278331
1:54:19.713 PM 2024-08-05 	 12.147222 	 297.647000 	 44.546000 	 -2954163.960451 	 11.652745 	 297.647000 	 44.546000 	 -2954163.960451 	 109.824876 	 109.829668 	 297.277585
1:54:24.790 PM 2024-08-05 	 12.583802 	 297.647000 	 44.546000 	 -2954158.988181 	 11.088466 	 297.647000 	 44.546000 	 -2954158.988181 	 109.825471 	 109.829251 	 297.277127
1:54:29.868 PM 2024-08-05 	 12.379712 	 297.647000 	 44.546000 	 -2954158.988181 	 10.703878 	 297.647000 	 44.546000 	 -2954158.988181 	 109.825233 	 109.829012 	 297.277127
1:54:34.949 PM 2024-08-05 	 12.084587 	 297.647000 	 44.546000 	 -2954158.726484 	 11.085450 	 297.647000 	 44.546000 	 -2954158.726484 	 109.825888 	 109.828953 	 297.277103
1:54:40.032 PM 2024-08-05 	 11.801379 	 297.647000 	 44.546000 	 -2954154.277662 	 11.677872 	 297.647000 	 44.546000 	 -2954154.277662 	 109.827854 	 109.828238 	 297.276694
1:54:45.093 PM 2024-08-05 	 12.325584 	 297.647000 	 44.546000 	 -2954149.305502 	 11.285550 	 297.647000 	 44.546000 	 -2954149.305502 	 109.829104 	 109.827940 	 297.276237
1:54:50.165 PM 2024-08-05 	 12.496072 	 297.647000 	 44.546000 	 -2954148.258739 	 11.847875 	 297.647000 	 44.546000 	 -2954148.258739 	 109.828509 	 109.827940 	 297.276140
1:54:55.244 PM 2024-08-05 	 11.782489 	 297.647000 	 44.546000 	 -2954143.810024 	 11.617346 	 297.647000 	 44.546000 	 -2954143.810024 	 109.828568 	 109.828834 	 297.275731
1:55:00.328 PM 2024-08-05 	 12.287889 	 297.647000 	 44.546000 	 -2954133.080956 	 11.764300 	 297.647000 	 44.546000 	 -2954133.080956 	 109.825769 	 109.829727 	 297.274744
1:55:05.418 PM 2024-08-05 	 12.059944 	 297.647000 	 44.546000 	 -2954117.380359 	 11.637825 	 297.647000 	 44.546000 	 -2954117.380359 	 109.825412 	 109.829608 	 297.273299
1:55:10.500 PM 2024-08-05 	 12.390403 	 297.647000 	 44.546000 	 -2954114.240308 	 11.741619 	 297.647000 	 44.546000 	 -2954114.240308 	 109.825114 	 109.830382 	 297.273011
1:55:15.578 PM 2024-08-05 	 12.733214 	 297.647000 	 44.546000 	 -2954111.623616 	 11.310861 	 297.647000 	 44.546000 	 -2954111.623616 	 109.825174 	 109.829608 	 297.272770
1:55:20.664 PM 2024-08-05 	 12.658825 	 297.647000 	 44.546000 	 -2954106.913610 	 11.870316 	 297.647000 	 44.546000 	 -2954106.913610 	 109.823923 	 109.829489 	 297.272336
1:55:25.742 PM 2024-08-05 	 12.390680 	 297.647000 	 44.546000 	 -2954104.558626 	 11.690748 	 297.647000 	 44.546000 	 -2954104.558626 	 109.822672 	 109.829548 	 297.272120
1:55:30.827 PM 2024-08-05 	 12.443436 	 297.647000 	 44.546000 	 -2954099.587035 	 11.769255 	 297.647000 	 44.546000 	 -2954099.587035 	 109.820349 	 109.829251 	 297.271662
1:55:35.900 PM 2024-08-05 	 12.470052 	 297.647000 	 44.546000 	 -2954099.848696 	 11.727041 	 297.647000 	 44.546000 	 -2954099.848696 	 109.817669 	 109.830204 	 297.271686
1:55:40.977 PM 2024-08-05 	 12.084146 	 297.647000 	 44.546000 	 -2954099.063713 	 11.889558 	 297.647000 	 44.546000 	 -2954099.063713 	 109.816776 	 109.830263 	 297.271614
1:55:46.063 PM 2024-08-05 	 13.270606 	 297.647000 	 44.546000 	 -2954096.970431 	 11.515770 	 297.647000 	 44.546000 	 -2954096.970431 	 109.817073 	 109.830323 	 297.271422
1:55:51.143 PM 2024-08-05 	 13.425741 	 297.647000 	 44.546000 	 -2954090.952301 	 11.878860 	 297.647000 	 44.546000 	 -2954090.952301 	 109.817907 	 109.830204 	 297.270868
1:55:56.223 PM 2024-08-05 	 12.747565 	 297.647000 	 44.546000 	 -2954085.719213 	 11.649486 	 297.647000 	 44.546000 	 -2954085.719213 	 109.819098 	 109.829668 	 297.270386
1:56:01.295 PM 2024-08-05 	 12.927734 	 297.647000 	 44.546000 	 -2954083.364344 	 11.861911 	 297.647000 	 44.546000 	 -2954083.364344 	 109.820766 	 109.830025 	 297.270170
1:56:06.361 PM 2024-08-05 	 12.580133 	 297.647000 	 44.546000 	 -2954081.794438 	 11.609024 	 297.647000 	 44.546000 	 -2954081.794438 	 109.821719 	 109.831038 	 297.270025
1:56:11.427 PM 2024-08-05 	 12.663760 	 297.647000 	 44.546000 	 -2954084.149299 	 11.418890 	 297.647000 	 44.546000 	 -2954084.149299 	 109.821362 	 109.831276 	 297.270242
1:56:16.504 PM 2024-08-05 	 12.720036 	 297.647000 	 44.546000 	 -2954083.887647 	 11.836275 	 297.647000 	 44.546000 	 -2954083.887647 	 109.821540 	 109.832169 	 297.270218
1:56:21.580 PM 2024-08-05 	 13.715274 	 297.647000 	 44.546000 	 -2954080.747837 	 11.147031 	 297.647000 	 44.546000 	 -2954080.747837 	 109.822076 	 109.832288 	 297.269929
1:56:26.665 PM 2024-08-05 	 13.120380 	 297.647000 	 44.546000 	 -2954071.851834 	 11.336187 	 297.647000 	 44.546000 	 -2954071.851834 	 109.819098 	 109.831752 	 297.269111
1:56:31.744 PM 2024-08-05 	 12.506208 	 297.647000 	 44.546000 	 -2954070.805257 	 11.602624 	 297.647000 	 44.546000 	 -2954070.805257 	 109.816895 	 109.831454 	 297.269014
1:56:36.815 PM 2024-08-05 	 12.616956 	 297.647000 	 44.546000 	 -2954062.956012 	 11.421535 	 297.647000 	 44.546000 	 -2954062.956012 	 109.813917 	 109.831633 	 297.268292
1:56:41.884 PM 2024-08-05 	 13.709404 	 297.647000 	 44.546000 	 -2954052.228939 	 11.953734 	 297.647000 	 44.546000 	 -2954052.228939 	 109.811236 	 109.831038 	 297.267305
1:56:46.954 PM 2024-08-05 	 12.991665 	 297.647000 	 44.546000 	 -2954043.856773 	 11.286943 	 297.647000 	 44.546000 	 -2954043.856773 	 109.810581 	 109.830501 	 297.266535
1:56:52.034 PM 2024-08-05 	 13.030823 	 297.647000 	 44.546000 	 -2954032.606930 	 12.024848 	 297.647000 	 44.546000 	 -2954032.606930 	 109.810820 	 109.829787 	 297.265500
1:56:57.107 PM 2024-08-05 	 12.407976 	 297.647000 	 44.546000 	 -2954023.711910 	 11.571418 	 297.647000 	 44.546000 	 -2954023.711910 	 109.810820 	 109.829251 	 297.264681
1:57:02.187 PM 2024-08-05 	 13.167509 	 297.647000 	 44.546000 	 -2954016.386737 	 11.748647 	 297.647000 	 44.546000 	 -2954016.386737 	 109.810462 	 109.828417 	 297.264007
1:57:07.257 PM 2024-08-05 	 12.881980 	 297.647000 	 44.546000 	 -2954014.555463 	 11.681093 	 297.647000 	 44.546000 	 -2954014.555463 	 109.808973 	 109.827821 	 297.263839
1:57:12.322 PM 2024-08-05 	 13.211534 	 297.647000 	 44.546000 	 -2954010.369723 	 11.705373 	 297.647000 	 44.546000 	 -2954010.369723 	 109.806829 	 109.828298 	 297.263454
1:57:17.402 PM 2024-08-05 	 12.344025 	 297.647000 	 44.546000 	 -2954005.660813 	 11.671212 	 297.647000 	 44.546000 	 -2954005.660813 	 109.805817 	 109.828417 	 297.263021
1:57:22.482 PM 2024-08-05 	 12.679772 	 297.647000 	 44.546000 	 -2953995.719949 	 12.504246 	 297.647000 	 44.546000 	 -2953995.719949 	 109.804566 	 109.828298 	 297.262106
1:57:27.569 PM 2024-08-05 	 12.315783 	 297.647000 	 44.546000 	 -2953986.040905 	 12.051768 	 297.647000 	 44.546000 	 -2953986.040905 	 109.804387 	 109.827047 	 297.261215
1:57:32.657 PM 2024-08-05 	 12.606285 	 297.647000 	 44.546000 	 -2953977.408425 	 12.032100 	 297.647000 	 44.546000 	 -2953977.408425 	 109.804983 	 109.826630 	 297.260421
1:57:37.734 PM 2024-08-05 	 12.035444 	 297.647000 	 44.546000 	 -2953971.653534 	 12.171192 	 297.647000 	 44.546000 	 -2953971.653534 	 109.805340 	 109.825677 	 297.259892
1:57:42.809 PM 2024-08-05 	 12.621308 	 297.647000 	 44.546000 	 -2953964.329237 	 12.028056 	 297.647000 	 44.546000 	 -2953964.329237 	 109.807127 	 109.824724 	 297.259218
1:57:47.889 PM 2024-08-05 	 12.098690 	 297.647000 	 44.546000 	 -2953956.220339 	 12.277638 	 297.647000 	 44.546000 	 -2953956.220339 	 109.806353 	 109.824902 	 297.258472
1:57:52.953 PM 2024-08-05 	 11.964631 	 297.647000 	 44.546000 	 -2953944.711193 	 12.086440 	 297.647000 	 44.546000 	 -2953944.711193 	 109.805400 	 109.823949 	 297.257413
1:57:58.022 PM 2024-08-05 	 12.250740 	 297.647000 	 44.546000 	 -2953943.141788 	 11.278998 	 297.647000 	 44.546000 	 -2953943.141788 	 109.805400 	 109.823771 	 297.257268
1:58:03.098 PM 2024-08-05 	 11.983836 	 297.647000 	 44.546000 	 -2953931.109869 	 11.586452 	 297.647000 	 44.546000 	 -2953931.109869 	 109.806948 	 109.823234 	 297.256161
1:58:08.158 PM 2024-08-05 	 12.204983 	 297.647000 	 44.546000 	 -2953929.278953 	 11.838462 	 297.647000 	 44.546000 	 -2953929.278953 	 109.808020 	 109.823354 	 297.255993
1:58:13.234 PM 2024-08-05 	 12.276115 	 297.647000 	 44.546000 	 -2953921.432262 	 11.267991 	 297.647000 	 44.546000 	 -2953921.432262 	 109.807306 	 109.823413 	 297.255271
1:58:18.320 PM 2024-08-05 	 12.063633 	 297.647000 	 44.546000 	 -2953921.170708 	 11.775614 	 297.647000 	 44.546000 	 -2953921.170708 	 109.806353 	 109.823473 	 297.255247
1:58:23.403 PM 2024-08-05 	 12.302144 	 297.647000 	 44.546000 	 -2953916.985866 	 11.702293 	 297.647000 	 44.546000 	 -2953916.985866 	 109.804387 	 109.823532 	 297.254862
1:58:28.485 PM 2024-08-05 	 12.376954 	 297.647000 	 44.546000 	 -2953916.724315 	 11.777164 	 297.647000 	 44.546000 	 -2953916.724315 	 109.804447 	 109.824009 	 297.254837
1:58:33.557 PM 2024-08-05 	 12.407866 	 297.647000 	 44.546000 	 -2953922.740034 	 11.715298 	 297.647000 	 44.546000 	 -2953922.740034 	 109.805697 	 109.825438 	 297.255391
1:58:38.631 PM 2024-08-05 	 12.240574 	 297.647000 	 44.546000 	 -2953926.663374 	 11.898209 	 297.647000 	 44.546000 	 -2953926.663374 	 109.806889 	 109.825200 	 297.255752
1:58:43.712 PM 2024-08-05 	 12.430509 	 297.647000 	 44.546000 	 -2953932.679230 	 11.778528 	 297.647000 	 44.546000 	 -2953932.679230 	 109.808199 	 109.825260 	 297.256306
1:58:48.792 PM 2024-08-05 	 12.384128 	 297.647000 	 44.546000 	 -2953936.341097 	 11.828520 	 297.647000 	 44.546000 	 -2953936.341097 	 109.808675 	 109.825021 	 297.256642
1:58:53.869 PM 2024-08-05 	 12.950873 	 297.647000 	 44.546000 	 -2953942.618654 	 11.720042 	 297.647000 	 44.546000 	 -2953942.618654 	 109.807484 	 109.825319 	 297.257220
1:58:58.944 PM 2024-08-05 	 12.662794 	 297.647000 	 44.546000 	 -2953939.218299 	 11.639664 	 297.647000 	 44.546000 	 -2953939.218299 	 109.807306 	 109.825200 	 297.256907
1:59:04.023 PM 2024-08-05 	 12.525606 	 297.647000 	 44.546000 	 -2953936.602660 	 11.321215 	 297.647000 	 44.546000 	 -2953936.602660 	 109.806472 	 109.825200 	 297.256667
1:59:09.084 PM 2024-08-05 	 12.428025 	 297.647000 	 44.546000 	 -2953933.463914 	 11.238276 	 297.647000 	 44.546000 	 -2953933.463914 	 109.806948 	 109.825260 	 297.256378
1:59:14.157 PM 2024-08-05 	 12.587953 	 297.647000 	 44.546000 	 -2953932.679230 	 11.014935 	 297.647000 	 44.546000 	 -2953932.679230 	 109.807961 	 109.824962 	 297.256306
1:59:19.253 PM 2024-08-05 	 12.218745 	 297.647000 	 44.546000 	 -2953931.109869 	 12.015551 	 297.647000 	 44.546000 	 -2953931.109869 	 109.807961 	 109.824545 	 297.256161
1:59:24.334 PM 2024-08-05 	 12.947747 	 297.647000 	 44.546000 	 -2953930.586749 	 12.114245 	 297.647000 	 44.546000 	 -2953930.586749 	 109.805340 	 109.824307 	 297.256113
1:59:29.409 PM 2024-08-05 	 13.125920 	 297.647000 	 44.546000 	 -2953926.663374 	 12.233123 	 297.647000 	 44.546000 	 -2953926.663374 	 109.803851 	 109.824545 	 297.255752
1:59:34.483 PM 2024-08-05 	 13.012446 	 297.647000 	 44.546000 	 -2953926.924931 	 11.815238 	 297.647000 	 44.546000 	 -2953926.924931 	 109.802481 	 109.823592 	 297.255776
1:59:39.555 PM 2024-08-05 	 12.931406 	 297.647000 	 44.546000 	 -2953932.940791 	 11.746843 	 297.647000 	 44.546000 	 -2953932.940791 	 109.800635 	 109.823711 	 297.256330
1:59:44.632 PM 2024-08-05 	 12.839852 	 297.647000 	 44.546000 	 -2953926.401817 	 11.529911 	 297.647000 	 44.546000 	 -2953926.401817 	 109.799444 	 109.824009 	 297.255728
1:59:49.712 PM 2024-08-05 	 12.877985 	 297.647000 	 44.546000 	 -2953925.617146 	 11.446741 	 297.647000 	 44.546000 	 -2953925.617146 	 109.798074 	 109.824485 	 297.255656
1:59:54.775 PM 2024-08-05 	 12.633887 	 297.647000 	 44.546000 	 -2953918.816729 	 11.586241 	 297.647000 	 44.546000 	 -2953918.816729 	 109.797776 	 109.824426 	 297.255030
1:59:59.847 PM 2024-08-05 	 12.779487 	 297.647000 	 44.546000 	 -2953914.108811 	 11.747348 	 297.647000 	 44.546000 	 -2953914.108811 	 109.797121 	 109.823771 	 297.254597
2:00:04.925 PM 2024-08-05 	 13.584428 	 297.647000 	 44.546000 	 -2953910.708679 	 11.735304 	 297.647000 	 44.546000 	 -2953910.708679 	 109.796585 	 109.823234 	 297.254284
2:00:10.003 PM 2024-08-05 	 13.210139 	 297.647000 	 44.546000 	 -2953907.831665 	 11.501414 	 297.647000 	 44.546000 	 -2953907.831665 	 109.795334 	 109.822401 	 297.254019
2:00:15.083 PM 2024-08-05 	 13.014598 	 297.647000 	 44.546000 	 -2953902.600779 	 11.845674 	 297.647000 	 44.546000 	 -2953902.600779 	 109.792416 	 109.822401 	 297.253538
2:00:20.159 PM 2024-08-05 	 12.529482 	 297.647000 	 44.546000 	 -2953898.416116 	 12.444642 	 297.647000 	 44.546000 	 -2953898.416116 	 109.788365 	 109.821864 	 297.253153
2:00:25.233 PM 2024-08-05 	 13.285564 	 297.647000 	 44.546000 	 -2953902.077694 	 11.656237 	 297.647000 	 44.546000 	 -2953902.077694 	 109.786579 	 109.822401 	 297.253490
2:00:30.319 PM 2024-08-05 	 13.598342 	 297.647000 	 44.546000 	 -2953901.293068 	 11.591599 	 297.647000 	 44.546000 	 -2953901.293068 	 109.786460 	 109.822222 	 297.253418
2:00:35.384 PM 2024-08-05 	 13.270428 	 297.647000 	 44.546000 	 -2953902.077694 	 11.583073 	 297.647000 	 44.546000 	 -2953902.077694 	 109.783898 	 109.821984 	 297.253490
2:00:40.457 PM 2024-08-05 	 13.138584 	 297.647000 	 44.546000 	 -2953900.508443 	 11.342415 	 297.647000 	 44.546000 	 -2953900.508443 	 109.782886 	 109.822103 	 297.253345
2:00:45.542 PM 2024-08-05 	 13.616484 	 297.647000 	 44.546000 	 -2953899.723819 	 11.655285 	 297.647000 	 44.546000 	 -2953899.723819 	 109.783898 	 109.822460 	 297.253273
2:00:50.617 PM 2024-08-05 	 14.077564 	 297.647000 	 44.546000 	 -2953902.862322 	 11.455319 	 297.647000 	 44.546000 	 -2953902.862322 	 109.785626 	 109.822817 	 297.253562
2:00:55.702 PM 2024-08-05 	 13.026334 	 297.647000 	 44.546000 	 -2953905.216214 	 11.387873 	 297.647000 	 44.546000 	 -2953905.216214 	 109.788961 	 109.823473 	 297.253779
2:01:00.787 PM 2024-08-05 	 13.108326 	 297.647000 	 44.546000 	 -2953899.985360 	 11.730016 	 297.647000 	 44.546000 	 -2953899.985360 	 109.789021 	 109.823711 	 297.253297
2:01:05.858 PM 2024-08-05 	 13.246264 	 297.647000 	 44.546000 	 -2953899.723819 	 11.713555 	 297.647000 	 44.546000 	 -2953899.723819 	 109.790152 	 109.822877 	 297.253273
2:01:10.925 PM 2024-08-05 	 13.164257 	 297.647000 	 44.546000 	 -2953902.600779 	 10.854634 	 297.647000 	 44.546000 	 -2953902.600779 	 109.790093 	 109.822639 	 297.253538
2:01:15.993 PM 2024-08-05 	 13.195321 	 297.647000 	 44.546000 	 -2953901.031526 	 11.711966 	 297.647000 	 44.546000 	 -2953901.031526 	 109.789199 	 109.822877 	 297.253394
2:01:21.067 PM 2024-08-05 	 13.044182 	 297.647000 	 44.546000 	 -2953895.277645 	 11.883158 	 297.647000 	 44.546000 	 -2953895.277645 	 109.790331 	 109.822460 	 297.252864
2:01:26.141 PM 2024-08-05 	 13.476413 	 297.647000 	 44.546000 	 -2953886.908500 	 11.335624 	 297.647000 	 44.546000 	 -2953886.908500 	 109.793071 	 109.822043 	 297.252094
2:01:31.217 PM 2024-08-05 	 13.334438 	 297.647000 	 44.546000 	 -2953872.262883 	 11.334430 	 297.647000 	 44.546000 	 -2953872.262883 	 109.792356 	 109.821031 	 297.250746
2:01:36.278 PM 2024-08-05 	 13.835530 	 297.647000 	 44.546000 	 -2953870.170692 	 11.637997 	 297.647000 	 44.546000 	 -2953870.170692 	 109.792832 	 109.821745 	 297.250554
2:01:41.354 PM 2024-08-05 	 12.851106 	 297.647000 	 44.546000 	 -2953868.601556 	 11.314970 	 297.647000 	 44.546000 	 -2953868.601556 	 109.792296 	 109.821864 	 297.250410
2:01:46.433 PM 2024-08-05 	 13.606902 	 297.647000 	 44.546000 	 -2953875.401188 	 11.606718 	 297.647000 	 44.546000 	 -2953875.401188 	 109.791522 	 109.822043 	 297.251035
2:01:51.514 PM 2024-08-05 	 13.565448 	 297.647000 	 44.546000 	 -2953878.277988 	 11.471600 	 297.647000 	 44.546000 	 -2953878.277988 	 109.789676 	 109.821447 	 297.251300
2:01:56.593 PM 2024-08-05 	 13.412490 	 297.647000 	 44.546000 	 -2953876.970349 	 11.610969 	 297.647000 	 44.546000 	 -2953876.970349 	 109.788187 	 109.821328 	 297.251180
2:02:01.689 PM 2024-08-05 	 13.705444 	 297.647000 	 44.546000 	 -2953877.493404 	 11.312222 	 297.647000 	 44.546000 	 -2953877.493404 	 109.788544 	 109.820733 	 297.251228
2:02:06.759 PM 2024-08-05 	 13.703383 	 297.647000 	 44.546000 	 -2953878.539516 	 11.723058 	 297.647000 	 44.546000 	 -2953878.539516 	 109.788723 	 109.820256 	 297.251324
2:02:11.830 PM 2024-08-05 	 13.412683 	 297.647000 	 44.546000 	 -2953872.262883 	 11.496199 	 297.647000 	 44.546000 	 -2953872.262883 	 109.789140 	 109.820077 	 297.250746
2:02:16.917 PM 2024-08-05 	 13.589883 	 297.647000 	 44.546000 	 -2953874.093558 	 11.468289 	 297.647000 	 44.546000 	 -2953874.093558 	 109.789974 	 109.819065 	 297.250915
2:02:21.995 PM 2024-08-05 	 13.426345 	 297.647000 	 44.546000 	 -2953876.970349 	 11.608467 	 297.647000 	 44.546000 	 -2953876.970349 	 109.790986 	 109.818529 	 297.251180
2:02:27.075 PM 2024-08-05 	 13.179347 	 297.647000 	 44.546000 	 -2953878.801044 	 11.579193 	 297.647000 	 44.546000 	 -2953878.801044 	 109.792118 	 109.820197 	 297.251348
2:02:32.148 PM 2024-08-05 	 13.230611 	 297.647000 	 44.546000 	 -2953885.077771 	 10.943416 	 297.647000 	 44.546000 	 -2953885.077771 	 109.793905 	 109.820673 	 297.251926
2:02:37.217 PM 2024-08-05 	 13.488488 	 297.647000 	 44.546000 	 -2953893.185344 	 11.186123 	 297.647000 	 44.546000 	 -2953893.185344 	 109.794619 	 109.821984 	 297.252672
2:02:42.297 PM 2024-08-05 	 13.725717 	 297.647000 	 44.546000 	 -2953894.231493 	 11.781433 	 297.647000 	 44.546000 	 -2953894.231493 	 109.795274 	 109.821864 	 297.252768
2:02:47.373 PM 2024-08-05 	 13.018278 	 297.647000 	 44.546000 	 -2953893.708418 	 11.423871 	 297.647000 	 44.546000 	 -2953893.708418 	 109.796108 	 109.823651 	 297.252720
2:02:52.447 PM 2024-08-05 	 13.629922 	 297.647000 	 44.546000 	 -2953896.062261 	 12.295731 	 297.647000 	 44.546000 	 -2953896.062261 	 109.797240 	 109.823771 	 297.252936
2:02:57.524 PM 2024-08-05 	 13.313088 	 297.647000 	 44.546000 	 -2953895.016107 	 11.792847 	 297.647000 	 44.546000 	 -2953895.016107 	 109.797002 	 109.824128 	 297.252840
2:03:02.594 PM 2024-08-05 	 13.926597 	 297.647000 	 44.546000 	 -2953901.293068 	 12.187531 	 297.647000 	 44.546000 	 -2953901.293068 	 109.795989 	 109.825081 	 297.253418
2:03:07.665 PM 2024-08-05 	 13.010123 	 297.647000 	 44.546000 	 -2953899.723819 	 12.414700 	 297.647000 	 44.546000 	 -2953899.723819 	 109.797240 	 109.825021 	 297.253273
2:03:12.749 PM 2024-08-05 	 13.428097 	 297.647000 	 44.546000 	 -2953898.677656 	 12.254244 	 297.647000 	 44.546000 	 -2953898.677656 	 109.798133 	 109.824724 	 297.253177
2:03:17.822 PM 2024-08-05 	 13.585695 	 297.647000 	 44.546000 	 -2953895.277645 	 11.584484 	 297.647000 	 44.546000 	 -2953895.277645 	 109.798014 	 109.823532 	 297.252864
2:03:22.902 PM 2024-08-05 	 13.984849 	 297.647000 	 44.546000 	 -2953890.308446 	 11.749476 	 297.647000 	 44.546000 	 -2953890.308446 	 109.798014 	 109.823354 	 297.252407
2:03:27.963 PM 2024-08-05 	 13.009017 	 297.647000 	 44.546000 	 -2953894.754569 	 11.368857 	 297.647000 	 44.546000 	 -2953894.754569 	 109.797478 	 109.823056 	 297.252816
2:03:33.027 PM 2024-08-05 	 13.255481 	 297.647000 	 44.546000 	 -2953897.369957 	 11.637363 	 297.647000 	 44.546000 	 -2953897.369957 	 109.796168 	 109.822698 	 297.253057
2:03:38.102 PM 2024-08-05 	 13.175226 	 297.647000 	 44.546000 	 -2953900.769984 	 11.903999 	 297.647000 	 44.546000 	 -2953900.769984 	 109.798014 	 109.822341 	 297.253369
2:03:43.168 PM 2024-08-05 	 13.414994 	 297.647000 	 44.546000 	 -2953910.708679 	 12.229190 	 297.647000 	 44.546000 	 -2953910.708679 	 109.798729 	 109.822162 	 297.254284
2:03:48.242 PM 2024-08-05 	 12.783191 	 297.647000 	 44.546000 	 -2953913.847261 	 11.559114 	 297.647000 	 44.546000 	 -2953913.847261 	 109.800575 	 109.823056 	 297.254573
2:03:53.316 PM 2024-08-05 	 12.583505 	 297.647000 	 44.546000 	 -2953908.877850 	 11.688956 	 297.647000 	 44.546000 	 -2953908.877850 	 109.801707 	 109.822996 	 297.254115
2:03:58.394 PM 2024-08-05 	 13.066758 	 297.647000 	 44.546000 	 -2953914.370360 	 11.627136 	 297.647000 	 44.546000 	 -2953914.370360 	 109.802362 	 109.823294 	 297.254621
2:04:03.472 PM 2024-08-05 	 13.123967 	 297.647000 	 44.546000 	 -2953907.308574 	 12.447398 	 297.647000 	 44.546000 	 -2953907.308574 	 109.801290 	 109.824188 	 297.253971
2:04:08.543 PM 2024-08-05 	 13.443577 	 297.647000 	 44.546000 	 -2953909.924037 	 11.290017 	 297.647000 	 44.546000 	 -2953909.924037 	 109.800813 	 109.825141 	 297.254212
2:04:13.613 PM 2024-08-05 	 13.182709 	 297.647000 	 44.546000 	 -2953913.585712 	 11.358585 	 297.647000 	 44.546000 	 -2953913.585712 	 109.800158 	 109.825855 	 297.254549
2:04:18.696 PM 2024-08-05 	 12.593921 	 297.647000 	 44.546000 	 -2953920.124494 	 11.263602 	 297.647000 	 44.546000 	 -2953920.124494 	 109.799861 	 109.825260 	 297.255150
2:04:23.777 PM 2024-08-05 	 13.000340 	 297.647000 	 44.546000 	 -2953920.647600 	 11.087976 	 297.647000 	 44.546000 	 -2953920.647600 	 109.799980 	 109.825677 	 297.255198
2:04:28.849 PM 2024-08-05 	 13.804146 	 297.647000 	 44.546000 	 -2953927.709604 	 11.227394 	 297.647000 	 44.546000 	 -2953927.709604 	 109.800873 	 109.825021 	 297.255848
2:04:33.928 PM 2024-08-05 	 13.941439 	 297.647000 	 44.546000 	 -2953925.878703 	 11.149083 	 297.647000 	 44.546000 	 -2953925.878703 	 109.800218 	 109.825021 	 297.255680
2:04:39.008 PM 2024-08-05 	 13.001230 	 297.647000 	 44.546000 	 -2953929.278953 	 11.684918 	 297.647000 	 44.546000 	 -2953929.278953 	 109.800456 	 109.824783 	 297.255993
2:04:44.075 PM 2024-08-05 	 13.125704 	 297.647000 	 44.546000 	 -2953932.679230 	 12.251879 	 297.647000 	 44.546000 	 -2953932.679230 	 109.800694 	 109.824366 	 297.256306
2:04:49.156 PM 2024-08-05 	 12.919144 	 297.647000 	 44.546000 	 -2953934.771722 	 12.336485 	 297.647000 	 44.546000 	 -2953934.771722 	 109.801111 	 109.823711 	 297.256498
2:04:54.222 PM 2024-08-05 	 13.284864 	 297.647000 	 44.546000 	 -2953931.109869 	 11.498949 	 297.647000 	 44.546000 	 -2953931.109869 	 109.799920 	 109.823830 	 297.256161
2:04:59.293 PM 2024-08-05 	 13.659956 	 297.647000 	 44.546000 	 -2953930.063630 	 12.047896 	 297.647000 	 44.546000 	 -2953930.063630 	 109.800992 	 109.822817 	 297.256065
2:05:04.354 PM 2024-08-05 	 13.533313 	 297.647000 	 44.546000 	 -2953934.771722 	 12.629842 	 297.647000 	 44.546000 	 -2953934.771722 	 109.801826 	 109.823234 	 297.256498
2:05:09.432 PM 2024-08-05 	 12.586569 	 297.647000 	 44.546000 	 -2953934.771722 	 11.718381 	 297.647000 	 44.546000 	 -2953934.771722 	 109.803434 	 109.822341 	 297.256498
2:05:14.521 PM 2024-08-05 	 12.956930 	 297.647000 	 44.546000 	 -2953938.956735 	 12.281395 	 297.647000 	 44.546000 	 -2953938.956735 	 109.805221 	 109.822877 	 297.256883
2:05:19.590 PM 2024-08-05 	 12.817894 	 297.647000 	 44.546000 	 -2953940.002994 	 11.923082 	 297.647000 	 44.546000 	 -2953940.002994 	 109.806710 	 109.822877 	 297.256979
2:05:24.679 PM 2024-08-05 	 13.366118 	 297.647000 	 44.546000 	 -2953941.572388 	 12.295798 	 297.647000 	 44.546000 	 -2953941.572388 	 109.809509 	 109.821924 	 297.257124
2:05:29.743 PM 2024-08-05 	 14.071053 	 297.647000 	 44.546000 	 -2953948.111591 	 13.049318 	 297.647000 	 44.546000 	 -2953948.111591 	 109.811773 	 109.821090 	 297.257725
2:05:34.832 PM 2024-08-05 	 13.198806 	 297.647000 	 44.546000 	 -2953959.359249 	 12.195820 	 297.647000 	 44.546000 	 -2953959.359249 	 109.813202 	 109.820852 	 297.258760
2:05:39.916 PM 2024-08-05 	 13.294315 	 297.647000 	 44.546000 	 -2953962.759761 	 12.761231 	 297.647000 	 44.546000 	 -2953962.759761 	 109.813083 	 109.821388 	 297.259073
2:05:44.993 PM 2024-08-05 	 13.337725 	 297.647000 	 44.546000 	 -2953968.776117 	 11.774233 	 297.647000 	 44.546000 	 -2953968.776117 	 109.813678 	 109.820733 	 297.259627
2:05:50.073 PM 2024-08-05 	 13.177409 	 297.647000 	 44.546000 	 -2953975.315729 	 12.134388 	 297.647000 	 44.546000 	 -2953975.315729 	 109.813500 	 109.821150 	 297.260229
2:05:55.144 PM 2024-08-05 	 13.234615 	 297.647000 	 44.546000 	 -2953974.530970 	 12.267342 	 297.647000 	 44.546000 	 -2953974.530970 	 109.812487 	 109.821269 	 297.260156
2:06:00.220 PM 2024-08-05 	 13.647779 	 297.647000 	 44.546000 	 -2953975.577315 	 11.777071 	 297.647000 	 44.546000 	 -2953975.577315 	 109.811475 	 109.821209 	 297.260253
2:06:05.287 PM 2024-08-05 	 12.717383 	 297.647000 	 44.546000 	 -2953983.424984 	 11.692891 	 297.647000 	 44.546000 	 -2953983.424984 	 109.811594 	 109.821805 	 297.260975
2:06:10.364 PM 2024-08-05 	 13.957725 	 297.647000 	 44.546000 	 -2953990.226411 	 12.694369 	 297.647000 	 44.546000 	 -2953990.226411 	 109.812487 	 109.821924 	 297.261600
2:06:15.462 PM 2024-08-05 	 13.057202 	 297.647000 	 44.546000 	 -2953999.905548 	 12.377105 	 297.647000 	 44.546000 	 -2953999.905548 	 109.813440 	 109.821626 	 297.262491
2:06:20.543 PM 2024-08-05 	 13.516233 	 297.647000 	 44.546000 	 -2954013.509024 	 11.701893 	 297.647000 	 44.546000 	 -2954013.509024 	 109.814453 	 109.821745 	 297.263743
2:06:25.619 PM 2024-08-05 	 13.497282 	 297.647000 	 44.546000 	 -2954013.509024 	 12.320149 	 297.647000 	 44.546000 	 -2954013.509024 	 109.816299 	 109.822103 	 297.263743
2:06:30.699 PM 2024-08-05 	 13.719678 	 297.647000 	 44.546000 	 -2954017.433183 	 12.339802 	 297.647000 	 44.546000 	 -2954017.433183 	 109.816716 	 109.821567 	 297.264104
2:06:35.776 PM 2024-08-05 	 13.651249 	 297.647000 	 44.546000 	 -2954020.049308 	 12.578501 	 297.647000 	 44.546000 	 -2954020.049308 	 109.817192 	 109.822341 	 297.264344
2:06:40.839 PM 2024-08-05 	 13.725017 	 297.647000 	 44.546000 	 -2954020.310922 	 11.957658 	 297.647000 	 44.546000 	 -2954020.310922 	 109.817848 	 109.823056 	 297.264368
2:06:45.929 PM 2024-08-05 	 13.182788 	 297.647000 	 44.546000 	 -2954021.880606 	 12.505840 	 297.647000 	 44.546000 	 -2954021.880606 	 109.819098 	 109.823890 	 297.264513
2:06:50.993 PM 2024-08-05 	 13.594013 	 297.647000 	 44.546000 	 -2954012.985806 	 12.135909 	 297.647000 	 44.546000 	 -2954012.985806 	 109.819098 	 109.823592 	 297.263695
2:06:56.069 PM 2024-08-05 	 13.181396 	 297.647000 	 44.546000 	 -2954015.078683 	 12.085141 	 297.647000 	 44.546000 	 -2954015.078683 	 109.818860 	 109.823651 	 297.263887
2:07:01.152 PM 2024-08-05 	 12.604443 	 297.647000 	 44.546000 	 -2954011.154546 	 12.278832 	 297.647000 	 44.546000 	 -2954011.154546 	 109.818860 	 109.823234 	 297.263526
2:07:06.239 PM 2024-08-05 	 12.739045 	 297.647000 	 44.546000 	 -2954013.770634 	 13.057783 	 297.647000 	 44.546000 	 -2954013.770634 	 109.819396 	 109.822401 	 297.263767
2:07:11.313 PM 2024-08-05 	 12.917159 	 297.647000 	 44.546000 	 -2954011.154546 	 12.922312 	 297.647000 	 44.546000 	 -2954011.154546 	 109.819337 	 109.822877 	 297.263526
2:07:16.401 PM 2024-08-05 	 12.963567 	 297.647000 	 44.546000 	 -2954015.078683 	 12.458855 	 297.647000 	 44.546000 	 -2954015.078683 	 109.819575 	 109.822460 	 297.263887
2:07:21.483 PM 2024-08-05 	 13.196777 	 297.647000 	 44.546000 	 -2954015.863515 	 12.396019 	 297.647000 	 44.546000 	 -2954015.863515 	 109.820766 	 109.822579 	 297.263959
2:07:26.570 PM 2024-08-05 	 13.563577 	 297.647000 	 44.546000 	 -2954015.340294 	 12.753920 	 297.647000 	 44.546000 	 -2954015.340294 	 109.821362 	 109.821984 	 297.263911
2:07:31.653 PM 2024-08-05 	 13.113019 	 297.647000 	 44.546000 	 -2954016.909960 	 12.465325 	 297.647000 	 44.546000 	 -2954016.909960 	 109.821600 	 109.821864 	 297.264056
2:07:36.732 PM 2024-08-05 	 12.773092 	 297.647000 	 44.546000 	 -2954021.357377 	 12.379149 	 297.647000 	 44.546000 	 -2954021.357377 	 109.822434 	 109.821686 	 297.264465
2:07:41.819 PM 2024-08-05 	 13.222080 	 297.647000 	 44.546000 	 -2954022.927065 	 12.364527 	 297.647000 	 44.546000 	 -2954022.927065 	 109.823268 	 109.820792 	 297.264609
2:07:46.929 PM 2024-08-05 	 13.672497 	 297.647000 	 44.546000 	 -2954026.066457 	 12.341329 	 297.647000 	 44.546000 	 -2954026.066457 	 109.822672 	 109.820911 	 297.264898
2:07:52.002 PM 2024-08-05 	 12.947094 	 297.647000 	 44.546000 	 -2954028.159397 	 12.107094 	 297.647000 	 44.546000 	 -2954028.159397 	 109.822612 	 109.821864 	 297.265091
2:07:57.074 PM 2024-08-05 	 13.273849 	 297.647000 	 44.546000 	 -2954027.897779 	 12.949784 	 297.647000 	 44.546000 	 -2954027.897779 	 109.822851 	 109.822341 	 297.265067
2:08:02.170 PM 2024-08-05 	 13.106554 	 297.647000 	 44.546000 	 -2954030.775587 	 12.462686 	 297.647000 	 44.546000 	 -2954030.775587 	 109.821540 	 109.821447 	 297.265331
2:08:07.267 PM 2024-08-05 	 12.720296 	 297.647000 	 44.546000 	 -2954027.112926 	 12.684424 	 297.647000 	 44.546000 	 -2954027.112926 	 109.820826 	 109.820673 	 297.264994
2:08:12.347 PM 2024-08-05 	 12.458698 	 297.647000 	 44.546000 	 -2954020.572535 	 12.371277 	 297.647000 	 44.546000 	 -2954020.572535 	 109.819992 	 109.819601 	 297.264393
2:08:17.431 PM 2024-08-05 	 13.150948 	 297.647000 	 44.546000 	 -2954018.218019 	 12.319221 	 297.647000 	 44.546000 	 -2954018.218019 	 109.820766 	 109.819899 	 297.264176
2:08:22.528 PM 2024-08-05 	 13.557036 	 297.647000 	 44.546000 	 -2954017.171571 	 12.452479 	 297.647000 	 44.546000 	 -2954017.171571 	 109.821481 	 109.819839 	 297.264080
2:08:27.620 PM 2024-08-05 	 13.693013 	 297.647000 	 44.546000 	 -2954009.584901 	 12.324345 	 297.647000 	 44.546000 	 -2954009.584901 	 109.821838 	 109.820494 	 297.263382
2:08:32.713 PM 2024-08-05 	 13.335425 	 297.647000 	 44.546000 	 -2954004.614396 	 12.177280 	 297.647000 	 44.546000 	 -2954004.614396 	 109.821064 	 109.821031 	 297.262924
2:08:37.799 PM 2024-08-05 	 13.193263 	 297.647000 	 44.546000 	 -2954004.352792 	 11.969051 	 297.647000 	 44.546000 	 -2954004.352792 	 109.820587 	 109.821567 	 297.262900
2:08:42.893 PM 2024-08-05 	 13.608017 	 297.647000 	 44.546000 	 -2954003.044774 	 11.891394 	 297.647000 	 44.546000 	 -2954003.044774 	 109.821004 	 109.822639 	 297.262780
2:08:47.975 PM 2024-08-05 	 12.785152 	 297.647000 	 44.546000 	 -2953999.120745 	 12.380620 	 297.647000 	 44.546000 	 -2953999.120745 	 109.820170 	 109.823532 	 297.262419
2:08:53.053 PM 2024-08-05 	 12.962070 	 297.647000 	 44.546000 	 -2953997.027944 	 12.166643 	 297.647000 	 44.546000 	 -2953997.027944 	 109.819813 	 109.824188 	 297.262226
2:08:58.144 PM 2024-08-05 	 13.033058 	 297.647000 	 44.546000 	 -2953989.180030 	 12.456417 	 297.647000 	 44.546000 	 -2953989.180030 	 109.819039 	 109.824307 	 297.261504
2:09:03.232 PM 2024-08-05 	 13.204203 	 297.647000 	 44.546000 	 -2953984.732942 	 12.883999 	 297.647000 	 44.546000 	 -2953984.732942 	 109.815525 	 109.824962 	 297.261095
2:09:08.309 PM 2024-08-05 	 12.206469 	 297.647000 	 44.546000 	 -2953987.348871 	 12.322885 	 297.647000 	 44.546000 	 -2953987.348871 	 109.813142 	 109.824068 	 297.261336
2:09:13.392 PM 2024-08-05 	 12.823650 	 297.647000 	 44.546000 	 -2953982.640210 	 11.806128 	 297.647000 	 44.546000 	 -2953982.640210 	 109.809926 	 109.823830 	 297.260902
2:09:18.477 PM 2024-08-05 	 14.117413 	 297.647000 	 44.546000 	 -2953979.239543 	 12.466058 	 297.647000 	 44.546000 	 -2953979.239543 	 109.807008 	 109.823532 	 297.260590
2:09:23.563 PM 2024-08-05 	 12.949683 	 297.647000 	 44.546000 	 -2953972.438288 	 12.558212 	 297.647000 	 44.546000 	 -2953972.438288 	 109.805340 	 109.824247 	 297.259964
2:09:28.661 PM 2024-08-05 	 12.057594 	 297.647000 	 44.546000 	 -2953964.067658 	 12.237123 	 297.647000 	 44.546000 	 -2953964.067658 	 109.805876 	 109.824366 	 297.259194
2:09:33.760 PM 2024-08-05 	 13.051233 	 297.647000 	 44.546000 	 -2953964.329237 	 11.672053 	 297.647000 	 44.546000 	 -2953964.329237 	 109.804923 	 109.824664 	 297.259218
2:09:38.838 PM 2024-08-05 	 13.506899 	 297.647000 	 44.546000 	 -2953962.498183 	 11.896883 	 297.647000 	 44.546000 	 -2953962.498183 	 109.804387 	 109.824009 	 297.259049
2:09:43.949 PM 2024-08-05 	 13.258079 	 297.647000 	 44.546000 	 -2953960.143980 	 11.944274 	 297.647000 	 44.546000 	 -2953960.143980 	 109.803434 	 109.824366 	 297.258833
2:09:49.051 PM 2024-08-05 	 13.257895 	 297.647000 	 44.546000 	 -2953962.236604 	 11.420790 	 297.647000 	 44.546000 	 -2953962.236604 	 109.801171 	 109.824247 	 297.259025
2:09:54.145 PM 2024-08-05 	 13.470704 	 297.647000 	 44.546000 	 -2953959.097673 	 12.114119 	 297.647000 	 44.546000 	 -2953959.097673 	 109.799146 	 109.823711 	 297.258736
3:44:29.153 PM 2024-08-05 	 -0.001845 	 297.647000 	 44.546000 	 -2954781.381217 	 -0.001165 	 297.647000 	 44.546000 	 -2954781.381217 	 109.813976 	 109.783147 	 297.320291
3:44:34.212 PM 2024-08-05 	 -0.002860 	 297.647000 	 44.546000 	 -2954743.918144 	 -0.000838 	 297.647000 	 44.546000 	 -2954743.918144 	 109.811653 	 109.783981 	 297.316846
3:44:39.362 PM 2024-08-05 	 -0.002172 	 297.647000 	 44.546000 	 -2954708.553872 	 -0.000993 	 297.647000 	 44.546000 	 -2954708.553872 	 109.809926 	 109.783981 	 297.313593
3:44:44.504 PM 2024-08-05 	 -0.002280 	 297.647000 	 44.546000 	 -2954675.549816 	 -0.000902 	 297.647000 	 44.546000 	 -2954675.549816 	 109.809688 	 109.784100 	 297.310557
3:44:49.614 PM 2024-08-05 	 -0.001334 	 297.647000 	 44.546000 	 -2954646.738801 	 -0.001562 	 297.647000 	 44.546000 	 -2954646.738801 	 109.807961 	 109.784815 	 297.307907
3:44:54.727 PM 2024-08-05 	 -0.002271 	 297.647000 	 44.546000 	 -2954621.334309 	 -0.001553 	 297.647000 	 44.546000 	 -2954621.334309 	 109.805697 	 109.785768 	 297.305570
3:44:59.840 PM 2024-08-05 	 -0.002466 	 297.647000 	 44.546000 	 -2954593.574398 	 -0.001755 	 297.647000 	 44.546000 	 -2954593.574398 	 109.804864 	 109.786363 	 297.303017
3:45:04.943 PM 2024-08-05 	 -0.001629 	 297.647000 	 44.546000 	 -2954561.364648 	 -0.001028 	 297.647000 	 44.546000 	 -2954561.364648 	 109.803732 	 109.787555 	 297.300054
3:45:10.080 PM 2024-08-05 	 -0.002204 	 297.647000 	 44.546000 	 -2954525.491559 	 -0.001740 	 297.647000 	 44.546000 	 -2954525.491559 	 109.802302 	 109.788270 	 297.296754
3:45:15.207 PM 2024-08-05 	 -0.002329 	 297.647000 	 44.546000 	 -2954494.334125 	 -0.001580 	 297.647000 	 44.546000 	 -2954494.334125 	 109.801052 	 109.788865 	 297.293888
3:45:20.342 PM 2024-08-05 	 -0.002393 	 297.647000 	 44.546000 	 -2954459.513754 	 -0.001221 	 297.647000 	 44.546000 	 -2954459.513754 	 109.800873 	 109.788567 	 297.290684
3:45:25.482 PM 2024-08-05 	 -0.001238 	 297.647000 	 44.546000 	 -2954431.764178 	 -0.001311 	 297.647000 	 44.546000 	 -2954431.764178 	 109.800277 	 109.788091 	 297.288132
3:45:30.654 PM 2024-08-05 	 -0.001956 	 297.647000 	 44.546000 	 -2954400.613462 	 -0.001183 	 297.647000 	 44.546000 	 -2954400.613462 	 109.801528 	 109.787733 	 297.285266
3:45:35.771 PM 2024-08-05 	 -0.001903 	 297.647000 	 44.546000 	 -2954373.652880 	 -0.000832 	 297.647000 	 44.546000 	 -2954373.652880 	 109.802124 	 109.788031 	 297.282786
3:45:40.906 PM 2024-08-05 	 -0.002577 	 297.647000 	 44.546000 	 -2954333.084281 	 -0.001048 	 297.647000 	 44.546000 	 -2954333.084281 	 109.802243 	 109.788567 	 297.279054
3:45:46.008 PM 2024-08-05 	 -0.002043 	 297.647000 	 44.546000 	 -2954291.210987 	 -0.001457 	 297.647000 	 44.546000 	 -2954291.210987 	 109.801707 	 109.788389 	 297.275201
3:45:51.092 PM 2024-08-05 	 -0.002169 	 297.647000 	 44.546000 	 -2954256.930230 	 -0.001402 	 297.647000 	 44.546000 	 -2954256.930230 	 109.802183 	 109.788687 	 297.272048
3:45:56.215 PM 2024-08-05 	 -0.001602 	 297.647000 	 44.546000 	 -2954220.820600 	 -0.001638 	 297.647000 	 44.546000 	 -2954220.820600 	 109.802243 	 109.788746 	 297.268725
3:46:01.365 PM 2024-08-05 	 -0.001416 	 297.647000 	 44.546000 	 -2954187.068657 	 -0.001483 	 297.647000 	 44.546000 	 -2954187.068657 	 109.800039 	 109.789401 	 297.265620
3:46:06.500 PM 2024-08-05 	 -0.001851 	 297.647000 	 44.546000 	 -2954153.842558 	 -0.001533 	 297.647000 	 44.546000 	 -2954153.842558 	 109.797240 	 109.789282 	 297.262563
3:46:11.670 PM 2024-08-05 	 -0.002577 	 297.647000 	 44.546000 	 -2954118.526259 	 -0.001390 	 297.647000 	 44.546000 	 -2954118.526259 	 109.797478 	 109.788984 	 297.259314
3:46:16.831 PM 2024-08-05 	 -0.002385 	 297.647000 	 44.546000 	 -2954084.259110 	 -0.000873 	 297.647000 	 44.546000 	 -2954084.259110 	 109.798908 	 109.789520 	 297.256161
3:46:21.991 PM 2024-08-05 	 -0.001991 	 297.647000 	 44.546000 	 -2954052.610171 	 -0.000879 	 297.647000 	 44.546000 	 -2954052.610171 	 109.798491 	 109.788984 	 297.253249
3:46:27.120 PM 2024-08-05 	 -0.001964 	 297.647000 	 44.546000 	 -2954007.887084 	 -0.001364 	 297.647000 	 44.546000 	 -2954007.887084 	 109.797776 	 109.788091 	 297.249134
3:46:32.288 PM 2024-08-05 	 -0.002396 	 297.647000 	 44.546000 	 -2953977.551232 	 -0.001924 	 297.647000 	 44.546000 	 -2953977.551232 	 109.798669 	 109.788389 	 297.246343
3:46:37.435 PM 2024-08-05 	 -0.002081 	 297.647000 	 44.546000 	 -2953944.079643 	 -0.001603 	 297.647000 	 44.546000 	 -2953944.079643 	 109.798014 	 109.788091 	 297.243263
3:46:42.595 PM 2024-08-05 	 -0.002475 	 297.647000 	 44.546000 	 -2953911.395029 	 -0.001186 	 297.647000 	 44.546000 	 -2953911.395029 	 109.798431 	 109.787674 	 297.240256
3:46:47.729 PM 2024-08-05 	 -0.002081 	 297.647000 	 44.546000 	 -2953878.712869 	 -0.000993 	 297.647000 	 44.546000 	 -2953878.712869 	 109.797597 	 109.788091 	 297.237248
3:46:52.876 PM 2024-08-05 	 -0.002615 	 297.647000 	 44.546000 	 -2953842.373189 	 -0.001717 	 297.647000 	 44.546000 	 -2953842.373189 	 109.796287 	 109.788687 	 297.233904
3:46:57.985 PM 2024-08-05 	 -0.002081 	 297.647000 	 44.546000 	 -2953807.082158 	 -0.001279 	 297.647000 	 44.546000 	 -2953807.082158 	 109.795334 	 109.788925 	 297.230657
3:47:03.151 PM 2024-08-05 	 -0.002049 	 297.647000 	 44.546000 	 -2953765.520836 	 -0.001618 	 297.647000 	 44.546000 	 -2953765.520836 	 109.794679 	 109.788508 	 297.226833
3:47:08.271 PM 2024-08-05 	 -0.001944 	 297.647000 	 44.546000 	 -2953733.633705 	 -0.001872 	 297.647000 	 44.546000 	 -2953733.633705 	 109.795632 	 109.788984 	 297.223898
3:47:13.424 PM 2024-08-05 	 -0.002177 	 297.647000 	 44.546000 	 -2953705.930390 	 -0.001504 	 297.647000 	 44.546000 	 -2953705.930390 	 109.798550 	 109.790057 	 297.221349
3:47:18.551 PM 2024-08-05 	 -0.002370 	 297.647000 	 44.546000 	 -2953681.103444 	 -0.000885 	 297.647000 	 44.546000 	 -2953681.103444 	 109.799622 	 109.790235 	 297.219064
3:47:23.735 PM 2024-08-05 	 -0.002032 	 297.647000 	 44.546000 	 -2953658.629746 	 -0.001729 	 297.647000 	 44.546000 	 -2953658.629746 	 109.799980 	 109.790235 	 297.216996
3:47:28.854 PM 2024-08-05 	 -0.002309 	 297.647000 	 44.546000 	 -2953628.579519 	 -0.001472 	 297.647000 	 44.546000 	 -2953628.579519 	 109.799741 	 109.790116 	 297.214231
3:47:33.992 PM 2024-08-05 	 -0.002274 	 297.647000 	 44.546000 	 -2953601.144166 	 -0.001492 	 297.647000 	 44.546000 	 -2953601.144166 	 109.799741 	 109.790831 	 297.211706
3:47:39.169 PM 2024-08-05 	 -0.001868 	 297.647000 	 44.546000 	 -2953570.052856 	 -0.001326 	 297.647000 	 44.546000 	 -2953570.052856 	 109.800397 	 109.791486 	 297.208844
3:47:44.301 PM 2024-08-05 	 -0.001713 	 297.647000 	 44.546000 	 -2953540.269984 	 -0.001375 	 297.647000 	 44.546000 	 -2953540.269984 	 109.802005 	 109.792022 	 297.206103
3:47:49.410 PM 2024-08-05 	 -0.001751 	 297.647000 	 44.546000 	 -2953514.668791 	 -0.001437 	 297.647000 	 44.546000 	 -2953514.668791 	 109.803970 	 109.791605 	 297.203747
3:47:54.525 PM 2024-08-05 	 -0.002105 	 297.647000 	 44.546000 	 -2953493.248542 	 -0.001568 	 297.647000 	 44.546000 	 -2953493.248542 	 109.805400 	 109.792320 	 297.201776
3:47:59.617 PM 2024-08-05 	 -0.002105 	 297.647000 	 44.546000 	 -2953466.866511 	 -0.000821 	 297.647000 	 44.546000 	 -2953466.866511 	 109.807127 	 109.791188 	 297.199348
3:48:04.753 PM 2024-08-05 	 -0.002566 	 297.647000 	 44.546000 	 -2953439.963709 	 -0.000920 	 297.647000 	 44.546000 	 -2953439.963709 	 109.808973 	 109.790593 	 297.196872
3:48:09.912 PM 2024-08-05 	 -0.001929 	 297.647000 	 44.546000 	 -2953412.017896 	 -0.001936 	 297.647000 	 44.546000 	 -2953412.017896 	 109.809986 	 109.790354 	 297.194300
3:48:14.995 PM 2024-08-05 	 -0.002134 	 297.647000 	 44.546000 	 -2953389.558075 	 -0.001924 	 297.647000 	 44.546000 	 -2953389.558075 	 109.811236 	 109.790652 	 297.192233
3:48:20.087 PM 2024-08-05 	 -0.001783 	 297.647000 	 44.546000 	 -2953357.959589 	 -0.001708 	 297.647000 	 44.546000 	 -2953357.959589 	 109.812487 	 109.790890 	 297.189325
3:48:25.202 PM 2024-08-05 	 -0.001991 	 297.647000 	 44.546000 	 -2953328.191211 	 -0.001016 	 297.647000 	 44.546000 	 -2953328.191211 	 109.813678 	 109.791069 	 297.186585
3:48:30.278 PM 2024-08-05 	 -0.002341 	 297.647000 	 44.546000 	 -2953301.558069 	 -0.001419 	 297.647000 	 44.546000 	 -2953301.558069 	 109.814393 	 109.791427 	 297.184133
3:48:35.351 PM 2024-08-05 	 -0.002393 	 297.647000 	 44.546000 	 -2953282.237005 	 -0.001005 	 297.647000 	 44.546000 	 -2953282.237005 	 109.815644 	 109.791724 	 297.182355
3:48:40.433 PM 2024-08-05 	 -0.002163 	 297.647000 	 44.546000 	 -2953257.434191 	 -0.001159 	 297.647000 	 44.546000 	 -2953257.434191 	 109.816895 	 109.792201 	 297.180072
3:48:45.503 PM 2024-08-05 	 -0.002344 	 297.647000 	 44.546000 	 -2953234.982334 	 -0.000993 	 297.647000 	 44.546000 	 -2953234.982334 	 109.818443 	 109.792499 	 297.178005
3:48:50.533 PM 2024-08-05 	 -0.001567 	 297.647000 	 44.546000 	 -2953213.053730 	 -0.001396 	 297.647000 	 44.546000 	 -2953213.053730 	 109.819932 	 109.792975 	 297.175987
3:48:55.634 PM 2024-08-05 	 -0.002945 	 297.647000 	 44.546000 	 -2953185.644526 	 -0.001498 	 297.647000 	 44.546000 	 -2953185.644526 	 109.819098 	 109.793035 	 297.173464
3:49:00.746 PM 2024-08-05 	 -0.002049 	 297.647000 	 44.546000 	 -2953163.457384 	 -0.001121 	 297.647000 	 44.546000 	 -2953163.457384 	 109.818681 	 109.793392 	 297.171422
3:49:05.842 PM 2024-08-05 	 -0.002373 	 297.647000 	 44.546000 	 -2953144.664453 	 -0.001305 	 297.647000 	 44.546000 	 -2953144.664453 	 109.818265 	 109.793928 	 297.169692
3:49:10.984 PM 2024-08-05 	 -0.001839 	 297.647000 	 44.546000 	 -2953116.998557 	 -0.001606 	 297.647000 	 44.546000 	 -2953116.998557 	 109.817967 	 109.794643 	 297.167145
3:49:16.086 PM 2024-08-05 	 -0.001973 	 297.647000 	 44.546000 	 -2953095.336863 	 -0.001244 	 297.647000 	 44.546000 	 -2953095.336863 	 109.818265 	 109.795596 	 297.165151
3:49:21.200 PM 2024-08-05 	 -0.002029 	 297.647000 	 44.546000 	 -2953071.588532 	 -0.001387 	 297.647000 	 44.546000 	 -2953071.588532 	 109.818622 	 109.796073 	 297.162965
3:49:26.310 PM 2024-08-05 	 -0.001821 	 297.647000 	 44.546000 	 -2953042.361592 	 -0.001787 	 297.647000 	 44.546000 	 -2953042.361592 	 109.819039 	 109.795894 	 297.160275
3:49:31.410 PM 2024-08-05 	 -0.002157 	 297.647000 	 44.546000 	 -2953015.224044 	 -0.001483 	 297.647000 	 44.546000 	 -2953015.224044 	 109.819515 	 109.796013 	 297.157777
3:49:36.512 PM 2024-08-05 	 -0.001988 	 297.647000 	 44.546000 	 -2952992.001906 	 -0.001250 	 297.647000 	 44.546000 	 -2952992.001906 	 109.819456 	 109.796311 	 297.155639
3:49:41.642 PM 2024-08-05 	 -0.002303 	 297.647000 	 44.546000 	 -2952974.520887 	 -0.001486 	 297.647000 	 44.546000 	 -2952974.520887 	 109.819277 	 109.796370 	 297.154030
3:49:46.765 PM 2024-08-05 	 -0.002271 	 297.647000 	 44.546000 	 -2952951.040024 	 -0.001247 	 297.647000 	 44.546000 	 -2952951.040024 	 109.820528 	 109.796490 	 297.151868
3:49:51.894 PM 2024-08-05 	 -0.002519 	 297.647000 	 44.546000 	 -2952926.256040 	 -0.001664 	 297.647000 	 44.546000 	 -2952926.256040 	 109.820826 	 109.796430 	 297.149587
3:49:57.052 PM 2024-08-05 	 -0.001649 	 297.647000 	 44.546000 	 -2952901.473464 	 -0.001209 	 297.647000 	 44.546000 	 -2952901.473464 	 109.820409 	 109.796668 	 297.147305
3:50:02.171 PM 2024-08-05 	 -0.001824 	 297.647000 	 44.546000 	 -2952879.300773 	 -0.001594 	 297.647000 	 44.546000 	 -2952879.300773 	 109.820111 	 109.796311 	 297.145264
3:50:07.296 PM 2024-08-05 	 -0.001988 	 297.647000 	 44.546000 	 -2952857.650880 	 -0.001638 	 297.647000 	 44.546000 	 -2952857.650880 	 109.819456 	 109.795239 	 297.143271
3:50:12.409 PM 2024-08-05 	 -0.002069 	 297.647000 	 44.546000 	 -2952833.393842 	 -0.001317 	 297.647000 	 44.546000 	 -2952833.393842 	 109.818503 	 109.793988 	 297.141038
3:50:17.533 PM 2024-08-05 	 -0.001839 	 297.647000 	 44.546000 	 -2952807.312510 	 -0.001291 	 297.647000 	 44.546000 	 -2952807.312510 	 109.818622 	 109.792082 	 297.138637
3:50:22.628 PM 2024-08-05 	 -0.002137 	 297.647000 	 44.546000 	 -2952787.230946 	 -0.001559 	 297.647000 	 44.546000 	 -2952787.230946 	 109.819515 	 109.791367 	 297.136788
3:50:27.769 PM 2024-08-05 	 -0.002049 	 297.647000 	 44.546000 	 -2952768.454216 	 -0.001121 	 297.647000 	 44.546000 	 -2952768.454216 	 109.821659 	 109.790057 	 297.135059
3:50:32.880 PM 2024-08-05 	 -0.002043 	 297.647000 	 44.546000 	 -2952747.331361 	 -0.001326 	 297.647000 	 44.546000 	 -2952747.331361 	 109.824935 	 109.789342 	 297.133115
3:50:38.022 PM 2024-08-05 	 -0.002029 	 297.647000 	 44.546000 	 -2952730.903180 	 -0.001971 	 297.647000 	 44.546000 	 -2952730.903180 	 109.827139 	 109.788627 	 297.131602
3:50:43.143 PM 2024-08-05 	 -0.002087 	 297.647000 	 44.546000 	 -2952711.868124 	 -0.001673 	 297.647000 	 44.546000 	 -2952711.868124 	 109.829641 	 109.788329 	 297.129850
3:50:48.273 PM 2024-08-05 	 -0.002323 	 297.647000 	 44.546000 	 -2952688.140656 	 -0.001626 	 297.647000 	 44.546000 	 -2952688.140656 	 109.829045 	 109.788448 	 297.127665
3:50:53.388 PM 2024-08-05 	 -0.002428 	 297.647000 	 44.546000 	 -2952668.064574 	 -0.001296 	 297.647000 	 44.546000 	 -2952668.064574 	 109.827377 	 109.788389 	 297.125817
3:50:58.480 PM 2024-08-05 	 -0.002426 	 297.647000 	 44.546000 	 -2952650.596527 	 -0.001553 	 297.647000 	 44.546000 	 -2952650.596527 	 109.828032 	 109.788210 	 297.124209
3:51:03.631 PM 2024-08-05 	 -0.002443 	 297.647000 	 44.546000 	 -2952645.121612 	 -0.001241 	 297.647000 	 44.546000 	 -2952645.121612 	 109.829521 	 109.788865 	 297.123705
3:51:08.746 PM 2024-08-05 	 -0.001725 	 297.647000 	 44.546000 	 -2952635.996905 	 -0.000946 	 297.647000 	 44.546000 	 -2952635.996905 	 109.829521 	 109.788329 	 297.122864
3:51:13.885 PM 2024-08-05 	 -0.002107 	 297.647000 	 44.546000 	 -2952624.265419 	 -0.001361 	 297.647000 	 44.546000 	 -2952624.265419 	 109.829343 	 109.788508 	 297.121784
3:51:18.968 PM 2024-08-05 	 -0.002367 	 297.647000 	 44.546000 	 -2952618.790834 	 -0.002108 	 297.647000 	 44.546000 	 -2952618.790834 	 109.830713 	 109.789282 	 297.121280
3:51:24.098 PM 2024-08-05 	 -0.002224 	 297.647000 	 44.546000 	 -2952607.320497 	 -0.001600 	 297.647000 	 44.546000 	 -2952607.320497 	 109.831785 	 109.789759 	 297.120224
3:51:29.205 PM 2024-08-05 	 -0.001553 	 297.647000 	 44.546000 	 -2952596.371819 	 -0.001729 	 297.647000 	 44.546000 	 -2952596.371819 	 109.830653 	 109.790176 	 297.119216
3:51:34.342 PM 2024-08-05 	 -0.002306 	 297.647000 	 44.546000 	 -2952588.030154 	 -0.001355 	 297.647000 	 44.546000 	 -2952588.030154 	 109.829641 	 109.790176 	 297.118448
3:51:39.481 PM 2024-08-05 	 -0.002069 	 297.647000 	 44.546000 	 -2952572.911292 	 -0.001145 	 297.647000 	 44.546000 	 -2952572.911292 	 109.828032 	 109.791427 	 297.117056
3:51:44.614 PM 2024-08-05 	 -0.002020 	 297.647000 	 44.546000 	 -2952556.750329 	 -0.001261 	 297.647000 	 44.546000 	 -2952556.750329 	 109.827377 	 109.791069 	 297.115568
3:51:49.709 PM 2024-08-05 	 -0.002335 	 297.647000 	 44.546000 	 -2952545.542271 	 -0.001699 	 297.647000 	 44.546000 	 -2952545.542271 	 109.828807 	 109.791486 	 297.114536
3:51:54.856 PM 2024-08-05 	 -0.002531 	 297.647000 	 44.546000 	 -2952535.116428 	 -0.001594 	 297.647000 	 44.546000 	 -2952535.116428 	 109.829224 	 109.792022 	 297.113576
3:51:59.985 PM 2024-08-05 	 -0.002385 	 297.647000 	 44.546000 	 -2952516.350538 	 -0.001533 	 297.647000 	 44.546000 	 -2952516.350538 	 109.830593 	 109.792439 	 297.111848
3:52:05.105 PM 2024-08-05 	 -0.002545 	 297.647000 	 44.546000 	 -2952508.271029 	 -0.001367 	 297.647000 	 44.546000 	 -2952508.271029 	 109.833571 	 109.792618 	 297.111104
3:52:10.224 PM 2024-08-05 	 -0.001570 	 297.647000 	 44.546000 	 -2952504.882892 	 -0.001384 	 297.647000 	 44.546000 	 -2952504.882892 	 109.836728 	 109.793571 	 297.110792
3:52:15.325 PM 2024-08-05 	 -0.001897 	 297.647000 	 44.546000 	 -2952497.585455 	 -0.001323 	 297.647000 	 44.546000 	 -2952497.585455 	 109.839468 	 109.793630 	 297.110120
3:52:20.459 PM 2024-08-05 	 -0.001748 	 297.647000 	 44.546000 	 -2952483.772784 	 -0.000856 	 297.647000 	 44.546000 	 -2952483.772784 	 109.839051 	 109.794167 	 297.108849
3:52:25.588 PM 2024-08-05 	 -0.001979 	 297.647000 	 44.546000 	 -2952475.172662 	 -0.001326 	 297.647000 	 44.546000 	 -2952475.172662 	 109.838991 	 109.794762 	 297.108057
3:52:30.750 PM 2024-08-05 	 -0.002376 	 297.647000 	 44.546000 	 -2952462.663696 	 -0.000844 	 297.647000 	 44.546000 	 -2952462.663696 	 109.838694 	 109.795179 	 297.106905
3:52:35.865 PM 2024-08-05 	 -0.001880 	 297.647000 	 44.546000 	 -2952443.640331 	 -0.001428 	 297.647000 	 44.546000 	 -2952443.640331 	 109.838813 	 109.795358 	 297.105153
3:52:40.995 PM 2024-08-05 	 -0.002166 	 297.647000 	 44.546000 	 -2952430.350526 	 -0.001694 	 297.647000 	 44.546000 	 -2952430.350526 	 109.837860 	 109.796251 	 297.103930
3:52:46.133 PM 2024-08-05 	 -0.001833 	 297.647000 	 44.546000 	 -2952422.533183 	 -0.002295 	 297.647000 	 44.546000 	 -2952422.533183 	 109.837383 	 109.797026 	 297.103210
3:52:51.267 PM 2024-08-05 	 -0.002172 	 297.647000 	 44.546000 	 -2952416.539981 	 -0.001577 	 297.647000 	 44.546000 	 -2952416.539981 	 109.839170 	 109.798038 	 297.102658
3:52:56.405 PM 2024-08-05 	 -0.001842 	 297.647000 	 44.546000 	 -2952408.201750 	 -0.001422 	 297.647000 	 44.546000 	 -2952408.201750 	 109.841195 	 109.798396 	 297.101890
3:53:01.514 PM 2024-08-05 	 -0.001661 	 297.647000 	 44.546000 	 -2952404.814390 	 -0.001402 	 297.647000 	 44.546000 	 -2952404.814390 	 109.843101 	 109.799587 	 297.101578
3:53:06.665 PM 2024-08-05 	 -0.001988 	 297.647000 	 44.546000 	 -2952390.222982 	 -0.001781 	 297.647000 	 44.546000 	 -2952390.222982 	 109.844054 	 109.799825 	 297.100235
3:53:11.797 PM 2024-08-05 	 -0.002064 	 297.647000 	 44.546000 	 -2952388.920201 	 -0.000853 	 297.647000 	 44.546000 	 -2952388.920201 	 109.846972 	 109.799647 	 297.100115
3:53:16.908 PM 2024-08-05 	 -0.002364 	 297.647000 	 44.546000 	 -2952380.582497 	 -0.001276 	 297.647000 	 44.546000 	 -2952380.582497 	 109.846496 	 109.799587 	 297.099347
3:53:22.073 PM 2024-08-05 	 -0.001865 	 297.647000 	 44.546000 	 -2952380.061396 	 -0.001714 	 297.647000 	 44.546000 	 -2952380.061396 	 109.845067 	 109.800302 	 297.099299
3:53:27.189 PM 2024-08-05 	 -0.002534 	 297.647000 	 44.546000 	 -2952366.512983 	 -0.001732 	 297.647000 	 44.546000 	 -2952366.512983 	 109.843518 	 109.801553 	 297.098051
3:53:32.316 PM 2024-08-05 	 -0.001856 	 297.647000 	 44.546000 	 -2952361.562706 	 -0.001527 	 297.647000 	 44.546000 	 -2952361.562706 	 109.843042 	 109.802446 	 297.097596
3:53:37.453 PM 2024-08-05 	 -0.001854 	 297.647000 	 44.546000 	 -2952353.746594 	 -0.001761 	 297.647000 	 44.546000 	 -2952353.746594 	 109.842565 	 109.802565 	 297.096876
3:53:42.579 PM 2024-08-05 	 -0.002195 	 297.647000 	 44.546000 	 -2952354.267664 	 -0.001845 	 297.647000 	 44.546000 	 -2952354.267664 	 109.843161 	 109.802565 	 297.096924
3:53:47.698 PM 2024-08-05 	 -0.002577 	 297.647000 	 44.546000 	 -2952349.838590 	 -0.001469 	 297.647000 	 44.546000 	 -2952349.838590 	 109.844233 	 109.803578 	 297.096516
3:53:52.844 PM 2024-08-05 	 -0.001997 	 297.647000 	 44.546000 	 -2952343.846386 	 -0.001369 	 297.647000 	 44.546000 	 -2952343.846386 	 109.844411 	 109.803995 	 297.095964
3:53:57.983 PM 2024-08-05 	 -0.001567 	 297.647000 	 44.546000 	 -2952338.635840 	 -0.000660 	 297.647000 	 44.546000 	 -2952338.635840 	 109.841791 	 109.803757 	 297.095484
3:54:03.139 PM 2024-08-05 	 -0.002347 	 297.647000 	 44.546000 	 -2952323.525608 	 -0.001005 	 297.647000 	 44.546000 	 -2952323.525608 	 109.838753 	 109.803161 	 297.094093
3:54:08.269 PM 2024-08-05 	 -0.001924 	 297.647000 	 44.546000 	 -2952313.626085 	 -0.001714 	 297.647000 	 44.546000 	 -2952313.626085 	 109.837145 	 109.802982 	 297.093181
3:54:13.403 PM 2024-08-05 	 -0.002402 	 297.647000 	 44.546000 	 -2952302.945271 	 -0.001294 	 297.647000 	 44.546000 	 -2952302.945271 	 109.835537 	 109.803042 	 297.092198
3:54:18.538 PM 2024-08-05 	 -0.002490 	 297.647000 	 44.546000 	 -2952288.617761 	 -0.002097 	 297.647000 	 44.546000 	 -2952288.617761 	 109.833155 	 109.803220 	 297.090879
3:54:23.678 PM 2024-08-05 	 -0.001769 	 297.647000 	 44.546000 	 -2952272.467313 	 -0.001787 	 297.647000 	 44.546000 	 -2952272.467313 	 109.830891 	 109.802506 	 297.089391
3:54:28.811 PM 2024-08-05 	 -0.002513 	 297.647000 	 44.546000 	 -2952258.922236 	 -0.001066 	 297.647000 	 44.546000 	 -2952258.922236 	 109.831010 	 109.802387 	 297.088144
3:54:33.973 PM 2024-08-05 	 -0.002148 	 297.647000 	 44.546000 	 -2952246.679931 	 -0.001664 	 297.647000 	 44.546000 	 -2952246.679931 	 109.832976 	 109.801910 	 297.087017
3:54:39.088 PM 2024-08-05 	 -0.002321 	 297.647000 	 44.546000 	 -2952237.303079 	 -0.001352 	 297.647000 	 44.546000 	 -2952237.303079 	 109.832082 	 109.802029 	 297.086153
3:54:44.223 PM 2024-08-05 	 -0.001959 	 297.647000 	 44.546000 	 -2952231.833341 	 -0.001352 	 297.647000 	 44.546000 	 -2952231.833341 	 109.830355 	 109.801970 	 297.085650
3:54:49.360 PM 2024-08-05 	 -0.002750 	 297.647000 	 44.546000 	 -2952213.601377 	 -0.001437 	 297.647000 	 44.546000 	 -2952213.601377 	 109.826782 	 109.801850 	 297.083971
3:54:54.536 PM 2024-08-05 	 -0.001792 	 297.647000 	 44.546000 	 -2952200.058124 	 -0.001793 	 297.647000 	 44.546000 	 -2952200.058124 	 109.822851 	 109.801553 	 297.082723
3:54:59.682 PM 2024-08-05 	 -0.002221 	 297.647000 	 44.546000 	 -2952184.171382 	 -0.001734 	 297.647000 	 44.546000 	 -2952184.171382 	 109.822791 	 109.801612 	 297.081260
3:55:04.812 PM 2024-08-05 	 -0.002598 	 297.647000 	 44.546000 	 -2952168.024793 	 -0.001533 	 297.647000 	 44.546000 	 -2952168.024793 	 109.822136 	 109.801791 	 297.079773
3:55:09.954 PM 2024-08-05 	 -0.001801 	 297.647000 	 44.546000 	 -2952154.482953 	 -0.001005 	 297.647000 	 44.546000 	 -2952154.482953 	 109.821481 	 109.801970 	 297.078526
3:55:15.118 PM 2024-08-05 	 -0.002072 	 297.647000 	 44.546000 	 -2952139.899901 	 -0.001361 	 297.647000 	 44.546000 	 -2952139.899901 	 109.818860 	 109.801076 	 297.077183
3:55:20.248 PM 2024-08-05 	 -0.002729 	 297.647000 	 44.546000 	 -2952128.702532 	 -0.001673 	 297.647000 	 44.546000 	 -2952128.702532 	 109.816776 	 109.800897 	 297.076152
3:55:25.460 PM 2024-08-05 	 -0.002627 	 297.647000 	 44.546000 	 -2952120.109396 	 -0.000896 	 297.647000 	 44.546000 	 -2952120.109396 	 109.814155 	 109.801612 	 297.075361
3:55:30.642 PM 2024-08-05 	 -0.002280 	 297.647000 	 44.546000 	 -2952114.380732 	 -0.001244 	 297.647000 	 44.546000 	 -2952114.380732 	 109.812189 	 109.802208 	 297.074833
3:55:35.780 PM 2024-08-05 	 -0.001792 	 297.647000 	 44.546000 	 -2952107.870979 	 -0.001101 	 297.647000 	 44.546000 	 -2952107.870979 	 109.811236 	 109.803757 	 297.074234
3:55:40.945 PM 2024-08-05 	 -0.002017 	 297.647000 	 44.546000 	 -2952096.674429 	 -0.001769 	 297.647000 	 44.546000 	 -2952096.674429 	 109.810522 	 109.803578 	 297.073203
3:55:46.091 PM 2024-08-05 	 -0.001690 	 297.647000 	 44.546000 	 -2952078.448102 	 -0.001410 	 297.647000 	 44.546000 	 -2952078.448102 	 109.809509 	 109.804054 	 297.071524
3:55:51.201 PM 2024-08-05 	 -0.001979 	 297.647000 	 44.546000 	 -2952065.690124 	 -0.001098 	 297.647000 	 44.546000 	 -2952065.690124 	 109.808437 	 109.804174 	 297.070349
3:55:56.370 PM 2024-08-05 	 -0.002154 	 297.647000 	 44.546000 	 -2952047.204736 	 -0.000835 	 297.647000 	 44.546000 	 -2952047.204736 	 109.807663 	 109.803399 	 297.068647
3:56:01.481 PM 2024-08-05 	 -0.002172 	 297.647000 	 44.546000 	 -2952032.364920 	 -0.001259 	 297.647000 	 44.546000 	 -2952032.364920 	 109.806293 	 109.803935 	 297.067280
3:56:06.641 PM 2024-08-05 	 -0.002163 	 297.647000 	 44.546000 	 -2952013.880941 	 -0.001133 	 297.647000 	 44.546000 	 -2952013.880941 	 109.805578 	 109.803816 	 297.065578
3:56:11.807 PM 2024-08-05 	 -0.001889 	 297.647000 	 44.546000 	 -2951992.534219 	 -0.001705 	 297.647000 	 44.546000 	 -2951992.534219 	 109.804089 	 109.803340 	 297.063612
3:56:16.995 PM 2024-08-05 	 -0.002469 	 297.647000 	 44.546000 	 -2951978.477190 	 -0.000955 	 297.647000 	 44.546000 	 -2951978.477190 	 109.801052 	 109.802863 	 297.062317
3:56:22.173 PM 2024-08-05 	 -0.002224 	 297.647000 	 44.546000 	 -2951963.900009 	 -0.001428 	 297.647000 	 44.546000 	 -2951963.900009 	 109.798610 	 109.802625 	 297.060975
3:56:27.317 PM 2024-08-05 	 -0.002175 	 297.647000 	 44.546000 	 -2951950.885079 	 -0.001396 	 297.647000 	 44.546000 	 -2951950.885079 	 109.794262 	 109.802446 	 297.059776
3:56:32.491 PM 2024-08-05 	 -0.002215 	 297.647000 	 44.546000 	 -2951943.596887 	 -0.001682 	 297.647000 	 44.546000 	 -2951943.596887 	 109.789914 	 109.801791 	 297.059105
3:56:37.650 PM 2024-08-05 	 -0.002069 	 297.647000 	 44.546000 	 -2951928.760586 	 -0.001209 	 297.647000 	 44.546000 	 -2951928.760586 	 109.788604 	 109.801910 	 297.057738
3:56:42.800 PM 2024-08-05 	 -0.001883 	 297.647000 	 44.546000 	 -2951919.390550 	 -0.001264 	 297.647000 	 44.546000 	 -2951919.390550 	 109.788068 	 109.801434 	 297.056875
3:56:47.941 PM 2024-08-05 	 -0.001862 	 297.647000 	 44.546000 	 -2951908.459095 	 -0.001171 	 297.647000 	 44.546000 	 -2951908.459095 	 109.785923 	 109.801791 	 297.055868
3:56:53.101 PM 2024-08-05 	 -0.002353 	 297.647000 	 44.546000 	 -2951904.294804 	 -0.001264 	 297.647000 	 44.546000 	 -2951904.294804 	 109.783184 	 109.800659 	 297.055485
3:56:58.275 PM 2024-08-05 	 -0.001877 	 297.647000 	 44.546000 	 -2951898.048440 	 -0.001518 	 297.647000 	 44.546000 	 -2951898.048440 	 109.781218 	 109.800480 	 297.054910
3:57:03.393 PM 2024-08-05 	 -0.002183 	 297.647000 	 44.546000 	 -2951882.432922 	 -0.001104 	 297.647000 	 44.546000 	 -2951882.432922 	 109.779134 	 109.799706 	 297.053471
3:57:08.512 PM 2024-08-05 	 -0.001973 	 297.647000 	 44.546000 	 -2951872.543382 	 -0.001311 	 297.647000 	 44.546000 	 -2951872.543382 	 109.777704 	 109.799885 	 297.052561
3:57:13.690 PM 2024-08-05 	 -0.001705 	 297.647000 	 44.546000 	 -2951854.846868 	 -0.001618 	 297.647000 	 44.546000 	 -2951854.846868 	 109.776037 	 109.799885 	 297.050931
3:57:18.829 PM 2024-08-05 	 -0.002341 	 297.647000 	 44.546000 	 -2951843.396565 	 -0.001691 	 297.647000 	 44.546000 	 -2951843.396565 	 109.775203 	 109.799349 	 297.049876
3:57:23.998 PM 2024-08-05 	 -0.001938 	 297.647000 	 44.546000 	 -2951834.809034 	 -0.000984 	 297.647000 	 44.546000 	 -2951834.809034 	 109.776394 	 109.798813 	 297.049085
3:57:29.167 PM 2024-08-05 	 -0.002154 	 297.647000 	 44.546000 	 -2951825.701230 	 -0.001142 	 297.647000 	 44.546000 	 -2951825.701230 	 109.776811 	 109.798396 	 297.048246
3:57:34.287 PM 2024-08-05 	 -0.002093 	 297.647000 	 44.546000 	 -2951815.812973 	 -0.001288 	 297.647000 	 44.546000 	 -2951815.812973 	 109.775441 	 109.797502 	 297.047335
3:57:39.430 PM 2024-08-05 	 -0.002084 	 297.647000 	 44.546000 	 -2951806.185148 	 -0.001326 	 297.647000 	 44.546000 	 -2951806.185148 	 109.773475 	 109.796728 	 297.046449
3:57:44.600 PM 2024-08-05 	 -0.002312 	 297.647000 	 44.546000 	 -2951797.077940 	 -0.001177 	 297.647000 	 44.546000 	 -2951797.077940 	 109.773178 	 109.797204 	 297.045610
3:57:49.680 PM 2024-08-05 	 -0.001848 	 297.647000 	 44.546000 	 -2951790.833108 	 -0.001361 	 297.647000 	 44.546000 	 -2951790.833108 	 109.771986 	 109.797026 	 297.045035
3:57:54.788 PM 2024-08-05 	 -0.002411 	 297.647000 	 44.546000 	 -2951785.368952 	 -0.001226 	 297.647000 	 44.546000 	 -2951785.368952 	 109.769723 	 109.797562 	 297.044531
3:57:59.901 PM 2024-08-05 	 -0.002776 	 297.647000 	 44.546000 	 -2951781.986414 	 -0.001226 	 297.647000 	 44.546000 	 -2951781.986414 	 109.770021 	 109.798693 	 297.044220
3:58:05.012 PM 2024-08-05 	 -0.001600 	 297.647000 	 44.546000 	 -2951784.067973 	 -0.001022 	 297.647000 	 44.546000 	 -2951784.067973 	 109.771927 	 109.800242 	 297.044412
3:58:10.133 PM 2024-08-05 	 -0.001810 	 297.647000 	 44.546000 	 -2951783.027192 	 -0.001402 	 297.647000 	 44.546000 	 -2951783.027192 	 109.772225 	 109.802327 	 297.044316
3:58:15.197 PM 2024-08-05 	 -0.002157 	 297.647000 	 44.546000 	 -2951771.578768 	 -0.001454 	 297.647000 	 44.546000 	 -2951771.578768 	 109.771569 	 109.802804 	 297.043261
3:58:20.326 PM 2024-08-05 	 -0.002064 	 297.647000 	 44.546000 	 -2951768.976896 	 -0.001498 	 297.647000 	 44.546000 	 -2951768.976896 	 109.771391 	 109.803637 	 297.043022
3:58:25.440 PM 2024-08-05 	 -0.002177 	 297.647000 	 44.546000 	 -2951758.309379 	 -0.001775 	 297.647000 	 44.546000 	 -2951758.309379 	 109.770319 	 109.804114 	 297.042039
3:58:30.573 PM 2024-08-05 	 -0.002131 	 297.647000 	 44.546000 	 -2951749.463343 	 -0.001139 	 297.647000 	 44.546000 	 -2951749.463343 	 109.767162 	 109.804293 	 297.041224
3:58:35.687 PM 2024-08-05 	 -0.001725 	 297.647000 	 44.546000 	 -2951740.617486 	 -0.001279 	 297.647000 	 44.546000 	 -2951740.617486 	 109.764184 	 109.804114 	 297.040409
3:58:40.809 PM 2024-08-05 	 -0.001918 	 297.647000 	 44.546000 	 -2951728.389684 	 -0.001145 	 297.647000 	 44.546000 	 -2951728.389684 	 109.763588 	 109.803816 	 297.039283
3:58:45.923 PM 2024-08-05 	 -0.002128 	 297.647000 	 44.546000 	 -2951722.405990 	 -0.001466 	 297.647000 	 44.546000 	 -2951722.405990 	 109.764661 	 109.804293 	 297.038732
3:58:51.017 PM 2024-08-05 	 -0.001270 	 297.647000 	 44.546000 	 -2951719.544253 	 -0.001699 	 297.647000 	 44.546000 	 -2951719.544253 	 109.766150 	 109.804590 	 297.038468
3:58:56.096 PM 2024-08-05 	 -0.001570 	 297.647000 	 44.546000 	 -2951717.983313 	 -0.001057 	 297.647000 	 44.546000 	 -2951717.983313 	 109.768353 	 109.805127 	 297.038325
3:59:01.190 PM 2024-08-05 	 -0.002566 	 297.647000 	 44.546000 	 -2951710.178697 	 -0.001334 	 297.647000 	 44.546000 	 -2951710.178697 	 109.768294 	 109.805424 	 297.037606
3:59:06.320 PM 2024-08-05 	 -0.002738 	 297.647000 	 44.546000 	 -2951707.317039 	 -0.001267 	 297.647000 	 44.546000 	 -2951707.317039 	 109.769366 	 109.804650 	 297.037342
3:59:11.424 PM 2024-08-05 	 -0.002335 	 297.647000 	 44.546000 	 -2951702.634367 	 -0.001180 	 297.647000 	 44.546000 	 -2951702.634367 	 109.772403 	 109.804233 	 297.036911
3:59:16.546 PM 2024-08-05 	 -0.002011 	 297.647000 	 44.546000 	 -2951698.992324 	 -0.001434 	 297.647000 	 44.546000 	 -2951698.992324 	 109.773833 	 109.803757 	 297.036575
3:59:21.682 PM 2024-08-05 	 -0.002242 	 297.647000 	 44.546000 	 -2951691.708328 	 -0.001145 	 297.647000 	 44.546000 	 -2951691.708328 	 109.774011 	 109.803340 	 297.035904
3:59:26.779 PM 2024-08-05 	 -0.001833 	 297.647000 	 44.546000 	 -2951691.188047 	 -0.001381 	 297.647000 	 44.546000 	 -2951691.188047 	 109.773595 	 109.803161 	 297.035856
3:59:31.883 PM 2024-08-05 	 -0.001696 	 297.647000 	 44.546000 	 -2951688.586652 	 -0.001299 	 297.647000 	 44.546000 	 -2951688.586652 	 109.771093 	 109.802565 	 297.035617
3:59:37.021 PM 2024-08-05 	 -0.001821 	 297.647000 	 44.546000 	 -2951684.944725 	 -0.001340 	 297.647000 	 44.546000 	 -2951684.944725 	 109.769485 	 109.802387 	 297.035281
3:59:42.156 PM 2024-08-05 	 -0.002210 	 297.647000 	 44.546000 	 -2951687.025823 	 -0.001013 	 297.647000 	 44.546000 	 -2951687.025823 	 109.769306 	 109.802029 	 297.035473
3:59:47.268 PM 2024-08-05 	 -0.002297 	 297.647000 	 44.546000 	 -2951680.782560 	 -0.001515 	 297.647000 	 44.546000 	 -2951680.782560 	 109.769425 	 109.801612 	 297.034898
3:59:52.382 PM 2024-08-05 	 -0.002499 	 297.647000 	 44.546000 	 -2951679.481892 	 -0.001518 	 297.647000 	 44.546000 	 -2951679.481892 	 109.769247 	 109.801612 	 297.034778
3:59:57.534 PM 2024-08-05 	 -0.001848 	 297.647000 	 44.546000 	 -2951674.019127 	 -0.001042 	 297.647000 	 44.546000 	 -2951674.019127 	 109.769306 	 109.802446 	 297.034275
4:00:02.648 PM 2024-08-05 	 -0.002023 	 297.647000 	 44.546000 	 -2951669.857066 	 -0.001124 	 297.647000 	 44.546000 	 -2951669.857066 	 109.769902 	 109.801850 	 297.033892
4:00:07.772 PM 2024-08-05 	 -0.002134 	 297.647000 	 44.546000 	 -2951658.151482 	 -0.001638 	 297.647000 	 44.546000 	 -2951658.151482 	 109.769128 	 109.801731 	 297.032813
4:00:12.897 PM 2024-08-05 	 -0.001640 	 297.647000 	 44.546000 	 -2951640.723748 	 -0.001241 	 297.647000 	 44.546000 	 -2951640.723748 	 109.768949 	 109.801970 	 297.031208
4:00:18.032 PM 2024-08-05 	 -0.002335 	 297.647000 	 44.546000 	 -2951631.619984 	 -0.001034 	 297.647000 	 44.546000 	 -2951631.619984 	 109.768294 	 109.802208 	 297.030369
4:00:23.129 PM 2024-08-05 	 -0.001781 	 297.647000 	 44.546000 	 -2951619.395227 	 -0.001005 	 297.647000 	 44.546000 	 -2951619.395227 	 109.766388 	 109.803161 	 297.029243
4:00:28.203 PM 2024-08-05 	 -0.001687 	 297.647000 	 44.546000 	 -2951607.690993 	 -0.001536 	 297.647000 	 44.546000 	 -2951607.690993 	 109.766030 	 109.803757 	 297.028165
4:00:33.326 PM 2024-08-05 	 -0.002373 	 297.647000 	 44.546000 	 -2951605.350183 	 -0.000926 	 297.647000 	 44.546000 	 -2951605.350183 	 109.765733 	 109.804114 	 297.027950
4:00:38.458 PM 2024-08-05 	 -0.001725 	 297.647000 	 44.546000 	 -2951596.247155 	 -0.001454 	 297.647000 	 44.546000 	 -2951596.247155 	 109.763946 	 109.803995 	 297.027111
4:00:43.577 PM 2024-08-05 	 -0.002364 	 297.647000 	 44.546000 	 -2951584.023386 	 -0.001875 	 297.647000 	 44.546000 	 -2951584.023386 	 109.762219 	 109.804233 	 297.025985
4:00:48.675 PM 2024-08-05 	 -0.001503 	 297.647000 	 44.546000 	 -2951580.122255 	 -0.001253 	 297.647000 	 44.546000 	 -2951580.122255 	 109.760134 	 109.804650 	 297.025626
4:00:53.769 PM 2024-08-05 	 -0.001871 	 297.647000 	 44.546000 	 -2951580.122255 	 -0.000888 	 297.647000 	 44.546000 	 -2951580.122255 	 109.759598 	 109.804650 	 297.025626
4:00:58.901 PM 2024-08-05 	 -0.001956 	 297.647000 	 44.546000 	 -2951574.400659 	 -0.001013 	 297.647000 	 44.546000 	 -2951574.400659 	 109.759777 	 109.804412 	 297.025099
4:01:04.023 PM 2024-08-05 	 -0.001597 	 297.647000 	 44.546000 	 -2951573.360377 	 -0.001407 	 297.647000 	 44.546000 	 -2951573.360377 	 109.758705 	 109.804352 	 297.025003
4:01:09.139 PM 2024-08-05 	 -0.001976 	 297.647000 	 44.546000 	 -2951564.518079 	 -0.001005 	 297.647000 	 44.546000 	 -2951564.518079 	 109.758705 	 109.804293 	 297.024188
4:01:14.253 PM 2024-08-05 	 -0.002341 	 297.647000 	 44.546000 	 -2951558.536625 	 -0.001542 	 297.647000 	 44.546000 	 -2951558.536625 	 109.760074 	 109.803757 	 297.023637
4:01:19.375 PM 2024-08-05 	 -0.002052 	 297.647000 	 44.546000 	 -2951548.654403 	 -0.001364 	 297.647000 	 44.546000 	 -2951548.654403 	 109.762040 	 109.803220 	 297.022727
4:01:24.444 PM 2024-08-05 	 -0.002011 	 297.647000 	 44.546000 	 -2951545.273694 	 -0.000969 	 297.647000 	 44.546000 	 -2951545.273694 	 109.765256 	 109.803220 	 297.022416
4:01:29.561 PM 2024-08-05 	 -0.002026 	 297.647000 	 44.546000 	 -2951540.332705 	 -0.001553 	 297.647000 	 44.546000 	 -2951540.332705 	 109.767579 	 109.802923 	 297.021960
4:01:34.654 PM 2024-08-05 	 -0.001859 	 297.647000 	 44.546000 	 -2951533.571441 	 -0.001714 	 297.647000 	 44.546000 	 -2951533.571441 	 109.768532 	 109.802327 	 297.021338
4:01:39.734 PM 2024-08-05 	 -0.002172 	 297.647000 	 44.546000 	 -2951527.590411 	 -0.000864 	 297.647000 	 44.546000 	 -2951527.590411 	 109.769008 	 109.802446 	 297.020787
4:01:44.833 PM 2024-08-05 	 -0.001807 	 297.647000 	 44.546000 	 -2951523.429742 	 -0.001527 	 297.647000 	 44.546000 	 -2951523.429742 	 109.768949 	 109.804054 	 297.020403
4:01:49.945 PM 2024-08-05 	 -0.001932 	 297.647000 	 44.546000 	 -2951519.009075 	 -0.001159 	 297.647000 	 44.546000 	 -2951519.009075 	 109.769068 	 109.804710 	 297.019996
4:01:55.084 PM 2024-08-05 	 -0.002020 	 297.647000 	 44.546000 	 -2951515.628595 	 -0.000730 	 297.647000 	 44.546000 	 -2951515.628595 	 109.768889 	 109.805603 	 297.019685
4:02:00.217 PM 2024-08-05 	 -0.003024 	 297.647000 	 44.546000 	 -2951506.527432 	 -0.001734 	 297.647000 	 44.546000 	 -2951506.527432 	 109.769961 	 109.805067 	 297.018846
4:02:05.355 PM 2024-08-05 	 -0.002166 	 297.647000 	 44.546000 	 -2951509.647809 	 -0.001574 	 297.647000 	 44.546000 	 -2951509.647809 	 109.769783 	 109.803995 	 297.019134
4:02:10.460 PM 2024-08-05 	 -0.002285 	 297.647000 	 44.546000 	 -2951501.846907 	 -0.001705 	 297.647000 	 44.546000 	 -2951501.846907 	 109.769247 	 109.804293 	 297.018415
4:02:15.597 PM 2024-08-05 	 -0.001909 	 297.647000 	 44.546000 	 -2951498.986612 	 -0.001606 	 297.647000 	 44.546000 	 -2951498.986612 	 109.770617 	 109.804471 	 297.018152
4:02:20.739 PM 2024-08-05 	 -0.002034 	 297.647000 	 44.546000 	 -2951496.126334 	 -0.001183 	 297.647000 	 44.546000 	 -2951496.126334 	 109.770200 	 109.805901 	 297.017888
4:02:25.839 PM 2024-08-05 	 -0.002142 	 297.647000 	 44.546000 	 -2951502.366963 	 -0.001104 	 297.647000 	 44.546000 	 -2951502.366963 	 109.769128 	 109.805960 	 297.018463
4:02:30.989 PM 2024-08-05 	 -0.001754 	 297.647000 	 44.546000 	 -2951503.667105 	 -0.001644 	 297.647000 	 44.546000 	 -2951503.667105 	 109.771212 	 109.806139 	 297.018583
4:02:36.138 PM 2024-08-05 	 -0.002910 	 297.647000 	 44.546000 	 -2951502.106935 	 -0.001621 	 297.647000 	 44.546000 	 -2951502.106935 	 109.772284 	 109.807211 	 297.018439
4:02:41.226 PM 2024-08-05 	 -0.002353 	 297.647000 	 44.546000 	 -2951500.546771 	 -0.001291 	 297.647000 	 44.546000 	 -2951500.546771 	 109.773237 	 109.807450 	 297.018295
4:02:46.313 PM 2024-08-05 	 -0.002242 	 297.647000 	 44.546000 	 -2951494.046145 	 -0.001261 	 297.647000 	 44.546000 	 -2951494.046145 	 109.774964 	 109.807688 	 297.017697
4:02:51.438 PM 2024-08-05 	 -0.002408 	 297.647000 	 44.546000 	 -2951485.465466 	 -0.001226 	 297.647000 	 44.546000 	 -2951485.465466 	 109.774428 	 109.807390 	 297.016906
4:02:56.590 PM 2024-08-05 	 -0.002137 	 297.647000 	 44.546000 	 -2951476.104918 	 -0.001384 	 297.647000 	 44.546000 	 -2951476.104918 	 109.773475 	 109.808105 	 297.016044
4:03:01.709 PM 2024-08-05 	 -0.002385 	 297.647000 	 44.546000 	 -2951466.484563 	 -0.001016 	 297.647000 	 44.546000 	 -2951466.484563 	 109.772761 	 109.807986 	 297.015158
4:03:06.834 PM 2024-08-05 	 -0.001964 	 297.647000 	 44.546000 	 -2951463.884503 	 -0.001402 	 297.647000 	 44.546000 	 -2951463.884503 	 109.773892 	 109.808641 	 297.014918
4:03:11.937 PM 2024-08-05 	 -0.002198 	 297.647000 	 44.546000 	 -2951455.044416 	 -0.001299 	 297.647000 	 44.546000 	 -2951455.044416 	 109.775143 	 109.807688 	 297.014104
4:03:17.092 PM 2024-08-05 	 -0.002058 	 297.647000 	 44.546000 	 -2951445.684518 	 -0.001375 	 297.647000 	 44.546000 	 -2951445.684518 	 109.775679 	 109.807747 	 297.013242
4:03:22.244 PM 2024-08-05 	 -0.002064 	 297.647000 	 44.546000 	 -2951436.844798 	 -0.001060 	 297.647000 	 44.546000 	 -2951436.844798 	 109.774607 	 109.806914 	 297.012427
4:03:27.406 PM 2024-08-05 	 -0.001509 	 297.647000 	 44.546000 	 -2951432.944978 	 -0.000815 	 297.647000 	 44.546000 	 -2951432.944978 	 109.775024 	 109.807211 	 297.012068
4:03:32.518 PM 2024-08-05 	 -0.001570 	 297.647000 	 44.546000 	 -2951432.165018 	 -0.001732 	 297.647000 	 44.546000 	 -2951432.165018 	 109.775262 	 109.807747 	 297.011996
4:03:37.657 PM 2024-08-05 	 -0.002026 	 297.647000 	 44.546000 	 -2951433.464952 	 -0.001080 	 297.647000 	 44.546000 	 -2951433.464952 	 109.777406 	 109.807033 	 297.012116
