3:06:23.298 PM 9/15/2022 	 109.351255 	 297.055555 	 109.433200 	 297.288124 	 295.110258 	 295.277525 	 295.049933 	 295.104603 
3:06:30.423 PM 9/15/2022 	 109.350361 	 297.053255 	 109.433617 	 297.289198 	 295.086358 	 295.279544 	 295.026030 	 295.085886 
3:06:37.610 PM 9/15/2022 	 109.349408 	 297.050803 	 109.434808 	 297.292265 	 295.092865 	 295.282280 	 295.041021 	 295.082496 
3:06:44.804 PM 9/15/2022 	 109.348693 	 297.048963 	 109.435583 	 297.294259 	 295.104829 	 295.274925 	 295.055815 	 295.102002 
3:06:51.986 PM 9/15/2022 	 109.348753 	 297.049116 	 109.435225 	 297.293339 	 295.053608 	 295.314644 	 295.037112 	 295.102622 
3:06:59.220 PM 9/15/2022 	 109.348872 	 297.049423 	 109.434034 	 297.290271 	 295.121766 	 295.320119 	 295.041176 	 295.090663 
3:07:06.440 PM 9/15/2022 	 109.348217 	 297.047736 	 109.431234 	 297.283063 	 295.078549 	 295.321672 	 295.036603 	 295.093630 
3:07:13.618 PM 9/15/2022 	 109.347860 	 297.046817 	 109.432009 	 297.285057 	 295.109851 	 295.307738 	 295.047641 	 295.097127 
3:07:20.832 PM 9/15/2022 	 109.346668 	 297.043751 	 109.432009 	 297.285057 	 295.103792 	 295.255987 	 295.032155 	 295.074573 
3:07:27.999 PM 9/15/2022 	 109.345715 	 297.041298 	 109.431890 	 297.284750 	 295.110251 	 295.267154 	 295.048512 	 295.097998 
3:07:35.235 PM 9/15/2022 	 109.345358 	 297.040378 	 109.432426 	 297.286130 	 295.093699 	 295.265684 	 295.042799 	 295.083331 
3:07:42.440 PM 9/15/2022 	 109.344643 	 297.038538 	 109.432664 	 297.286744 	 295.103106 	 295.291575 	 295.031468 	 295.077657 
3:07:49.644 PM 9/15/2022 	 109.344107 	 297.037158 	 109.432604 	 297.286591 	 295.108887 	 295.304419 	 295.026409 	 295.064586 
3:07:56.820 PM 9/15/2022 	 109.344048 	 297.037005 	 109.430103 	 297.280149 	 295.127430 	 295.302228 	 295.031287 	 295.075119 
3:08:04.016 PM 9/15/2022 	 109.343690 	 297.036085 	 109.428554 	 297.276162 	 295.104719 	 295.349713 	 295.026482 	 295.097650 
3:08:11.211 PM 9/15/2022 	 109.342499 	 297.033019 	 109.427660 	 297.273861 	 295.122464 	 295.374042 	 295.048001 	 295.120579 
3:08:18.427 PM 9/15/2022 	 109.341963 	 297.031640 	 109.428852 	 297.276929 	 295.133938 	 295.416594 	 295.045337 	 295.109904 
3:08:25.637 PM 9/15/2022 	 109.341070 	 297.029340 	 109.430103 	 297.280149 	 295.129294 	 295.383223 	 295.028909 	 295.078868 
3:08:32.817 PM 9/15/2022 	 109.341248 	 297.029800 	 109.429983 	 297.279843 	 295.127192 	 295.394782 	 295.037648 	 295.123894 
3:08:40.020 PM 9/15/2022 	 109.340891 	 297.028880 	 109.430043 	 297.279996 	 295.128443 	 295.364005 	 295.018160 	 295.092156 
3:08:47.230 PM 9/15/2022 	 109.340057 	 297.026734 	 109.431353 	 297.283370 	 295.161636 	 295.373632 	 295.043819 	 295.086708 
3:08:54.429 PM 9/15/2022 	 109.339998 	 297.026581 	 109.430758 	 297.281836 	 295.136796 	 295.327607 	 294.993991 	 295.081659 
3:09:01.639 PM 9/15/2022 	 109.339640 	 297.025661 	 109.429447 	 297.278462 	 295.120606 	 295.342512 	 295.012678 	 295.094215 
3:09:12.436 PM 9/15/2022 	 109.338509 	 297.022748 	 109.428256 	 297.275395 	 295.135094 	 295.354638 	 295.061576 	 295.101164 
3:09:19.637 PM 9/15/2022 	 109.338032 	 297.021522 	 109.429507 	 297.278616 	 295.128040 	 295.322623 	 295.030483 	 295.112489 
3:09:26.822 PM 9/15/2022 	 109.337734 	 297.020755 	 109.430400 	 297.280916 	 295.094365 	 295.289903 	 295.019897 	 295.086824 
3:09:34.028 PM 9/15/2022 	 109.337556 	 297.020295 	 109.430758 	 297.281836 	 295.102935 	 295.271147 	 295.012443 	 295.073244 
3:09:44.851 PM 9/15/2022 	 109.337615 	 297.020448 	 109.428018 	 297.274782 	 295.118684 	 295.236011 	 295.042806 	 295.109730 
3:09:52.034 PM 9/15/2022 	 109.337734 	 297.020755 	 109.425278 	 297.267727 	 295.139649 	 295.262624 	 295.032197 	 295.100064 
3:09:59.217 PM 9/15/2022 	 109.336424 	 297.017382 	 109.423908 	 297.264200 	 295.111548 	 295.251020 	 295.013517 	 295.076674 
3:10:06.440 PM 9/15/2022 	 109.336067 	 297.016463 	 109.423550 	 297.263279 	 295.152777 	 295.268211 	 295.043913 	 295.096699 
3:10:13.637 PM 9/15/2022 	 109.335173 	 297.014163 	 109.423372 	 297.262819 	 295.142641 	 295.297178 	 295.038489 	 295.112010 
3:10:20.815 PM 9/15/2022 	 109.334042 	 297.011250 	 109.423133 	 297.262206 	 295.192531 	 295.330566 	 295.068124 	 295.132688 
3:10:28.050 PM 9/15/2022 	 109.334042 	 297.011250 	 109.420691 	 297.255918 	 295.123869 	 295.341063 	 295.026783 	 295.116329 
3:10:35.211 PM 9/15/2022 	 109.333029 	 297.008644 	 109.419798 	 297.253618 	 295.132477 	 295.284662 	 295.017482 	 295.098547 
3:10:42.434 PM 9/15/2022 	 109.332553 	 297.007418 	 109.420870 	 297.256378 	 295.187561 	 295.291680 	 295.064566 	 295.098028 
3:10:49.644 PM 9/15/2022 	 109.331719 	 297.005272 	 109.420572 	 297.255611 	 295.121750 	 295.253680 	 295.019478 	 295.078393 
3:10:56.805 PM 9/15/2022 	 109.330885 	 297.003125 	 109.419023 	 297.251624 	 295.133170 	 295.285826 	 295.033729 	 295.098298 
3:11:04.053 PM 9/15/2022 	 109.330289 	 297.001592 	 109.418130 	 297.249324 	 295.140908 	 295.290735 	 295.053251 	 295.112633 
3:11:11.237 PM 9/15/2022 	 109.329813 	 297.000366 	 109.417653 	 297.248097 	 295.123742 	 295.302310 	 295.049279 	 295.113374 
3:11:18.440 PM 9/15/2022 	 109.328920 	 296.998066 	 109.417058 	 297.246563 	 295.112447 	 295.277829 	 295.035626 	 295.048823 
3:11:25.646 PM 9/15/2022 	 109.328443 	 296.996840 	 109.418189 	 297.249477 	 295.107749 	 295.256644 	 295.033284 	 295.086542 
3:11:32.844 PM 9/15/2022 	 109.327728 	 296.995000 	 109.418249 	 297.249630 	 295.159975 	 295.272109 	 295.009164 	 295.105783 
3:11:40.049 PM 9/15/2022 	 109.327967 	 296.995614 	 109.417832 	 297.248557 	 295.170452 	 295.279287 	 295.047453 	 295.130870 
3:11:47.257 PM 9/15/2022 	 109.327431 	 296.994234 	 109.417177 	 297.246870 	 295.150821 	 295.273321 	 295.027816 	 295.101340 
3:11:54.418 PM 9/15/2022 	 109.326894 	 296.992854 	 109.418070 	 297.249170 	 295.130029 	 295.317074 	 295.024931 	 295.085731 
3:12:01.639 PM 9/15/2022 	 109.326478 	 296.991781 	 109.418785 	 297.251011 	 295.158534 	 295.283388 	 295.029404 	 295.096801 
3:12:08.853 PM 9/15/2022 	 109.326180 	 296.991015 	 109.418428 	 297.250090 	 295.140705 	 295.266035 	 295.020998 	 295.056819 
3:12:16.050 PM 9/15/2022 	 109.324929 	 296.987795 	 109.415569 	 297.242729 	 295.132094 	 295.297940 	 295.039251 	 295.105232 
3:12:23.234 PM 9/15/2022 	 109.324155 	 296.985802 	 109.415152 	 297.241656 	 295.110782 	 295.295950 	 295.017464 	 295.077793 
3:12:30.453 PM 9/15/2022 	 109.322964 	 296.982736 	 109.415509 	 297.242576 	 295.116635 	 295.265056 	 295.016248 	 295.083646 
3:12:37.644 PM 9/15/2022 	 109.322130 	 296.980590 	 109.416819 	 297.245950 	 295.130884 	 295.277416 	 295.025786 	 295.085171 
3:12:44.846 PM 9/15/2022 	 109.322606 	 296.981816 	 109.417773 	 297.248403 	 295.141170 	 295.274979 	 295.051156 	 295.107240 
3:12:52.058 PM 9/15/2022 	 109.321951 	 296.980130 	 109.418547 	 297.250397 	 295.159763 	 295.294510 	 295.033462 	 295.135260 
3:12:59.223 PM 9/15/2022 	 109.322487 	 296.981510 	 109.419381 	 297.252544 	 295.160850 	 295.267802 	 295.048218 	 295.086393 
3:13:06.439 PM 9/15/2022 	 109.322785 	 296.982276 	 109.420691 	 297.255918 	 295.161864 	 295.299437 	 295.042634 	 295.085051 
3:13:13.645 PM 9/15/2022 	 109.323619 	 296.984423 	 109.421704 	 297.258525 	 295.107513 	 295.272426 	 295.004296 	 295.063213 
3:13:20.852 PM 9/15/2022 	 109.324512 	 296.986722 	 109.424384 	 297.265427 	 295.120213 	 295.282295 	 295.024069 	 295.113616 
3:13:28.069 PM 9/15/2022 	 109.325763 	 296.989941 	 109.424980 	 297.266960 	 295.135653 	 295.269936 	 295.025372 	 295.093712 
3:13:35.277 PM 9/15/2022 	 109.326716 	 296.992394 	 109.425397 	 297.268034 	 295.111331 	 295.236198 	 295.027440 	 295.061375 
3:13:42.458 PM 9/15/2022 	 109.327728 	 296.995000 	 109.425873 	 297.269261 	 295.134966 	 295.265008 	 295.036467 	 295.090196 
3:13:49.679 PM 9/15/2022 	 109.329098 	 296.998526 	 109.427005 	 297.272174 	 295.136307 	 295.253159 	 295.042994 	 295.081641 
3:13:56.850 PM 9/15/2022 	 109.329992 	 297.000826 	 109.427005 	 297.272174 	 295.121045 	 295.248264 	 295.031499 	 295.066377 
3:14:04.064 PM 9/15/2022 	 109.330885 	 297.003125 	 109.426052 	 297.269721 	 295.137898 	 295.238731 	 295.023847 	 295.065323 
3:14:11.261 PM 9/15/2022 	 109.331242 	 297.004045 	 109.426529 	 297.270948 	 295.128651 	 295.255869 	 295.008941 	 295.064087 
3:14:18.464 PM 9/15/2022 	 109.331421 	 297.004505 	 109.426767 	 297.271561 	 295.127189 	 295.355215 	 295.048956 	 295.107868 
3:14:25.656 PM 9/15/2022 	 109.331242 	 297.004045 	 109.426231 	 297.270181 	 295.152525 	 295.349452 	 295.054030 	 295.058272 
3:14:32.885 PM 9/15/2022 	 109.331302 	 297.004198 	 109.424920 	 297.266807 	 295.123981 	 295.313854 	 295.014639 	 295.066957 
3:14:40.063 PM 9/15/2022 	 109.331064 	 297.003585 	 109.424444 	 297.265580 	 295.144214 	 295.288387 	 295.025451 	 295.101331 
3:14:47.263 PM 9/15/2022 	 109.330528 	 297.002206 	 109.424801 	 297.266500 	 295.154605 	 295.285113 	 295.059881 	 295.066008 
3:14:54.471 PM 9/15/2022 	 109.330587 	 297.002359 	 109.425337 	 297.267880 	 295.164558 	 295.201310 	 295.020347 	 295.061353 
3:15:01.663 PM 9/15/2022 	 109.330587 	 297.002359 	 109.426231 	 297.270181 	 295.111582 	 295.234564 	 295.044187 	 295.076236 
3:15:08.879 PM 9/15/2022 	 109.334697 	 297.012937 	 109.428256 	 297.275395 	 295.109115 	 295.229271 	 295.020510 	 295.046433 
3:15:16.058 PM 9/15/2022 	 109.370016 	 297.103846 	 109.429864 	 297.279536 	 295.120107 	 295.217645 	 295.037160 	 295.059783 
3:15:23.277 PM 9/15/2022 	 109.435830 	 297.273254 	 109.433557 	 297.289044 	 295.076312 	 295.207313 	 295.015040 	 295.041906 
3:15:30.480 PM 9/15/2022 	 109.499380 	 297.436845 	 109.695943 	 297.964678 	 295.110941 	 295.227327 	 295.036947 	 295.054857 
3:15:37.679 PM 9/15/2022 	 109.552984 	 297.574838 	 109.936647 	 298.584606 	 295.107006 	 295.229989 	 295.039139 	 295.056107 
3:15:44.880 PM 9/15/2022 	 109.594021 	 297.680483 	 109.973399 	 298.679270 	 295.095882 	 295.216984 	 295.035084 	 295.073260 
3:15:52.067 PM 9/15/2022 	 109.623801 	 297.757151 	 110.095746 	 298.994428 	 295.113034 	 295.240256 	 295.054124 	 295.074861 
3:15:59.291 PM 9/15/2022 	 109.644826 	 297.811279 	 110.568517 	 300.212540 	 295.092543 	 295.220241 	 295.027502 	 295.050597 
3:16:06.481 PM 9/15/2022 	 109.658286 	 297.845934 	 110.638149 	 300.391988 	 295.123106 	 295.235249 	 295.011408 	 295.059955 
3:16:13.674 PM 9/15/2022 	 109.665850 	 297.865409 	 110.622007 	 300.350388 	 295.096008 	 295.208158 	 295.031439 	 295.033324 
3:16:20.852 PM 9/15/2022 	 109.669901 	 297.875836 	 110.594249 	 300.278854 	 295.102003 	 295.179756 	 295.021881 	 295.061944 
3:16:28.081 PM 9/15/2022 	 109.670496 	 297.877369 	 110.564288 	 300.201642 	 295.099483 	 295.162629 	 295.027844 	 295.056595 
3:16:35.253 PM 9/15/2022 	 109.668769 	 297.872922 	 110.534922 	 300.125967 	 295.090278 	 295.209967 	 295.041733 	 295.062000 
3:16:42.474 PM 9/15/2022 	 109.666029 	 297.865869 	 110.506331 	 300.052289 	 295.094100 	 295.166199 	 295.015862 	 295.008791 
3:16:49.677 PM 9/15/2022 	 109.662158 	 297.855901 	 110.478454 	 299.980454 	 295.070395 	 295.165117 	 295.024206 	 295.035518 
3:16:56.866 PM 9/15/2022 	 109.657691 	 297.844401 	 110.451173 	 299.910156 	 295.118388 	 295.199436 	 295.019415 	 295.024600 
3:17:04.084 PM 9/15/2022 	 109.651556 	 297.828607 	 110.490844 	 300.012380 	 295.108231 	 295.183627 	 295.036123 	 295.041779 
3:17:11.279 PM 9/15/2022 	 109.645957 	 297.814193 	 111.007276 	 301.343430 	 295.089096 	 295.198421 	 295.028297 	 295.029711 
3:17:18.479 PM 9/15/2022 	 109.639585 	 297.797785 	 111.286042 	 302.062148 	 295.071653 	 295.200300 	 294.993883 	 295.016508 
3:17:25.680 PM 9/15/2022 	 109.798550 	 298.207073 	 111.258821 	 301.991959 	 295.085844 	 295.229093 	 295.020803 	 295.050968 
3:17:32.885 PM 9/15/2022 	 110.335245 	 299.589281 	 111.191750 	 301.819025 	 295.087128 	 295.202578 	 295.036698 	 295.070161 
3:17:40.072 PM 9/15/2022 	 110.459607 	 299.909646 	 111.116460 	 301.624909 	 295.079750 	 295.193317 	 295.019421 	 295.051001 
3:17:47.293 PM 9/15/2022 	 110.478904 	 299.959360 	 111.041645 	 301.432033 	 295.073214 	 295.187725 	 295.035509 	 295.047292 
3:31:21.926 PM 9/15/2022 	 109.412959 	 297.214382 	 109.160092 	 296.585032 	 295.081344 	 295.334358 	 295.030914 	 295.026200 
3:31:29.132 PM 9/15/2022 	 109.409921 	 297.206563 	 109.156399 	 296.575526 	 295.083439 	 295.324204 	 295.044792 	 295.047620 
3:31:36.321 PM 9/15/2022 	 109.407300 	 297.199817 	 109.154255 	 296.570006 	 295.069038 	 295.293795 	 295.014836 	 295.025205 
3:31:43.529 PM 9/15/2022 	 109.404144 	 297.191692 	 109.151872 	 296.563873 	 295.033258 	 295.279232 	 295.018175 	 294.953596 
3:31:50.712 PM 9/15/2022 	 109.401702 	 297.185406 	 109.150264 	 296.559733 	 295.065915 	 295.252043 	 295.021139 	 295.003228 
3:31:57.909 PM 9/15/2022 	 109.399260 	 297.179120 	 109.149073 	 296.556666 	 295.043198 	 295.300001 	 295.038485 	 295.005020 
3:32:05.135 PM 9/15/2022 	 109.396580 	 297.172222 	 109.145439 	 296.547313 	 295.076048 	 295.286198 	 295.034573 	 294.999693 
3:32:12.315 PM 9/15/2022 	 109.394138 	 297.165936 	 109.143652 	 296.542713 	 295.063640 	 295.286043 	 295.047144 	 295.031119 
3:32:19.530 PM 9/15/2022 	 109.392232 	 297.161030 	 109.142461 	 296.539647 	 295.073140 	 295.247016 	 295.038734 	 295.020823 
3:32:26.722 PM 9/15/2022 	 109.389730 	 297.154591 	 109.141568 	 296.537347 	 295.044973 	 295.273039 	 294.998781 	 294.962013 
3:32:33.930 PM 9/15/2022 	 109.387943 	 297.149992 	 109.140615 	 296.534894 	 295.106690 	 295.331429 	 295.063332 	 295.025155 
3:32:41.109 PM 9/15/2022 	 109.386812 	 297.147079 	 109.138828 	 296.530294 	 295.113990 	 295.301983 	 295.029157 	 295.037641 
3:32:48.329 PM 9/15/2022 	 109.384965 	 297.142326 	 109.137636 	 296.527227 	 295.084302 	 295.334959 	 295.022560 	 295.015489 
3:32:55.517 PM 9/15/2022 	 109.383357 	 297.138187 	 109.137219 	 296.526154 	 295.081415 	 295.296273 	 295.029570 	 294.985733 
3:33:02.727 PM 9/15/2022 	 109.381987 	 297.134661 	 109.137100 	 296.525847 	 295.082976 	 295.259204 	 295.033017 	 295.000493 
3:33:09.917 PM 9/15/2022 	 109.381035 	 297.132208 	 109.135909 	 296.522781 	 295.053226 	 295.251137 	 295.002321 	 294.992894 
3:33:17.123 PM 9/15/2022 	 109.379843 	 297.129142 	 109.132752 	 296.514655 	 295.085675 	 295.277448 	 295.011678 	 295.000365 
3:33:24.334 PM 9/15/2022 	 109.379426 	 297.128069 	 109.130667 	 296.509288 	 295.100190 	 295.335294 	 295.030437 	 295.012997 
3:33:31.523 PM 9/15/2022 	 109.378235 	 297.125002 	 109.129357 	 296.505915 	 295.052626 	 295.307540 	 295.010206 	 294.987580 
3:33:38.730 PM 9/15/2022 	 109.377282 	 297.122550 	 109.127629 	 296.501469 	 295.064374 	 295.272173 	 295.022426 	 295.016770 
3:33:45.934 PM 9/15/2022 	 109.376627 	 297.120863 	 109.127570 	 296.501315 	 295.078068 	 295.277853 	 295.030465 	 295.010197 
3:33:53.133 PM 9/15/2022 	 109.375436 	 297.117797 	 109.126736 	 296.499169 	 295.059918 	 295.225319 	 295.010428 	 294.998172 
3:34:00.336 PM 9/15/2022 	 109.375019 	 297.116724 	 109.127212 	 296.500395 	 295.061479 	 295.227822 	 295.042627 	 295.021888 
3:34:07.520 PM 9/15/2022 	 109.374483 	 297.115344 	 109.126140 	 296.497635 	 295.081747 	 295.265984 	 295.062895 	 295.015291 
3:34:14.717 PM 9/15/2022 	 109.373947 	 297.113964 	 109.123519 	 296.490889 	 295.042087 	 295.221628 	 295.016634 	 294.962426 
3:34:21.921 PM 9/15/2022 	 109.373053 	 297.111665 	 109.123221 	 296.490123 	 295.074814 	 295.284022 	 295.031453 	 294.995159 
3:34:29.129 PM 9/15/2022 	 109.371803 	 297.108445 	 109.121018 	 296.484450 	 295.094707 	 295.297783 	 295.048520 	 295.006570 
3:34:36.319 PM 9/15/2022 	 109.370552 	 297.105226 	 109.117622 	 296.475710 	 295.085259 	 295.319429 	 295.035772 	 295.018804 
3:34:43.543 PM 9/15/2022 	 109.369420 	 297.102313 	 109.116074 	 296.471724 	 295.055534 	 295.293488 	 295.032911 	 294.978233 
3:34:50.738 PM 9/15/2022 	 109.367872 	 297.098327 	 109.115240 	 296.469577 	 295.056794 	 295.262241 	 295.001176 	 294.997405 
3:34:57.927 PM 9/15/2022 	 109.366323 	 297.094341 	 109.113393 	 296.464824 	 295.084640 	 295.282067 	 295.022427 	 295.009700 
3:35:05.131 PM 9/15/2022 	 109.364298 	 297.089129 	 109.111487 	 296.459918 	 295.069077 	 295.291478 	 295.039855 	 295.018174 
3:35:12.340 PM 9/15/2022 	 109.362988 	 297.085756 	 109.111070 	 296.458844 	 295.092185 	 295.275005 	 295.021017 	 294.980008 
3:35:19.544 PM 9/15/2022 	 109.361439 	 297.081770 	 109.108985 	 296.453478 	 295.094544 	 295.313165 	 295.025261 	 294.997923 
3:35:26.750 PM 9/15/2022 	 109.359950 	 297.077937 	 109.109581 	 296.455011 	 295.073050 	 295.313350 	 295.044771 	 295.019319 
3:35:33.934 PM 9/15/2022 	 109.359236 	 297.076098 	 109.108330 	 296.451792 	 295.073502 	 295.294016 	 295.022599 	 294.996674 
3:35:41.137 PM 9/15/2022 	 109.358938 	 297.075331 	 109.107615 	 296.449952 	 295.120620 	 295.348178 	 295.042387 	 295.028718 
3:35:48.337 PM 9/15/2022 	 109.357806 	 297.072418 	 109.108509 	 296.452251 	 295.088046 	 295.333048 	 295.014992 	 294.996137 
3:35:55.551 PM 9/15/2022 	 109.357389 	 297.071345 	 109.109521 	 296.454858 	 295.081235 	 295.284787 	 295.051543 	 295.035989 
3:36:02.748 PM 9/15/2022 	 109.357032 	 297.070425 	 109.109819 	 296.455625 	 295.064368 	 295.246727 	 295.010164 	 294.969626 
3:36:09.928 PM 9/15/2022 	 109.357032 	 297.070425 	 109.109283 	 296.454245 	 295.062013 	 295.259450 	 295.025250 	 294.969628 
3:36:17.148 PM 9/15/2022 	 109.356674 	 297.069506 	 109.106424 	 296.446885 	 295.046923 	 295.241539 	 295.015343 	 294.978105 
3:36:24.327 PM 9/15/2022 	 109.356258 	 297.068433 	 109.103982 	 296.440599 	 295.061571 	 295.296695 	 295.034235 	 295.025751 
3:36:31.539 PM 9/15/2022 	 109.355722 	 297.067053 	 109.100944 	 296.432780 	 295.050311 	 295.218071 	 295.046069 	 294.988093 
3:36:38.760 PM 9/15/2022 	 109.353875 	 297.062300 	 109.101063 	 296.433086 	 295.059268 	 295.255764 	 295.011664 	 295.029575 
3:36:45.962 PM 9/15/2022 	 109.352207 	 297.058008 	 109.100408 	 296.431400 	 295.055948 	 295.276942 	 295.020126 	 294.974403 
3:36:53.144 PM 9/15/2022 	 109.350838 	 297.054482 	 109.101540 	 296.434313 	 295.054404 	 295.238652 	 295.028481 	 294.985587 
3:37:00.320 PM 9/15/2022 	 109.349051 	 297.049883 	 109.101480 	 296.434159 	 295.078613 	 295.266149 	 295.035252 	 295.006029 
3:37:07.551 PM 9/15/2022 	 109.347800 	 297.046663 	 109.100825 	 296.432473 	 295.056658 	 295.270586 	 295.009525 	 294.998683 
3:37:14.720 PM 9/15/2022 	 109.346609 	 297.043597 	 109.098442 	 296.426340 	 295.055392 	 295.250476 	 295.020514 	 294.998360 
3:37:21.978 PM 9/15/2022 	 109.345179 	 297.039918 	 109.096179 	 296.420514 	 295.076181 	 295.268429 	 295.001239 	 294.981913 
3:37:29.143 PM 9/15/2022 	 109.343988 	 297.036852 	 109.094153 	 296.415301 	 295.093656 	 295.313219 	 295.027673 	 295.013061 
3:37:36.350 PM 9/15/2022 	 109.342142 	 297.032099 	 109.092545 	 296.411161 	 295.055654 	 295.241786 	 295.026431 	 295.001449 
3:37:43.556 PM 9/15/2022 	 109.340891 	 297.028880 	 109.090877 	 296.406868 	 295.074121 	 295.272965 	 295.049141 	 295.025575 
3:37:50.759 PM 9/15/2022 	 109.338985 	 297.023974 	 109.090699 	 296.406408 	 295.051140 	 295.222668 	 295.028516 	 295.005891 
3:37:57.960 PM 9/15/2022 	 109.336781 	 297.018302 	 109.091652 	 296.408861 	 295.086708 	 295.227130 	 295.051832 	 295.007998 
3:39:58.706 PM 9/15/2022 	 109.322308 	 296.981050 	 109.085576 	 296.393223 	 295.093358 	 295.246497 	 295.025960 	 294.997679 
3:40:21.320 PM 9/15/2022 	 109.322785 	 296.982276 	 109.087423 	 296.397976 	 295.109209 	 295.276006 	 295.029088 	 295.049827 
3:40:28.549 PM 9/15/2022 	 109.323559 	 296.984269 	 109.088257 	 296.400122 	 295.087057 	 295.273176 	 295.029557 	 295.018716 
3:40:39.360 PM 9/15/2022 	 109.324929 	 296.987795 	 109.089329 	 296.402882 	 295.070407 	 295.270195 	 295.016676 	 295.005835 
3:40:46.546 PM 9/15/2022 	 109.326299 	 296.991321 	 109.089686 	 296.403802 	 295.116084 	 295.313026 	 295.028894 	 295.049632 
3:40:53.735 PM 9/15/2022 	 109.327431 	 296.994234 	 109.090282 	 296.405335 	 295.133275 	 295.293468 	 295.039961 	 295.058343 
3:41:00.916 PM 9/15/2022 	 109.328562 	 296.997147 	 109.091413 	 296.408248 	 295.119014 	 295.254715 	 295.025226 	 295.005429 
3:41:08.148 PM 9/15/2022 	 109.330409 	 297.001899 	 109.094213 	 296.415454 	 295.098602 	 295.263047 	 295.017537 	 295.009995 
3:41:15.337 PM 9/15/2022 	 109.331302 	 297.004198 	 109.098323 	 296.426033 	 295.089379 	 295.256183 	 295.017739 	 295.021981 
3:41:22.548 PM 9/15/2022 	 109.333625 	 297.010177 	 109.100646 	 296.432013 	 295.073956 	 295.236525 	 294.999957 	 295.015512 
3:41:29.738 PM 9/15/2022 	 109.336484 	 297.017536 	 109.101897 	 296.435233 	 295.107804 	 295.297213 	 295.020141 	 295.051720 
3:41:36.941 PM 9/15/2022 	 109.339223 	 297.024588 	 109.103565 	 296.439526 	 295.094631 	 295.294880 	 295.017807 	 295.072009 
3:41:47.770 PM 9/15/2022 	 109.343273 	 297.035012 	 109.105888 	 296.445505 	 295.110044 	 295.271187 	 295.030395 	 295.037936 
3:42:30.971 PM 9/15/2022 	 109.355662 	 297.066899 	 109.110534 	 296.457464 	 295.121917 	 295.268923 	 295.005504 	 295.050753 
3:42:38.171 PM 9/15/2022 	 109.356972 	 297.070272 	 109.113751 	 296.465744 	 295.160902 	 295.302714 	 295.022346 	 295.052983 
3:42:48.968 PM 9/15/2022 	 109.358402 	 297.073951 	 109.116252 	 296.472184 	 295.143977 	 295.276844 	 295.012015 	 295.042653 
3:42:56.169 PM 9/15/2022 	 109.359950 	 297.077937 	 109.116907 	 296.473870 	 295.141675 	 295.298567 	 295.052604 	 295.078055 
3:43:03.358 PM 9/15/2022 	 109.361856 	 297.082843 	 109.118456 	 296.477857 	 295.125196 	 295.295756 	 295.024339 	 295.027639 
3:43:10.566 PM 9/15/2022 	 109.363107 	 297.086063 	 109.119409 	 296.480310 	 295.141234 	 295.283052 	 295.031896 	 295.055934 
3:43:21.374 PM 9/15/2022 	 109.365132 	 297.091275 	 109.120660 	 296.483530 	 295.119602 	 295.313716 	 295.040896 	 295.066347 
3:44:50.816 PM 9/15/2022 	 109.377282 	 297.122550 	 109.127748 	 296.501775 	 295.140600 	 295.285716 	 295.020421 	 295.025606 
3:44:57.696 PM 9/15/2022 	 109.377878 	 297.124083 	 109.127451 	 296.501009 	 295.139976 	 295.296398 	 295.020269 	 295.004714 
3:45:04.890 PM 9/15/2022 	 109.378354 	 297.125309 	 109.125366 	 296.495642 	 295.148218 	 295.294274 	 295.036996 	 295.014372 
3:45:19.300 PM 9/15/2022 	 109.377759 	 297.123776 	 109.123400 	 296.490583 	 295.117049 	 295.311636 	 295.020904 	 295.027974 
3:45:26.487 PM 9/15/2022 	 109.376865 	 297.121476 	 109.121554 	 296.485829 	 295.141639 	 295.341868 	 295.035129 	 295.045027 
3:45:33.688 PM 9/15/2022 	 109.375793 	 297.118717 	 109.120958 	 296.484296 	 295.143925 	 295.315891 	 295.050614 	 295.034117 
3:45:40.901 PM 9/15/2022 	 109.374245 	 297.114731 	 109.122209 	 296.487516 	 295.129387 	 295.297119 	 295.030417 	 295.049741 
3:45:48.111 PM 9/15/2022 	 109.373411 	 297.112585 	 109.120898 	 296.484143 	 295.120878 	 295.298976 	 295.043115 	 295.035103 
3:46:02.491 PM 9/15/2022 	 109.371088 	 297.106606 	 109.121018 	 296.484450 	 295.094953 	 295.251861 	 295.035569 	 295.023785 
3:46:09.711 PM 9/15/2022 	 109.370016 	 297.103846 	 109.121554 	 296.485829 	 295.109991 	 295.257001 	 295.039768 	 295.033170 
3:46:16.914 PM 9/15/2022 	 109.369242 	 297.101853 	 109.121018 	 296.484450 	 295.123476 	 295.299217 	 295.010363 	 295.049013 
3:46:24.100 PM 9/15/2022 	 109.368467 	 297.099860 	 109.120958 	 296.484296 	 295.112838 	 295.214147 	 295.026119 	 295.023291 
3:46:31.301 PM 9/15/2022 	 109.368110 	 297.098940 	 109.120660 	 296.483530 	 295.115614 	 295.257911 	 295.045392 	 295.021354 
3:46:38.488 PM 9/15/2022 	 109.367395 	 297.097101 	 109.121673 	 296.486136 	 295.125207 	 295.290585 	 295.015394 	 295.030949 
3:47:30.768 PM 9/15/2022 	 109.360367 	 297.079011 	 109.111427 	 296.459764 	 295.118587 	 295.273132 	 295.062033 	 295.050250 
3:47:37.956 PM 9/15/2022 	 109.358402 	 297.073951 	 109.110355 	 296.457005 	 295.112109 	 295.243571 	 295.054612 	 295.006064 
3:47:52.337 PM 9/15/2022 	 109.355483 	 297.066440 	 109.107198 	 296.448878 	 295.082350 	 295.275067 	 295.014480 	 295.002225 
3:47:59.532 PM 9/15/2022 	 109.353935 	 297.062454 	 109.106126 	 296.446119 	 295.059823 	 295.283642 	 295.027302 	 295.014104 
3:50:11.192 PM 9/15/2022 	 109.347383 	 297.045590 	 109.098144 	 296.425573 	 295.044149 	 295.147829 	 295.032837 	 294.972974 
3:50:18.101 PM 9/15/2022 	 109.347443 	 297.045743 	 109.098442 	 296.426340 	 295.045017 	 295.137859 	 295.022864 	 294.973370 
3:50:25.282 PM 9/15/2022 	 109.347264 	 297.045284 	 109.098442 	 296.426340 	 295.039246 	 295.155651 	 295.008609 	 294.975613 
3:50:32.505 PM 9/15/2022 	 109.347443 	 297.045743 	 109.097489 	 296.423887 	 295.051500 	 295.149052 	 295.018035 	 294.981739 
3:50:39.697 PM 9/15/2022 	 109.347443 	 297.045743 	 109.095821 	 296.419594 	 295.049703 	 295.169403 	 295.035563 	 295.008225 
3:50:46.891 PM 9/15/2022 	 109.346788 	 297.044057 	 109.093975 	 296.414841 	 295.062485 	 295.158621 	 295.020065 	 294.997440 
3:50:54.096 PM 9/15/2022 	 109.346490 	 297.043291 	 109.093498 	 296.413614 	 295.058405 	 295.173862 	 295.018813 	 294.992888 
3:51:01.283 PM 9/15/2022 	 109.345418 	 297.040531 	 109.094153 	 296.415301 	 295.018756 	 295.137521 	 294.999901 	 294.958891 
3:51:08.501 PM 9/15/2022 	 109.344226 	 297.037465 	 109.094273 	 296.415607 	 295.049782 	 295.167598 	 295.018203 	 294.999820 
3:51:15.704 PM 9/15/2022 	 109.344346 	 297.037772 	 109.094511 	 296.416221 	 295.074631 	 295.183488 	 295.052951 	 294.989791 
3:51:22.908 PM 9/15/2022 	 109.343333 	 297.035166 	 109.095404 	 296.418521 	 295.081132 	 295.192814 	 295.032115 	 295.004306 
3:51:30.097 PM 9/15/2022 	 109.342857 	 297.033939 	 109.094332 	 296.415761 	 295.057965 	 295.142793 	 295.024972 	 294.974535 
3:51:37.296 PM 9/15/2022 	 109.342678 	 297.033479 	 109.094273 	 296.415607 	 295.049457 	 295.150780 	 295.017877 	 294.960369 
3:51:44.502 PM 9/15/2022 	 109.342082 	 297.031946 	 109.095285 	 296.418214 	 295.084073 	 295.162300 	 295.052496 	 294.961523 
3:51:51.711 PM 9/15/2022 	 109.341487 	 297.030413 	 109.094213 	 296.415454 	 295.036780 	 295.132922 	 295.020754 	 294.968432 
3:51:58.902 PM 9/15/2022 	 109.341248 	 297.029800 	 109.092783 	 296.411774 	 295.015699 	 295.151901 	 295.034553 	 294.958191 
3:52:06.096 PM 9/15/2022 	 109.340057 	 297.026734 	 109.092247 	 296.410395 	 295.020080 	 295.128478 	 295.049303 	 294.965872 
3:52:13.307 PM 9/15/2022 	 109.339462 	 297.025201 	 109.092843 	 296.411928 	 294.997422 	 295.085089 	 295.016748 	 294.965368 
3:52:20.511 PM 9/15/2022 	 109.338390 	 297.022441 	 109.091533 	 296.408555 	 294.992798 	 295.057843 	 295.007882 	 294.916900 
3:52:27.707 PM 9/15/2022 	 109.337675 	 297.020602 	 109.090580 	 296.406102 	 295.009060 	 295.062321 	 295.021315 	 294.943065 
3:52:34.895 PM 9/15/2022 	 109.336901 	 297.018609 	 109.088971 	 296.401962 	 295.014611 	 295.096619 	 295.045719 	 294.954745 
3:52:42.106 PM 9/15/2022 	 109.336126 	 297.016616 	 109.088554 	 296.400889 	 295.043054 	 295.137309 	 295.055779 	 294.960093 
3:52:49.286 PM 9/15/2022 	 109.334876 	 297.013397 	 109.088078 	 296.399662 	 295.036187 	 295.142225 	 295.027703 	 294.985752 
3:52:56.511 PM 9/15/2022 	 109.333744 	 297.010484 	 109.084683 	 296.390923 	 295.023778 	 295.122750 	 295.017179 	 294.947414 
3:53:03.721 PM 9/15/2022 	 109.332910 	 297.008338 	 109.083670 	 296.388316 	 295.059810 	 295.118249 	 295.037187 	 294.951396 
3:53:10.901 PM 9/15/2022 	 109.331242 	 297.004045 	 109.083730 	 296.388470 	 294.998227 	 295.076940 	 295.000113 	 294.935059 
3:53:18.126 PM 9/15/2022 	 109.330647 	 297.002512 	 109.082419 	 296.385097 	 295.018008 	 295.113683 	 295.007638 	 294.943529 
