12:00:27.898 AM 10/13/2022 	 103.139324 	 281.105507 	 108.929336 	 295.991088 	 279.756922 	 280.504251 	 295.957127 	 280.530033 
12:01:18.298 AM 10/13/2022 	 103.140218 	 281.107796 	 108.928383 	 295.988635 	 279.749797 	 280.502002 	 295.966712 	 280.524379 
12:02:08.746 AM 10/13/2022 	 103.139741 	 281.106575 	 108.928800 	 295.989708 	 279.782138 	 280.480294 	 295.979119 	 280.527966 
12:02:55.592 AM 10/13/2022 	 103.139563 	 281.106117 	 108.928442 	 295.988789 	 279.770420 	 280.506052 	 295.950401 	 280.550317 
12:03:42.306 AM 10/13/2022 	 103.139205 	 281.105202 	 108.928859 	 295.989862 	 279.780018 	 280.471853 	 295.941792 	 280.523904 
12:04:32.696 AM 10/13/2022 	 103.138967 	 281.104592 	 108.929574 	 295.991701 	 279.773577 	 280.508717 	 295.958623 	 280.522824 
12:05:23.257 AM 10/13/2022 	 103.139027 	 281.104744 	 108.929455 	 295.991395 	 279.778326 	 280.458487 	 295.975438 	 280.526592 
12:06:13.900 AM 10/13/2022 	 103.139027 	 281.104744 	 108.928085 	 295.987869 	 279.762218 	 280.516835 	 295.953773 	 280.541157 
12:07:03.993 AM 10/13/2022 	 103.138610 	 281.103677 	 108.926894 	 295.984803 	 279.751162 	 280.489258 	 295.942158 	 280.530120 
12:07:54.400 AM 10/13/2022 	 103.138610 	 281.103677 	 108.926834 	 295.984650 	 279.789929 	 280.490019 	 295.955124 	 280.516774 
12:08:44.791 AM 10/13/2022 	 103.138610 	 281.103677 	 108.925941 	 295.982350 	 279.799954 	 280.507324 	 295.953042 	 280.539429 
12:09:35.251 AM 10/13/2022 	 103.138193 	 281.102609 	 108.924869 	 295.979591 	 279.774438 	 280.489146 	 295.943931 	 280.524657 
12:10:25.682 AM 10/13/2022 	 103.138312 	 281.102914 	 108.922426 	 295.973305 	 279.768250 	 280.496589 	 295.944542 	 280.519938 
12:11:16.375 AM 10/13/2022 	 103.137895 	 281.101846 	 108.920342 	 295.967940 	 279.767589 	 280.491551 	 295.967895 	 280.527061 
12:12:06.515 AM 10/13/2022 	 103.137835 	 281.101693 	 108.918078 	 295.962114 	 279.772630 	 280.499502 	 295.928072 	 280.553982 
12:12:56.885 AM 10/13/2022 	 103.137895 	 281.101846 	 108.916648 	 295.958435 	 279.770899 	 280.498261 	 295.958861 	 280.550309 
12:13:47.307 AM 10/13/2022 	 103.137955 	 281.101998 	 108.913432 	 295.950157 	 279.729633 	 280.488197 	 295.922314 	 280.537814 
12:14:37.696 AM 10/13/2022 	 103.137597 	 281.101083 	 108.911347 	 295.944791 	 279.786930 	 280.469024 	 295.953169 	 280.535182 
12:15:28.128 AM 10/13/2022 	 103.137359 	 281.100473 	 108.908965 	 295.938660 	 279.805400 	 280.494277 	 295.971002 	 280.545839 
12:16:18.587 AM 10/13/2022 	 103.137240 	 281.100168 	 108.906165 	 295.931454 	 279.789575 	 280.488692 	 295.950548 	 280.527608 
12:17:08.955 AM 10/13/2022 	 103.137716 	 281.101388 	 108.903723 	 295.925169 	 279.729985 	 280.454007 	 295.942883 	 280.518222 
12:17:59.452 AM 10/13/2022 	 103.137538 	 281.100931 	 108.900328 	 295.916431 	 279.765688 	 280.482842 	 295.935483 	 280.528568 
12:18:49.785 AM 10/13/2022 	 103.137359 	 281.100473 	 108.898362 	 295.911372 	 279.739344 	 280.479405 	 295.936393 	 280.531942 
12:19:40.221 AM 10/13/2022 	 103.137121 	 281.099863 	 108.896396 	 295.906314 	 279.745652 	 280.468676 	 295.905319 	 280.514404 
12:20:30.963 AM 10/13/2022 	 103.136704 	 281.098795 	 108.894788 	 295.902175 	 279.795869 	 280.495949 	 295.952862 	 280.521731 
12:21:20.985 AM 10/13/2022 	 103.136585 	 281.098490 	 108.892465 	 295.896196 	 279.790001 	 280.513440 	 295.943433 	 280.545545 
12:22:11.434 AM 10/13/2022 	 103.136585 	 281.098490 	 108.891929 	 295.894816 	 279.784856 	 280.470359 	 295.930938 	 280.509763 
12:23:01.817 AM 10/13/2022 	 103.135989 	 281.096964 	 108.890201 	 295.890371 	 279.781163 	 280.462780 	 295.925491 	 280.537208 
12:23:52.218 AM 10/13/2022 	 103.135989 	 281.096964 	 108.890559 	 295.891291 	 279.726096 	 280.483692 	 295.919369 	 280.541579 
12:24:42.656 AM 10/13/2022 	 103.136108 	 281.097269 	 108.890559 	 295.891291 	 279.755937 	 280.457539 	 295.902546 	 280.515429 
12:25:33.090 AM 10/13/2022 	 103.135691 	 281.096201 	 108.889606 	 295.888838 	 279.746546 	 280.447675 	 295.906651 	 280.515296 
12:26:23.471 AM 10/13/2022 	 103.135572 	 281.095896 	 108.887223 	 295.882706 	 279.764166 	 280.479863 	 295.904375 	 280.495917 
12:27:13.859 AM 10/13/2022 	 103.135751 	 281.096354 	 108.886389 	 295.880560 	 279.757747 	 280.465184 	 295.900530 	 280.498751 
12:28:04.269 AM 10/13/2022 	 103.135572 	 281.095896 	 108.886211 	 295.880100 	 279.742158 	 280.461783 	 295.932054 	 280.528915 
12:28:54.873 AM 10/13/2022 	 103.135274 	 281.095133 	 108.885913 	 295.879333 	 279.749715 	 280.463003 	 295.914416 	 280.522838 
12:29:45.087 AM 10/13/2022 	 103.134977 	 281.094371 	 108.885019 	 295.877034 	 279.787294 	 280.485441 	 295.919649 	 280.524844 
12:30:35.550 AM 10/13/2022 	 103.134679 	 281.093608 	 108.884483 	 295.875654 	 279.765440 	 280.466054 	 295.912662 	 280.515674 
12:31:25.971 AM 10/13/2022 	 103.134917 	 281.094218 	 108.883828 	 295.873968 	 279.719584 	 280.457732 	 295.910260 	 280.507352 
12:32:16.369 AM 10/13/2022 	 103.134441 	 281.092998 	 108.883887 	 295.874121 	 279.733652 	 280.457182 	 295.899378 	 280.496100 
12:33:06.789 AM 10/13/2022 	 103.134560 	 281.093303 	 108.883828 	 295.873968 	 279.785989 	 280.476841 	 295.923094 	 280.520136 
12:33:57.377 AM 10/13/2022 	 103.134441 	 281.092998 	 108.883292 	 295.872588 	 279.789984 	 280.459424 	 295.900135 	 280.527530 
12:34:47.653 AM 10/13/2022 	 103.134321 	 281.092693 	 108.881684 	 295.868449 	 279.756409 	 280.471632 	 295.902061 	 280.531466 
12:35:38.068 AM 10/13/2022 	 103.134024 	 281.091930 	 108.880731 	 295.865997 	 279.756322 	 280.490031 	 295.943846 	 280.530893 
12:36:28.450 AM 10/13/2022 	 103.134321 	 281.092693 	 108.879122 	 295.861858 	 279.773372 	 280.474947 	 295.892563 	 280.533808 
12:37:18.833 AM 10/13/2022 	 103.133607 	 281.090862 	 108.876740 	 295.855726 	 279.812017 	 280.476073 	 295.918587 	 280.545149 
12:38:09.245 AM 10/13/2022 	 103.133071 	 281.089489 	 108.874834 	 295.850820 	 279.771703 	 280.497117 	 295.920591 	 280.531655 
12:38:59.651 AM 10/13/2022 	 103.132952 	 281.089184 	 108.874178 	 295.849134 	 279.756141 	 280.510282 	 295.926266 	 280.535577 
12:39:50.077 AM 10/13/2022 	 103.132832 	 281.088879 	 108.873106 	 295.846375 	 279.755089 	 280.472260 	 295.906902 	 280.511664 
12:40:40.503 AM 10/13/2022 	 103.132832 	 281.088879 	 108.872391 	 295.844535 	 279.799893 	 280.475643 	 295.890414 	 280.531586 
12:41:30.900 AM 10/13/2022 	 103.132475 	 281.087963 	 108.870843 	 295.840550 	 279.788134 	 280.475578 	 295.899761 	 280.503307 
12:42:21.334 AM 10/13/2022 	 103.132535 	 281.088116 	 108.869234 	 295.836411 	 279.783237 	 280.496958 	 295.892680 	 280.519822 
12:43:11.761 AM 10/13/2022 	 103.132416 	 281.087811 	 108.867805 	 295.832732 	 279.790258 	 280.502508 	 295.919218 	 280.550665 
12:44:02.132 AM 10/13/2022 	 103.131939 	 281.086590 	 108.866197 	 295.828593 	 279.741577 	 280.451472 	 295.897620 	 280.489418 
12:44:52.552 AM 10/13/2022 	 103.131939 	 281.086590 	 108.864707 	 295.824760 	 279.732056 	 280.480399 	 295.877136 	 280.518343 
12:45:46.880 AM 10/13/2022 	 103.131820 	 281.086285 	 108.863993 	 295.822921 	 279.800745 	 280.480386 	 295.895942 	 280.522708 
12:46:40.526 AM 10/13/2022 	 103.131343 	 281.085065 	 108.862920 	 295.820162 	 279.809279 	 280.519554 	 295.899007 	 280.542902 
12:47:34.607 AM 10/13/2022 	 103.131582 	 281.085675 	 108.860657 	 295.814337 	 279.810020 	 280.471161 	 295.886550 	 280.517375 
12:48:28.693 AM 10/13/2022 	 103.131522 	 281.085522 	 108.858215 	 295.808052 	 279.776809 	 280.467189 	 295.855890 	 280.524592 
12:49:22.948 AM 10/13/2022 	 103.130927 	 281.083997 	 108.856309 	 295.803146 	 279.739504 	 280.477619 	 295.865978 	 280.511672 
12:50:17.149 AM 10/13/2022 	 103.130807 	 281.083692 	 108.854224 	 295.797781 	 279.753912 	 280.458922 	 295.880830 	 280.504165 
12:51:10.651 AM 10/13/2022 	 103.130569 	 281.083082 	 108.852675 	 295.793795 	 279.776536 	 280.477619 	 295.850451 	 280.524319 
12:52:04.635 AM 10/13/2022 	 103.130510 	 281.082929 	 108.850412 	 295.787970 	 279.796690 	 280.485094 	 295.848270 	 280.508444 
12:52:58.678 AM 10/13/2022 	 103.130629 	 281.083234 	 108.849697 	 295.786131 	 279.719531 	 280.426055 	 295.828342 	 280.481031 
12:53:52.739 AM 10/13/2022 	 103.129795 	 281.081098 	 108.849340 	 295.785211 	 279.755638 	 280.467943 	 295.856619 	 280.499564 
12:54:46.665 AM 10/13/2022 	 103.129854 	 281.081251 	 108.848089 	 295.781992 	 279.742866 	 280.466867 	 295.862637 	 280.487300 
12:55:40.902 AM 10/13/2022 	 103.129318 	 281.079878 	 108.844753 	 295.773408 	 279.773654 	 280.455282 	 295.861313 	 280.524361 
12:56:34.718 AM 10/13/2022 	 103.129557 	 281.080488 	 108.841358 	 295.764670 	 279.785370 	 280.457737 	 295.854748 	 280.520492 
12:57:28.699 AM 10/13/2022 	 103.129259 	 281.079725 	 108.839035 	 295.758692 	 279.755920 	 280.453143 	 295.868184 	 280.491576 
12:58:22.767 AM 10/13/2022 	 103.129021 	 281.079115 	 108.836771 	 295.752867 	 279.784799 	 280.498517 	 295.897010 	 280.548134 
12:59:16.747 AM 10/13/2022 	 103.128901 	 281.078810 	 108.834627 	 295.747348 	 279.754542 	 280.454686 	 295.854150 	 280.531062 
1:00:10.801 AM 10/13/2022 	 103.128604 	 281.078047 	 108.832899 	 295.742903 	 279.790467 	 280.464286 	 295.864845 	 280.529958 
1:01:04.903 AM 10/13/2022 	 103.128723 	 281.078352 	 108.831946 	 295.740450 	 279.783949 	 280.455831 	 295.831730 	 280.511776 
1:01:58.809 AM 10/13/2022 	 103.128365 	 281.077437 	 108.830338 	 295.736311 	 279.758693 	 280.453479 	 295.844042 	 280.505533 
1:02:52.804 AM 10/13/2022 	 103.128068 	 281.076674 	 108.828909 	 295.732632 	 279.772612 	 280.477106 	 295.869717 	 280.521374 
1:03:46.806 AM 10/13/2022 	 103.128306 	 281.077284 	 108.828551 	 295.731713 	 279.769476 	 280.484678 	 295.838458 	 280.517271 
1:04:40.826 AM 10/13/2022 	 103.128008 	 281.076522 	 108.827956 	 295.730180 	 279.777282 	 280.442362 	 295.859170 	 280.497336 
1:05:34.851 AM 10/13/2022 	 103.127829 	 281.076064 	 108.826407 	 295.726194 	 279.767129 	 280.428819 	 295.818310 	 280.506658 
1:06:28.870 AM 10/13/2022 	 103.127710 	 281.075759 	 108.824739 	 295.721902 	 279.746244 	 280.452240 	 295.838138 	 280.496024 
1:07:22.932 AM 10/13/2022 	 103.127412 	 281.074996 	 108.823131 	 295.717763 	 279.736830 	 280.453544 	 295.823872 	 280.473977 
1:08:16.888 AM 10/13/2022 	 103.127174 	 281.074386 	 108.821939 	 295.714698 	 279.743052 	 280.476783 	 295.824704 	 280.477270 
1:09:11.097 AM 10/13/2022 	 103.127293 	 281.074691 	 108.821106 	 295.712552 	 279.789954 	 280.468151 	 295.843176 	 280.515339 
1:10:04.901 AM 10/13/2022 	 103.127115 	 281.074233 	 108.820927 	 295.712092 	 279.795926 	 280.493087 	 295.857413 	 280.504762 
1:10:58.908 AM 10/13/2022 	 103.126757 	 281.073318 	 108.820272 	 295.710406 	 279.801146 	 280.461813 	 295.821518 	 280.492462 
1:11:52.960 AM 10/13/2022 	 103.126876 	 281.073623 	 108.819616 	 295.708719 	 279.790246 	 280.447523 	 295.823695 	 280.480119 
1:12:47.266 AM 10/13/2022 	 103.126757 	 281.073318 	 108.819736 	 295.709026 	 279.792431 	 280.483274 	 295.850744 	 280.493976 
1:13:40.929 AM 10/13/2022 	 103.126519 	 281.072708 	 108.818187 	 295.705040 	 279.766037 	 280.476379 	 295.831372 	 280.501676 
1:14:34.953 AM 10/13/2022 	 103.126817 	 281.073471 	 108.817174 	 295.702435 	 279.756680 	 280.494280 	 295.817630 	 280.522008 
1:15:29.007 AM 10/13/2022 	 103.126043 	 281.071487 	 108.816340 	 295.700289 	 279.746555 	 280.454982 	 295.815852 	 280.502171 
1:16:23.004 AM 10/13/2022 	 103.125745 	 281.070725 	 108.814136 	 295.694617 	 279.777221 	 280.457383 	 295.810646 	 280.489978 
1:17:16.938 AM 10/13/2022 	 103.125804 	 281.070877 	 108.813302 	 295.692471 	 279.770897 	 280.459340 	 295.820537 	 280.501664 
1:18:11.123 AM 10/13/2022 	 103.125566 	 281.070267 	 108.812171 	 295.689558 	 279.792181 	 280.479132 	 295.818506 	 280.507347 
1:19:05.025 AM 10/13/2022 	 103.125328 	 281.069657 	 108.811694 	 295.688332 	 279.766132 	 280.447771 	 295.818289 	 280.513446 
1:19:59.047 AM 10/13/2022 	 103.125268 	 281.069504 	 108.810503 	 295.685266 	 279.751360 	 280.456374 	 295.795082 	 280.500644 
1:20:53.115 AM 10/13/2022 	 103.124851 	 281.068436 	 108.808716 	 295.680668 	 279.749005 	 280.468619 	 295.809749 	 280.503158 
1:21:47.057 AM 10/13/2022 	 103.124732 	 281.068131 	 108.806452 	 295.674843 	 279.736266 	 280.446169 	 295.806858 	 280.493846 
1:22:41.093 AM 10/13/2022 	 103.125090 	 281.069047 	 108.803832 	 295.668098 	 279.760267 	 280.441429 	 295.775920 	 280.484727 
1:23:35.277 AM 10/13/2022 	 103.124494 	 281.067521 	 108.801270 	 295.661507 	 279.753599 	 280.424067 	 295.780304 	 280.477583 
1:24:29.174 AM 10/13/2022 	 103.124494 	 281.067521 	 108.799305 	 295.656449 	 279.762300 	 280.505729 	 295.816000 	 280.519349 
1:25:23.112 AM 10/13/2022 	 103.124673 	 281.067979 	 108.796505 	 295.649244 	 279.761438 	 280.470329 	 295.801050 	 280.503409 
1:26:17.150 AM 10/13/2022 	 103.123720 	 281.065538 	 108.794599 	 295.644339 	 279.788920 	 280.441821 	 295.791828 	 280.488524 
1:27:11.195 AM 10/13/2022 	 103.123839 	 281.065843 	 108.793467 	 295.641427 	 279.753450 	 280.445811 	 295.763218 	 280.459920 
1:28:05.116 AM 10/13/2022 	 103.123660 	 281.065385 	 108.792216 	 295.638208 	 279.790148 	 280.479534 	 295.820307 	 280.506290 
1:28:59.262 AM 10/13/2022 	 103.123601 	 281.065233 	 108.791859 	 295.637288 	 279.787907 	 280.464162 	 295.811556 	 280.530808 
1:29:53.243 AM 10/13/2022 	 103.123184 	 281.064165 	 108.791502 	 295.636368 	 279.826495 	 280.491503 	 295.796592 	 280.528473 
1:30:47.164 AM 10/13/2022 	 103.123720 	 281.065538 	 108.790906 	 295.634835 	 279.756349 	 280.431191 	 295.759900 	 280.483734 
1:31:41.226 AM 10/13/2022 	 103.123243 	 281.064317 	 108.789893 	 295.632230 	 279.760136 	 280.450541 	 295.776734 	 280.472920 
1:32:35.242 AM 10/13/2022 	 103.123065 	 281.063860 	 108.789536 	 295.631310 	 279.746172 	 280.427841 	 295.743953 	 280.455086 
1:33:32.868 AM 10/13/2022 	 103.122886 	 281.063402 	 108.787570 	 295.626251 	 279.797068 	 280.471850 	 295.778993 	 280.516605 
1:34:30.465 AM 10/13/2022 	 103.122767 	 281.063097 	 108.786736 	 295.624106 	 279.756628 	 280.452390 	 295.767699 	 280.459688 
1:35:28.080 AM 10/13/2022 	 103.122826 	 281.063249 	 108.786558 	 295.623646 	 279.808582 	 280.466806 	 295.790584 	 280.527127 
1:36:25.684 AM 10/13/2022 	 103.122826 	 281.063249 	 108.785009 	 295.619660 	 279.736596 	 280.428497 	 295.746470 	 280.465472 
1:37:23.316 AM 10/13/2022 	 103.122350 	 281.062029 	 108.782865 	 295.614142 	 279.742220 	 280.437031 	 295.763196 	 280.469628 
1:38:20.972 AM 10/13/2022 	 103.122350 	 281.062029 	 108.780363 	 295.607704 	 279.799102 	 280.492367 	 295.794604 	 280.520095 
1:39:18.552 AM 10/13/2022 	 103.122469 	 281.062334 	 108.779708 	 295.606018 	 279.765764 	 280.458107 	 295.765699 	 280.496539 
1:40:16.173 AM 10/13/2022 	 103.122290 	 281.061877 	 108.778933 	 295.604025 	 279.767827 	 280.454329 	 295.738043 	 280.475735 
1:41:13.753 AM 10/13/2022 	 103.122290 	 281.061877 	 108.776729 	 295.598354 	 279.777034 	 280.487359 	 295.773760 	 280.501953 
1:42:11.360 AM 10/13/2022 	 103.121873 	 281.060809 	 108.773453 	 295.589923 	 279.766084 	 280.466697 	 295.775891 	 280.501724 
1:43:08.979 AM 10/13/2022 	 103.120980 	 281.058520 	 108.770773 	 295.583026 	 279.762638 	 280.444282 	 295.737737 	 280.490013 
1:44:06.569 AM 10/13/2022 	 103.120920 	 281.058368 	 108.768092 	 295.576128 	 279.775423 	 280.451210 	 295.766557 	 280.500345 
1:45:04.203 AM 10/13/2022 	 103.121099 	 281.058825 	 108.765888 	 295.570457 	 279.735571 	 280.455205 	 295.772775 	 280.503853 
1:46:01.926 AM 10/13/2022 	 103.121040 	 281.058673 	 108.763208 	 295.563559 	 279.748273 	 280.440157 	 295.742688 	 280.505346 
1:46:59.607 AM 10/13/2022 	 103.120146 	 281.056385 	 108.760766 	 295.557274 	 279.777932 	 280.428416 	 295.749215 	 280.491661 
1:47:56.970 AM 10/13/2022 	 103.120325 	 281.056842 	 108.759277 	 295.553442 	 279.808146 	 280.479992 	 295.751574 	 280.510153 
1:48:54.716 AM 10/13/2022 	 103.120206 	 281.056537 	 108.758324 	 295.550990 	 279.782514 	 280.464128 	 295.725873 	 280.504506 
1:49:52.298 AM 10/13/2022 	 103.120027 	 281.056079 	 108.757609 	 295.549151 	 279.774801 	 280.475401 	 295.736779 	 280.529397 
1:50:49.921 AM 10/13/2022 	 103.120206 	 281.056537 	 108.755464 	 295.543632 	 279.780872 	 280.466381 	 295.733230 	 280.538376 
1:51:47.489 AM 10/13/2022 	 103.119372 	 281.054401 	 108.755643 	 295.544092 	 279.783932 	 280.466031 	 295.725361 	 280.521002 
1:52:45.093 AM 10/13/2022 	 103.119551 	 281.054859 	 108.754333 	 295.540720 	 279.749088 	 280.424915 	 295.734063 	 280.492539 
1:53:42.919 AM 10/13/2022 	 103.119134 	 281.053791 	 108.752546 	 295.536122 	 279.743761 	 280.439543 	 295.704443 	 280.529541 
1:54:40.410 AM 10/13/2022 	 103.118955 	 281.053334 	 108.749925 	 295.529377 	 279.766095 	 280.425354 	 295.720368 	 280.462329 
1:55:37.918 AM 10/13/2022 	 103.118776 	 281.052876 	 108.747364 	 295.522786 	 279.779351 	 280.445401 	 295.708698 	 280.488213 
1:56:35.572 AM 10/13/2022 	 103.118657 	 281.052571 	 108.745755 	 295.518648 	 279.778699 	 280.456913 	 295.726424 	 280.504102 
1:57:33.157 AM 10/13/2022 	 103.118657 	 281.052571 	 108.744266 	 295.514816 	 279.744221 	 280.444867 	 295.734538 	 280.523190 
1:58:30.838 AM 10/13/2022 	 103.118478 	 281.052113 	 108.743551 	 295.512977 	 279.759061 	 280.453360 	 295.711691 	 280.504927 
1:59:28.393 AM 10/13/2022 	 103.118419 	 281.051961 	 108.742539 	 295.510371 	 279.783995 	 280.439335 	 295.722598 	 280.494309 
2:00:26.111 AM 10/13/2022 	 103.118478 	 281.052113 	 108.741764 	 295.508378 	 279.761005 	 280.437300 	 295.703686 	 280.490815 
2:01:24.293 AM 10/13/2022 	 103.118419 	 281.051961 	 108.741764 	 295.508378 	 279.775014 	 280.454694 	 295.718159 	 280.496045 
2:02:21.290 AM 10/13/2022 	 103.117585 	 281.049825 	 108.741407 	 295.507458 	 279.783592 	 280.442826 	 295.704795 	 280.493908 
2:03:18.875 AM 10/13/2022 	 103.117942 	 281.050740 	 108.740990 	 295.506386 	 279.784656 	 280.454591 	 295.709117 	 280.502753 
2:04:16.501 AM 10/13/2022 	 103.117406 	 281.049367 	 108.738786 	 295.500714 	 279.751015 	 280.449705 	 295.693565 	 280.495922 
2:05:14.173 AM 10/13/2022 	 103.117347 	 281.049215 	 108.737059 	 295.496269 	 279.756430 	 280.454139 	 295.727035 	 280.538784 
2:06:11.711 AM 10/13/2022 	 103.116811 	 281.047842 	 108.735927 	 295.493357 	 279.769091 	 280.436617 	 295.704436 	 280.500834 
2:07:09.272 AM 10/13/2022 	 103.117168 	 281.048757 	 108.734259 	 295.489065 	 279.733747 	 280.442195 	 295.672649 	 280.474790 
2:08:06.952 AM 10/13/2022 	 103.116751 	 281.047689 	 108.732710 	 295.485080 	 279.756618 	 280.416377 	 295.700389 	 280.499569 
2:09:04.536 AM 10/13/2022 	 103.116870 	 281.047994 	 108.731281 	 295.481401 	 279.776822 	 280.431686 	 295.698725 	 280.480337 
2:10:02.166 AM 10/13/2022 	 103.116275 	 281.046469 	 108.730090 	 295.478336 	 279.770565 	 280.429331 	 295.668205 	 280.474090 
2:10:59.745 AM 10/13/2022 	 103.115977 	 281.045706 	 108.728303 	 295.473737 	 279.750712 	 280.404641 	 295.687153 	 280.482484 
2:11:57.386 AM 10/13/2022 	 103.116394 	 281.046774 	 108.727290 	 295.471132 	 279.792417 	 280.456015 	 295.679430 	 280.504177 
2:12:55.067 AM 10/13/2022 	 103.115739 	 281.045096 	 108.725801 	 295.467300 	 279.774654 	 280.434874 	 295.672156 	 280.469903 
2:13:52.582 AM 10/13/2022 	 103.115917 	 281.045553 	 108.722823 	 295.459636 	 279.775836 	 280.466218 	 295.667178 	 280.491515 
2:14:50.294 AM 10/13/2022 	 103.115739 	 281.045096 	 108.721512 	 295.456264 	 279.721181 	 280.430621 	 295.665217 	 280.463704 
2:15:47.835 AM 10/13/2022 	 103.115381 	 281.044180 	 108.720023 	 295.452432 	 279.741781 	 280.430269 	 295.643223 	 280.469676 
2:16:45.474 AM 10/13/2022 	 103.115500 	 281.044485 	 108.718355 	 295.448140 	 279.780222 	 280.448704 	 295.658706 	 280.492002 
2:17:43.124 AM 10/13/2022 	 103.115620 	 281.044791 	 108.715675 	 295.441243 	 279.800068 	 280.416462 	 295.682586 	 280.509384 
2:18:44.292 AM 10/13/2022 	 103.114905 	 281.042960 	 108.714722 	 295.438790 	 279.754862 	 280.430680 	 295.667628 	 280.489547 
2:19:45.582 AM 10/13/2022 	 103.114905 	 281.042960 	 108.713947 	 295.436798 	 279.747147 	 280.462384 	 295.676178 	 280.490114 
2:20:46.747 AM 10/13/2022 	 103.115262 	 281.043875 	 108.713888 	 295.436645 	 279.794496 	 280.455659 	 295.658375 	 280.522793 
2:21:47.984 AM 10/13/2022 	 103.114428 	 281.041739 	 108.711922 	 295.431587 	 279.759071 	 280.450937 	 295.623679 	 280.485965 
2:22:49.153 AM 10/13/2022 	 103.114250 	 281.041282 	 108.711326 	 295.430054 	 279.740831 	 280.453159 	 295.663017 	 280.505213 
2:23:50.526 AM 10/13/2022 	 103.113595 	 281.039604 	 108.710314 	 295.427448 	 279.733438 	 280.429236 	 295.643637 	 280.469131 
2:24:51.817 AM 10/13/2022 	 103.113535 	 281.039451 	 108.708825 	 295.423616 	 279.807721 	 280.443080 	 295.665033 	 280.490757 
2:25:52.918 AM 10/13/2022 	 103.113118 	 281.038383 	 108.708229 	 295.422084 	 279.770138 	 280.434743 	 295.636725 	 280.486312 
2:26:54.065 AM 10/13/2022 	 103.112820 	 281.037621 	 108.706621 	 295.417945 	 279.771550 	 280.415231 	 295.629616 	 280.481884 
2:27:55.247 AM 10/13/2022 	 103.113118 	 281.038383 	 108.706561 	 295.417792 	 279.766728 	 280.460042 	 295.645669 	 280.493123 
2:28:56.394 AM 10/13/2022 	 103.112999 	 281.038078 	 108.705012 	 295.413807 	 279.746678 	 280.441970 	 295.618298 	 280.468241 
2:29:57.698 AM 10/13/2022 	 103.112939 	 281.037926 	 108.704238 	 295.411814 	 279.790537 	 280.449760 	 295.639487 	 280.491599 
2:30:59.158 AM 10/13/2022 	 103.112999 	 281.038078 	 108.703345 	 295.409515 	 279.796484 	 280.461537 	 295.633465 	 280.493158 
2:32:00.092 AM 10/13/2022 	 103.113237 	 281.038688 	 108.702928 	 295.408442 	 279.764732 	 280.450752 	 295.653627 	 280.505724 
2:33:01.367 AM 10/13/2022 	 103.112701 	 281.037315 	 108.701498 	 295.404764 	 279.748145 	 280.415702 	 295.632896 	 280.492084 
2:34:02.529 AM 10/13/2022 	 103.112642 	 281.037163 	 108.699592 	 295.399859 	 279.783009 	 280.440297 	 295.619033 	 280.509379 
2:35:03.747 AM 10/13/2022 	 103.112761 	 281.037468 	 108.696435 	 295.391735 	 279.796111 	 280.426621 	 295.629809 	 280.460191 
2:36:05.037 AM 10/13/2022 	 103.112344 	 281.036400 	 108.694291 	 295.386217 	 279.743277 	 280.422518 	 295.588649 	 280.463386 
2:37:06.149 AM 10/13/2022 	 103.111867 	 281.035180 	 108.693576 	 295.384378 	 279.749773 	 280.432897 	 295.617522 	 280.468412 
2:38:07.400 AM 10/13/2022 	 103.111570 	 281.034417 	 108.692742 	 295.382232 	 279.744626 	 280.414134 	 295.601251 	 280.483706 
2:39:08.606 AM 10/13/2022 	 103.111689 	 281.034722 	 108.692385 	 295.381313 	 279.794872 	 280.443872 	 295.602250 	 280.466251 
2:40:09.817 AM 10/13/2022 	 103.111748 	 281.034875 	 108.690479 	 295.376408 	 279.788201 	 280.452779 	 295.618400 	 280.479050 
2:41:11.014 AM 10/13/2022 	 103.111867 	 281.035180 	 108.688811 	 295.372116 	 279.730682 	 280.426484 	 295.605668 	 280.475622 
2:42:12.193 AM 10/13/2022 	 103.111272 	 281.033654 	 108.686071 	 295.365066 	 279.804605 	 280.449699 	 295.615891 	 280.486672 
2:43:13.475 AM 10/13/2022 	 103.111153 	 281.033349 	 108.685296 	 295.363073 	 279.765384 	 280.420265 	 295.584115 	 280.471349 
2:44:14.648 AM 10/13/2022 	 103.110795 	 281.032434 	 108.684105 	 295.360008 	 279.768691 	 280.428433 	 295.600492 	 280.508218 
2:45:15.874 AM 10/13/2022 	 103.110914 	 281.032739 	 108.683748 	 295.359088 	 279.732216 	 280.428016 	 295.577021 	 280.491262 
2:46:17.189 AM 10/13/2022 	 103.110438 	 281.031518 	 108.682973 	 295.357096 	 279.759707 	 280.438437 	 295.609701 	 280.493897 
2:47:18.547 AM 10/13/2022 	 103.110200 	 281.030908 	 108.680531 	 295.350812 	 279.794993 	 280.409935 	 295.599542 	 280.471724 
2:48:19.814 AM 10/13/2022 	 103.110497 	 281.031671 	 108.677791 	 295.343761 	 279.759255 	 280.416091 	 295.556536 	 280.480798 
2:49:21.017 AM 10/13/2022 	 103.110497 	 281.031671 	 108.675230 	 295.337171 	 279.786897 	 280.428124 	 295.592661 	 280.502072 
2:50:22.046 AM 10/13/2022 	 103.109842 	 281.029993 	 108.672788 	 295.330887 	 279.778605 	 280.446117 	 295.577587 	 280.486496 
2:51:23.317 AM 10/13/2022 	 103.110140 	 281.030756 	 108.670941 	 295.326135 	 279.742241 	 280.465270 	 295.592826 	 280.476460 
2:52:24.464 AM 10/13/2022 	 103.109723 	 281.029688 	 108.669154 	 295.321537 	 279.753389 	 280.441372 	 295.569700 	 280.484670 
2:53:25.727 AM 10/13/2022 	 103.109664 	 281.029535 	 108.669095 	 295.321384 	 279.808183 	 280.465434 	 295.599105 	 280.490245 
2:54:26.819 AM 10/13/2022 	 103.109366 	 281.028773 	 108.667605 	 295.317552 	 279.763033 	 280.431054 	 295.557362 	 280.469488 
2:55:28.075 AM 10/13/2022 	 103.109604 	 281.029383 	 108.666891 	 295.315713 	 279.756935 	 280.449778 	 295.569832 	 280.485293 
2:56:29.286 AM 10/13/2022 	 103.109544 	 281.029230 	 108.664270 	 295.308969 	 279.750572 	 280.455587 	 295.563212 	 280.478453 
2:57:30.525 AM 10/13/2022 	 103.108711 	 281.027094 	 108.661172 	 295.300999 	 279.754348 	 280.451087 	 295.547086 	 280.487574 
2:58:31.716 AM 10/13/2022 	 103.108592 	 281.026789 	 108.658849 	 295.295022 	 279.768744 	 280.408050 	 295.528980 	 280.436756 
2:59:32.919 AM 10/13/2022 	 103.108711 	 281.027094 	 108.657062 	 295.290423 	 279.762060 	 280.427649 	 295.528172 	 280.447110 
3:00:37.818 AM 10/13/2022 	 103.108651 	 281.026942 	 108.655931 	 295.287511 	 279.754741 	 280.416449 	 295.522041 	 280.465588 
3:01:43.209 AM 10/13/2022 	 103.108294 	 281.026027 	 108.654739 	 295.284446 	 279.760339 	 280.403550 	 295.542047 	 280.454636 
3:02:47.546 AM 10/13/2022 	 103.108115 	 281.025569 	 108.654858 	 295.284753 	 279.786163 	 280.430310 	 295.560879 	 280.486258 
3:03:52.435 AM 10/13/2022 	 103.107877 	 281.024959 	 108.655156 	 295.285519 	 279.742750 	 280.432696 	 295.536822 	 280.468698 
3:04:57.365 AM 10/13/2022 	 103.107877 	 281.024959 	 108.655931 	 295.287511 	 279.761064 	 280.390650 	 295.531918 	 280.465577 
3:06:02.075 AM 10/13/2022 	 103.107817 	 281.024806 	 108.655633 	 295.286745 	 279.789398 	 280.435000 	 295.530577 	 280.484624 
3:07:06.928 AM 10/13/2022 	 103.107519 	 281.024043 	 108.656645 	 295.289351 	 279.788424 	 280.437920 	 295.538111 	 280.459326 
3:08:16.133 AM 10/13/2022 	 103.107460 	 281.023891 	 108.656348 	 295.288584 	 279.749619 	 280.441987 	 295.534514 	 280.485772 
3:09:20.070 AM 10/13/2022 	 103.106983 	 281.022670 	 108.655454 	 295.286285 	 279.759936 	 280.431853 	 295.543069 	 280.484396 
3:10:24.885 AM 10/13/2022 	 103.107579 	 281.024196 	 108.657122 	 295.290577 	 279.800452 	 280.423658 	 295.529017 	 280.476201 
3:11:29.717 AM 10/13/2022 	 103.107639 	 281.024348 	 108.657420 	 295.291343 	 279.782096 	 280.399488 	 295.535291 	 280.483657 
3:12:34.504 AM 10/13/2022 	 103.107460 	 281.023891 	 108.657718 	 295.292109 	 279.734099 	 280.419192 	 295.512453 	 280.457627 
3:13:39.368 AM 10/13/2022 	 103.107162 	 281.023128 	 108.657420 	 295.291343 	 279.786753 	 280.453766 	 295.531788 	 280.451333 
3:14:44.209 AM 10/13/2022 	 103.106983 	 281.022670 	 108.657420 	 295.291343 	 279.780726 	 280.446288 	 295.503362 	 280.443855 
3:15:48.956 AM 10/13/2022 	 103.107043 	 281.022823 	 108.658134 	 295.293182 	 279.765313 	 280.423114 	 295.524724 	 280.478090 
3:16:53.847 AM 10/13/2022 	 103.106626 	 281.021755 	 108.657837 	 295.292416 	 279.751518 	 280.426854 	 295.543410 	 280.492532 
3:17:58.600 AM 10/13/2022 	 103.106447 	 281.021297 	 108.658075 	 295.293029 	 279.778696 	 280.436476 	 295.491983 	 280.471505 
3:19:03.432 AM 10/13/2022 	 103.106626 	 281.021755 	 108.657956 	 295.292722 	 279.748295 	 280.399308 	 295.486147 	 280.424122 
3:20:08.275 AM 10/13/2022 	 103.106566 	 281.021603 	 108.658075 	 295.293029 	 279.789069 	 280.418129 	 295.498711 	 280.476511 
3:21:13.004 AM 10/13/2022 	 103.106269 	 281.020840 	 108.656645 	 295.289351 	 279.804691 	 280.459515 	 295.527464 	 280.514973 
3:22:17.866 AM 10/13/2022 	 103.105971 	 281.020077 	 108.654858 	 295.284753 	 279.758212 	 280.424781 	 295.500911 	 280.471486 
3:23:22.632 AM 10/13/2022 	 103.105911 	 281.019924 	 108.653608 	 295.281534 	 279.807933 	 280.429182 	 295.489632 	 280.470050 
3:24:27.502 AM 10/13/2022 	 103.105733 	 281.019467 	 108.651642 	 295.276476 	 279.772776 	 280.412077 	 295.480612 	 280.471919 
3:25:32.352 AM 10/13/2022 	 103.105852 	 281.019772 	 108.650510 	 295.273564 	 279.758992 	 280.432370 	 295.490363 	 280.470805 
3:26:37.112 AM 10/13/2022 	 103.106150 	 281.020535 	 108.649140 	 295.270039 	 279.760648 	 280.415050 	 295.496673 	 280.464675 
3:27:41.920 AM 10/13/2022 	 103.105733 	 281.019467 	 108.645864 	 295.261609 	 279.791027 	 280.417166 	 295.470468 	 280.446844 
3:28:46.686 AM 10/13/2022 	 103.105554 	 281.019009 	 108.642231 	 295.252260 	 279.810248 	 280.449009 	 295.478214 	 280.475767 
3:29:51.573 AM 10/13/2022 	 103.105316 	 281.018399 	 108.639491 	 295.245210 	 279.725524 	 280.400413 	 295.479682 	 280.450040 
3:30:56.442 AM 10/13/2022 	 103.105077 	 281.017789 	 108.636572 	 295.237700 	 279.772933 	 280.421478 	 295.482176 	 280.498832 
3:32:01.181 AM 10/13/2022 	 103.105494 	 281.018857 	 108.632283 	 295.226665 	 279.792777 	 280.391179 	 295.448143 	 280.478754 
3:33:06.023 AM 10/13/2022 	 103.104661 	 281.016721 	 108.628828 	 295.217775 	 279.736525 	 280.387555 	 295.454525 	 280.479996 
3:34:14.437 AM 10/13/2022 	 103.104601 	 281.016568 	 108.624897 	 295.207660 	 279.767763 	 280.441129 	 295.456931 	 280.495130 
3:35:19.242 AM 10/13/2022 	 103.104363 	 281.015958 	 108.620847 	 295.197238 	 279.746520 	 280.395589 	 295.437813 	 280.478299 
3:36:27.634 AM 10/13/2022 	 103.103946 	 281.014890 	 108.617094 	 295.187582 	 279.770820 	 280.424720 	 295.447642 	 280.464128 
3:37:32.440 AM 10/13/2022 	 103.104601 	 281.016568 	 108.613401 	 295.178080 	 279.796567 	 280.441672 	 295.466404 	 280.497133 
3:38:40.837 AM 10/13/2022 	 103.103767 	 281.014433 	 108.609350 	 295.167658 	 279.725725 	 280.397207 	 295.428547 	 280.461916 
3:39:49.289 AM 10/13/2022 	 103.103529 	 281.013822 	 108.605300 	 295.157236 	 279.720778 	 280.389348 	 295.429418 	 280.456005 
3:40:57.715 AM 10/13/2022 	 103.103529 	 281.013822 	 108.602083 	 295.148960 	 279.777647 	 280.421807 	 295.428339 	 280.476783 
3:42:06.153 AM 10/13/2022 	 103.103410 	 281.013517 	 108.600177 	 295.144056 	 279.776812 	 280.418053 	 295.427531 	 280.456488 
3:43:14.535 AM 10/13/2022 	 103.103231 	 281.013060 	 108.597199 	 295.136393 	 279.758784 	 280.431676 	 295.437892 	 280.464273 
3:44:23.613 AM 10/13/2022 	 103.103112 	 281.012755 	 108.596127 	 295.133634 	 279.757207 	 280.399935 	 295.418001 	 280.447617 
3:45:32.128 AM 10/13/2022 	 103.103350 	 281.013365 	 108.595472 	 295.131948 	 279.809351 	 280.433517 	 295.440616 	 280.484114 
3:46:39.806 AM 10/13/2022 	 103.102516 	 281.011229 	 108.594042 	 295.128270 	 279.764648 	 280.402987 	 295.445914 	 280.453587 
3:47:48.247 AM 10/13/2022 	 103.103112 	 281.012755 	 108.594399 	 295.129189 	 279.743963 	 280.423203 	 295.426865 	 280.452881 
3:48:56.604 AM 10/13/2022 	 103.102636 	 281.011534 	 108.594519 	 295.129496 	 279.780769 	 280.421518 	 295.407337 	 280.432708 
3:50:05.027 AM 10/13/2022 	 103.102516 	 281.011229 	 108.595293 	 295.131488 	 279.785359 	 280.434373 	 295.419310 	 280.456266 
3:51:14.031 AM 10/13/2022 	 103.102874 	 281.012144 	 108.593327 	 295.126431 	 279.785804 	 280.442115 	 295.425862 	 280.482008 
3:52:21.936 AM 10/13/2022 	 103.102278 	 281.010619 	 108.592136 	 295.123365 	 279.759862 	 280.409885 	 295.406439 	 280.450754 
3:53:30.295 AM 10/13/2022 	 103.102099 	 281.010161 	 108.591421 	 295.121526 	 279.800399 	 280.429929 	 295.410299 	 280.481986 
3:54:38.747 AM 10/13/2022 	 103.102159 	 281.010314 	 108.590885 	 295.120147 	 279.796323 	 280.419048 	 295.405889 	 280.465754 
3:55:47.218 AM 10/13/2022 	 103.101980 	 281.009856 	 108.590647 	 295.119534 	 279.788947 	 280.442821 	 295.401585 	 280.477849 
3:56:55.613 AM 10/13/2022 	 103.102040 	 281.010009 	 108.590051 	 295.118001 	 279.753982 	 280.394769 	 295.394633 	 280.457533 
3:58:03.933 AM 10/13/2022 	 103.101623 	 281.008941 	 108.588979 	 295.115243 	 279.798700 	 280.408771 	 295.379456 	 280.470560 
3:59:12.382 AM 10/13/2022 	 103.101385 	 281.008331 	 108.587549 	 295.111564 	 279.772652 	 280.402221 	 295.370761 	 280.430928 
4:00:20.923 AM 10/13/2022 	 103.101087 	 281.007568 	 108.585882 	 295.107273 	 279.749863 	 280.410606 	 295.394420 	 280.481637 
4:01:29.135 AM 10/13/2022 	 103.101385 	 281.008331 	 108.583320 	 295.100683 	 279.738376 	 280.416652 	 295.363064 	 280.462385 
4:02:37.634 AM 10/13/2022 	 103.100908 	 281.007110 	 108.582963 	 295.099763 	 279.801540 	 280.418419 	 295.391151 	 280.455882 
4:03:46.038 AM 10/13/2022 	 103.100849 	 281.006958 	 108.582308 	 295.098078 	 279.752850 	 280.391205 	 295.353033 	 280.419426 
4:04:54.504 AM 10/13/2022 	 103.101147 	 281.007720 	 108.580759 	 295.094093 	 279.748425 	 280.389220 	 295.340277 	 280.435929 
4:06:02.855 AM 10/13/2022 	 103.100968 	 281.007263 	 108.579449 	 295.090721 	 279.750342 	 280.403785 	 295.356732 	 280.448060 
4:07:11.271 AM 10/13/2022 	 103.100849 	 281.006958 	 108.577662 	 295.086123 	 279.794672 	 280.433455 	 295.402408 	 280.479673 
4:08:19.724 AM 10/13/2022 	 103.100849 	 281.006958 	 108.576887 	 295.084131 	 279.752521 	 280.391364 	 295.368729 	 280.448776 
4:09:28.084 AM 10/13/2022 	 103.100610 	 281.006347 	 108.576351 	 295.082752 	 279.755250 	 280.413552 	 295.347817 	 280.474367 
4:10:36.494 AM 10/13/2022 	 103.100789 	 281.006805 	 108.574922 	 295.079074 	 279.746632 	 280.407865 	 295.361624 	 280.443382 
4:11:44.920 AM 10/13/2022 	 103.099896 	 281.004517 	 108.573552 	 295.075549 	 279.826196 	 280.415309 	 295.363648 	 280.476124 
4:12:53.371 AM 10/13/2022 	 103.099777 	 281.004212 	 108.571229 	 295.069572 	 279.787779 	 280.453817 	 295.358066 	 280.457222 
4:14:01.740 AM 10/13/2022 	 103.099836 	 281.004364 	 108.568072 	 295.061449 	 279.782853 	 280.398785 	 295.353305 	 280.455710 
4:15:10.123 AM 10/13/2022 	 103.099955 	 281.004669 	 108.565808 	 295.055625 	 279.755865 	 280.403948 	 295.338991 	 280.453575 
4:16:18.910 AM 10/13/2022 	 103.099836 	 281.004364 	 108.564200 	 295.051487 	 279.766555 	 280.404891 	 295.341788 	 280.450140 
4:17:27.227 AM 10/13/2022 	 103.099360 	 281.003144 	 108.564259 	 295.051640 	 279.795273 	 280.404863 	 295.339406 	 280.486112 
4:18:35.447 AM 10/13/2022 	 103.099300 	 281.002991 	 108.562770 	 295.047809 	 279.785642 	 280.436115 	 295.382848 	 280.513467 
4:19:43.799 AM 10/13/2022 	 103.099121 	 281.002534 	 108.560209 	 295.041219 	 279.736201 	 280.413993 	 295.310090 	 280.475295 
4:20:52.262 AM 10/13/2022 	 103.099241 	 281.002839 	 108.558362 	 295.036468 	 279.782877 	 280.429461 	 295.337783 	 280.491247 
4:22:00.631 AM 10/13/2022 	 103.098883 	 281.001923 	 108.557350 	 295.033863 	 279.779612 	 280.395061 	 295.284695 	 280.448581 
4:23:09.097 AM 10/13/2022 	 103.099241 	 281.002839 	 108.555265 	 295.028499 	 279.735959 	 280.434186 	 295.328227 	 280.474080 
4:24:17.602 AM 10/13/2022 	 103.099300 	 281.002991 	 108.552525 	 295.021449 	 279.749827 	 280.400352 	 295.316197 	 280.451925 
4:25:29.585 AM 10/13/2022 	 103.099419 	 281.003296 	 108.551631 	 295.019150 	 279.759535 	 280.409559 	 295.317103 	 280.463077 
4:26:37.945 AM 10/13/2022 	 103.099181 	 281.002686 	 108.550917 	 295.017311 	 279.776508 	 280.403640 	 295.295356 	 280.468835 
4:27:49.910 AM 10/13/2022 	 103.098824 	 281.001771 	 108.547879 	 295.009495 	 279.731032 	 280.424887 	 295.302266 	 280.477917 
4:29:01.949 AM 10/13/2022 	 103.098228 	 281.000245 	 108.545675 	 295.003825 	 279.807965 	 280.448676 	 295.337074 	 280.519701 
4:30:14.008 AM 10/13/2022 	 103.098288 	 281.000398 	 108.542697 	 294.996162 	 279.763367 	 280.407547 	 295.291601 	 280.481011 
4:31:25.993 AM 10/13/2022 	 103.098109 	 280.999940 	 108.541029 	 294.991871 	 279.784069 	 280.418002 	 295.280054 	 280.454005 
4:32:38.050 AM 10/13/2022 	 103.098466 	 281.000856 	 108.539480 	 294.987886 	 279.752281 	 280.410587 	 295.296900 	 280.483564 
4:33:50.055 AM 10/13/2022 	 103.098466 	 281.000856 	 108.537514 	 294.982829 	 279.771639 	 280.439161 	 295.313259 	 280.509215 
4:35:02.057 AM 10/13/2022 	 103.097930 	 280.999483 	 108.536264 	 294.979610 	 279.805822 	 280.443130 	 295.324168 	 280.508319 
4:36:14.002 AM 10/13/2022 	 103.097811 	 280.999177 	 108.534596 	 294.975319 	 279.797285 	 280.422441 	 295.265038 	 280.485201 
4:37:26.096 AM 10/13/2022 	 103.097930 	 280.999483 	 108.533881 	 294.973480 	 279.742072 	 280.404285 	 295.277609 	 280.436884 
4:38:38.069 AM 10/13/2022 	 103.097454 	 280.998262 	 108.532868 	 294.970875 	 279.756114 	 280.413928 	 295.253497 	 280.455283 
4:39:50.135 AM 10/13/2022 	 103.097692 	 280.998872 	 108.532213 	 294.969189 	 279.763250 	 280.392832 	 295.250031 	 280.455110 
4:41:02.145 AM 10/13/2022 	 103.097096 	 280.997347 	 108.532332 	 294.969496 	 279.763481 	 280.397443 	 295.269099 	 280.445125 
4:42:14.061 AM 10/13/2022 	 103.097752 	 280.999025 	 108.533524 	 294.972561 	 279.764292 	 280.420148 	 295.281190 	 280.479016 
4:43:26.140 AM 10/13/2022 	 103.097096 	 280.997347 	 108.534596 	 294.975319 	 279.760431 	 280.413373 	 295.259083 	 280.451809 
4:44:38.205 AM 10/13/2022 	 103.097216 	 280.997652 	 108.535251 	 294.977005 	 279.780545 	 280.384315 	 295.264398 	 280.425673 
4:45:50.213 AM 10/13/2022 	 103.097275 	 280.997805 	 108.534715 	 294.975626 	 279.745522 	 280.409676 	 295.256918 	 280.455410 
4:47:02.098 AM 10/13/2022 	 103.097335 	 280.997957 	 108.536323 	 294.979764 	 279.761362 	 280.400192 	 295.269877 	 280.452738 
4:48:14.194 AM 10/13/2022 	 103.096680 	 280.996279 	 108.538289 	 294.984821 	 279.791555 	 280.408447 	 295.221335 	 280.455641 
4:49:26.247 AM 10/13/2022 	 103.097096 	 280.997347 	 108.539123 	 294.986967 	 279.780925 	 280.426052 	 295.260996 	 280.467893 
4:50:38.384 AM 10/13/2022 	 103.096441 	 280.995669 	 108.541267 	 294.992484 	 279.745130 	 280.396148 	 295.239578 	 280.462317 
4:51:50.472 AM 10/13/2022 	 103.096620 	 280.996126 	 108.543411 	 294.998001 	 279.807449 	 280.417995 	 295.249896 	 280.484647 
4:53:02.465 AM 10/13/2022 	 103.096620 	 280.996126 	 108.545258 	 295.002752 	 279.808156 	 280.426973 	 295.266598 	 280.494110 
4:54:14.472 AM 10/13/2022 	 103.097216 	 280.997652 	 108.547879 	 295.009495 	 279.784535 	 280.427225 	 295.258834 	 280.482200 
4:55:29.838 AM 10/13/2022 	 103.097275 	 280.997805 	 108.551572 	 295.018997 	 279.750980 	 280.407341 	 295.236283 	 280.476914 
4:56:42.069 AM 10/13/2022 	 103.096977 	 280.997042 	 108.554014 	 295.025280 	 279.781843 	 280.425996 	 295.239742 	 280.460540 
4:57:57.677 AM 10/13/2022 	 103.097216 	 280.997652 	 108.555503 	 295.029112 	 279.821233 	 280.454140 	 295.249092 	 280.527597 
4:59:13.249 AM 10/13/2022 	 103.097394 	 280.998110 	 108.556933 	 295.032790 	 279.752886 	 280.409732 	 295.213627 	 280.469574 
5:00:28.935 AM 10/13/2022 	 103.096977 	 280.997042 	 108.558898 	 295.037847 	 279.731216 	 280.394418 	 295.236019 	 280.472750 
5:01:40.972 AM 10/13/2022 	 103.096977 	 280.997042 	 108.562294 	 295.046583 	 279.785812 	 280.433366 	 295.206830 	 280.454772 
5:02:52.864 AM 10/13/2022 	 103.097037 	 280.997194 	 108.563068 	 295.048575 	 279.757965 	 280.430859 	 295.197336 	 280.455185 
5:04:04.858 AM 10/13/2022 	 103.097335 	 280.997957 	 108.563306 	 295.049188 	 279.815571 	 280.446541 	 295.238906 	 280.460163 
5:05:16.929 AM 10/13/2022 	 103.096203 	 280.995059 	 108.561222 	 295.043824 	 279.772747 	 280.411561 	 295.207388 	 280.477241 
5:06:28.850 AM 10/13/2022 	 103.096501 	 280.995821 	 108.560447 	 295.041832 	 279.731223 	 280.374476 	 295.147917 	 280.419727 
5:07:40.889 AM 10/13/2022 	 103.096382 	 280.995516 	 108.558958 	 295.038001 	 279.772255 	 280.401825 	 295.219163 	 280.463129 
5:08:52.852 AM 10/13/2022 	 103.096858 	 280.996737 	 108.557350 	 295.033863 	 279.734549 	 280.422560 	 295.190713 	 280.448347 
5:10:04.949 AM 10/13/2022 	 103.096263 	 280.995211 	 108.554312 	 295.026047 	 279.767636 	 280.423487 	 295.191610 	 280.460949 
5:11:16.930 AM 10/13/2022 	 103.096620 	 280.996126 	 108.553061 	 295.022828 	 279.772591 	 280.412865 	 295.194517 	 280.462977 
5:12:28.926 AM 10/13/2022 	 103.096382 	 280.995516 	 108.553061 	 295.022828 	 279.762312 	 280.405034 	 295.185519 	 280.479472 
5:13:44.511 AM 10/13/2022 	 103.096322 	 280.995364 	 108.550619 	 295.016545 	 279.748171 	 280.413295 	 295.189279 	 280.470705 
5:14:56.700 AM 10/13/2022 	 103.096203 	 280.995059 	 108.550083 	 295.015165 	 279.761131 	 280.419424 	 295.185790 	 280.475373 
5:16:08.606 AM 10/13/2022 	 103.095905 	 280.994296 	 108.548534 	 295.011181 	 279.786742 	 280.412886 	 295.203960 	 280.456187 
5:17:20.621 AM 10/13/2022 	 103.096024 	 280.994601 	 108.547045 	 295.007349 	 279.770097 	 280.420593 	 295.174200 	 280.465839 
5:18:36.564 AM 10/13/2022 	 103.096382 	 280.995516 	 108.546747 	 295.006583 	 279.763558 	 280.415035 	 295.202272 	 280.465634 
5:19:51.870 AM 10/13/2022 	 103.096203 	 280.995059 	 108.545854 	 295.004284 	 279.764323 	 280.402663 	 295.187935 	 280.480020 
5:21:07.489 AM 10/13/2022 	 103.096203 	 280.995059 	 108.543948 	 294.999380 	 279.802937 	 280.406677 	 295.170148 	 280.477710 
5:22:23.043 AM 10/13/2022 	 103.095846 	 280.994143 	 108.542220 	 294.994936 	 279.802923 	 280.412502 	 295.195578 	 280.444613 
5:23:38.638 AM 10/13/2022 	 103.095727 	 280.993838 	 108.541386 	 294.992790 	 279.758498 	 280.420200 	 295.181831 	 280.473717 
5:24:54.350 AM 10/13/2022 	 103.095965 	 280.994448 	 108.540195 	 294.989725 	 279.819544 	 280.421803 	 295.191392 	 280.483590 
5:26:09.858 AM 10/13/2022 	 103.094952 	 280.991855 	 108.540433 	 294.990338 	 279.791654 	 280.383731 	 295.160178 	 280.475687 
5:27:25.672 AM 10/13/2022 	 103.095012 	 280.992008 	 108.539242 	 294.987273 	 279.764395 	 280.417332 	 295.163503 	 280.462578 
5:28:41.194 AM 10/13/2022 	 103.095250 	 280.992618 	 108.537336 	 294.982369 	 279.794137 	 280.402755 	 295.168235 	 280.475734 
5:29:56.813 AM 10/13/2022 	 103.095131 	 280.992313 	 108.535906 	 294.978691 	 279.766126 	 280.409329 	 295.157166 	 280.472577 
5:31:12.431 AM 10/13/2022 	 103.094952 	 280.991855 	 108.535549 	 294.977771 	 279.736618 	 280.401272 	 295.128629 	 280.443115 
5:32:28.094 AM 10/13/2022 	 103.095071 	 280.992160 	 108.534119 	 294.974093 	 279.794560 	 280.435776 	 295.164402 	 280.471291 
5:33:43.628 AM 10/13/2022 	 103.094833 	 280.991550 	 108.533107 	 294.971488 	 279.790261 	 280.403749 	 295.159302 	 280.463593 
5:34:59.230 AM 10/13/2022 	 103.094893 	 280.991703 	 108.533524 	 294.972561 	 279.775075 	 280.424104 	 295.176658 	 280.483458 
5:36:14.856 AM 10/13/2022 	 103.095131 	 280.992313 	 108.533583 	 294.972714 	 279.736692 	 280.418375 	 295.139539 	 280.499621 
5:37:30.465 AM 10/13/2022 	 103.095012 	 280.992008 	 108.535370 	 294.977312 	 279.774371 	 280.415129 	 295.154302 	 280.481782 
5:38:46.030 AM 10/13/2022 	 103.094952 	 280.991855 	 108.537217 	 294.982063 	 279.786342 	 280.411027 	 295.154099 	 280.451409 
5:40:01.680 AM 10/13/2022 	 103.094774 	 280.991397 	 108.536800 	 294.980990 	 279.760871 	 280.408947 	 295.115327 	 280.469276 
5:41:17.994 AM 10/13/2022 	 103.095369 	 280.992923 	 108.536502 	 294.980223 	 279.756794 	 280.430176 	 295.143900 	 280.453529 
5:42:36.543 AM 10/13/2022 	 103.095131 	 280.992313 	 108.537455 	 294.982676 	 279.791941 	 280.424890 	 295.138780 	 280.504189 
5:43:52.250 AM 10/13/2022 	 103.094714 	 280.991245 	 108.538468 	 294.985281 	 279.799316 	 280.440039 	 295.135074 	 280.482364 
5:45:07.778 AM 10/13/2022 	 103.095191 	 280.992465 	 108.539182 	 294.987120 	 279.760860 	 280.435210 	 295.118616 	 280.484346 
5:46:23.352 AM 10/13/2022 	 103.094952 	 280.991855 	 108.538884 	 294.986354 	 279.768490 	 280.400498 	 295.123167 	 280.482721 
5:47:39.161 AM 10/13/2022 	 103.094654 	 280.991092 	 108.540969 	 294.991718 	 279.762791 	 280.375831 	 295.099277 	 280.460490 
5:48:54.634 AM 10/13/2022 	 103.094476 	 280.990635 	 108.541982 	 294.994323 	 279.754808 	 280.388781 	 295.100980 	 280.459816 
5:50:10.311 AM 10/13/2022 	 103.094118 	 280.989719 	 108.542161 	 294.994783 	 279.776132 	 280.397425 	 295.091444 	 280.466026 
5:51:25.873 AM 10/13/2022 	 103.094118 	 280.989719 	 108.542756 	 294.996315 	 279.776813 	 280.433137 	 295.106240 	 280.470598 
5:52:41.557 AM 10/13/2022 	 103.094535 	 280.990787 	 108.544007 	 294.999533 	 279.735944 	 280.387948 	 295.103943 	 280.445361 
5:53:57.129 AM 10/13/2022 	 103.094833 	 280.991550 	 108.545139 	 295.002445 	 279.807876 	 280.408204 	 295.063238 	 280.453452 
5:55:12.793 AM 10/13/2022 	 103.094357 	 280.990330 	 108.546449 	 295.005817 	 279.816211 	 280.427719 	 295.103820 	 280.452045 
5:56:28.598 AM 10/13/2022 	 103.094357 	 280.990330 	 108.549249 	 295.013020 	 279.739652 	 280.407221 	 295.084909 	 280.450037 
5:57:43.948 AM 10/13/2022 	 103.094476 	 280.990635 	 108.550023 	 295.015012 	 279.779614 	 280.415986 	 295.085858 	 280.449557 
5:58:59.544 AM 10/13/2022 	 103.094654 	 280.991092 	 108.551215 	 295.018077 	 279.789332 	 280.407687 	 295.088188 	 280.471908 
6:00:18.779 AM 10/13/2022 	 103.094714 	 280.991245 	 108.552882 	 295.022368 	 279.741757 	 280.403971 	 295.083646 	 280.461382 
6:01:38.026 AM 10/13/2022 	 103.094416 	 280.990482 	 108.556099 	 295.030644 	 279.789811 	 280.399895 	 295.061788 	 280.425195 
6:02:53.595 AM 10/13/2022 	 103.094833 	 280.991550 	 108.557528 	 295.034322 	 279.750719 	 280.398323 	 295.079589 	 280.432868 
6:04:09.213 AM 10/13/2022 	 103.094952 	 280.991855 	 108.558303 	 295.036315 	 279.764525 	 280.400918 	 295.078332 	 280.462708 
6:05:28.528 AM 10/13/2022 	 103.095191 	 280.992465 	 108.558482 	 295.036775 	 279.789149 	 280.421129 	 295.090368 	 280.459078 
6:06:47.761 AM 10/13/2022 	 103.095250 	 280.992618 	 108.558601 	 295.037081 	 279.767503 	 280.414596 	 295.079327 	 280.489032 
6:08:06.911 AM 10/13/2022 	 103.095012 	 280.992008 	 108.560030 	 295.040759 	 279.745181 	 280.411768 	 295.088371 	 280.441934 
6:09:26.138 AM 10/13/2022 	 103.094535 	 280.990787 	 108.559911 	 295.040453 	 279.808751 	 280.396426 	 295.101316 	 280.454325 
6:10:41.657 AM 10/13/2022 	 103.094952 	 280.991855 	 108.560447 	 295.041832 	 279.796676 	 280.437889 	 295.089636 	 280.491890 
6:11:57.388 AM 10/13/2022 	 103.094774 	 280.991397 	 108.560328 	 295.041525 	 279.724626 	 280.390758 	 295.056708 	 280.441359 
6:13:16.503 AM 10/13/2022 	 103.095012 	 280.992008 	 108.559971 	 295.040606 	 279.753396 	 280.390778 	 295.048244 	 280.453056 
6:14:35.734 AM 10/13/2022 	 103.094774 	 280.991397 	 108.558779 	 295.037541 	 279.797470 	 280.430410 	 295.076266 	 280.488304 
6:15:54.972 AM 10/13/2022 	 103.094893 	 280.991703 	 108.558720 	 295.037388 	 279.795936 	 280.414769 	 295.078553 	 280.452719 
6:17:14.518 AM 10/13/2022 	 103.095548 	 280.993381 	 108.557648 	 295.034629 	 279.741930 	 280.396358 	 295.041395 	 280.467879 
6:18:33.449 AM 10/13/2022 	 103.094774 	 280.991397 	 108.557588 	 295.034476 	 279.743756 	 280.396236 	 295.037506 	 280.466783 
6:19:52.967 AM 10/13/2022 	 103.094774 	 280.991397 	 108.557707 	 295.034782 	 279.803456 	 280.416440 	 295.071217 	 280.464120 
6:21:11.867 AM 10/13/2022 	 103.095131 	 280.992313 	 108.556992 	 295.032943 	 279.753856 	 280.394643 	 295.045861 	 280.443298 
6:22:31.105 AM 10/13/2022 	 103.094893 	 280.991703 	 108.555622 	 295.029418 	 279.756650 	 280.390622 	 295.050449 	 280.440250 
6:23:50.351 AM 10/13/2022 	 103.095191 	 280.992465 	 108.554252 	 295.025893 	 279.796867 	 280.419591 	 295.054002 	 280.482351 
6:25:09.515 AM 10/13/2022 	 103.094654 	 280.991092 	 108.551512 	 295.018844 	 279.743150 	 280.373734 	 295.016180 	 280.443799 
6:26:28.932 AM 10/13/2022 	 103.094893 	 280.991703 	 108.549070 	 295.012560 	 279.800441 	 280.390561 	 295.039550 	 280.463542 
6:27:47.934 AM 10/13/2022 	 103.094774 	 280.991397 	 108.545556 	 295.003518 	 279.785719 	 280.388995 	 295.058300 	 280.463436 
6:29:07.238 AM 10/13/2022 	 103.094714 	 280.991245 	 108.542935 	 294.996775 	 279.794308 	 280.401466 	 295.030317 	 280.442336 
6:30:26.443 AM 10/13/2022 	 103.094416 	 280.990482 	 108.538408 	 294.985128 	 279.755755 	 280.401891 	 295.043455 	 280.452491 
6:31:45.613 AM 10/13/2022 	 103.094297 	 280.990177 	 108.534536 	 294.975166 	 279.782850 	 280.422623 	 295.044214 	 280.481491 
6:33:04.814 AM 10/13/2022 	 103.093999 	 280.989414 	 108.532034 	 294.968729 	 279.769929 	 280.388798 	 295.033129 	 280.447670 
6:34:24.188 AM 10/13/2022 	 103.093642 	 280.988499 	 108.529533 	 294.962293 	 279.759990 	 280.413419 	 295.039540 	 280.464018 
6:35:43.382 AM 10/13/2022 	 103.093642 	 280.988499 	 108.528520 	 294.959688 	 279.794063 	 280.428468 	 295.050347 	 280.488308 
6:37:02.543 AM 10/13/2022 	 103.093463 	 280.988041 	 108.528282 	 294.959075 	 279.764066 	 280.390728 	 295.012845 	 280.435005 
6:38:21.838 AM 10/13/2022 	 103.093285 	 280.987584 	 108.526614 	 294.954784 	 279.746359 	 280.395428 	 295.015513 	 280.437758 
6:39:40.893 AM 10/13/2022 	 103.093404 	 280.987889 	 108.525184 	 294.951105 	 279.749654 	 280.398232 	 295.032841 	 280.469753 
6:41:00.125 AM 10/13/2022 	 103.093761 	 280.988804 	 108.523278 	 294.946201 	 279.796151 	 280.393575 	 295.029272 	 280.466069 
6:42:19.344 AM 10/13/2022 	 103.093344 	 280.987736 	 108.521730 	 294.942217 	 279.783648 	 280.399092 	 294.998322 	 280.455044 
6:43:38.607 AM 10/13/2022 	 103.092927 	 280.986668 	 108.518215 	 294.933175 	 279.781135 	 280.424316 	 295.019459 	 280.476860 
6:44:57.785 AM 10/13/2022 	 103.092451 	 280.985448 	 108.513927 	 294.922141 	 279.755577 	 280.382738 	 295.008876 	 280.452801 
6:46:16.945 AM 10/13/2022 	 103.092927 	 280.986668 	 108.512616 	 294.918769 	 279.792120 	 280.430907 	 295.002748 	 280.458152 
6:47:36.333 AM 10/13/2022 	 103.092808 	 280.986363 	 108.511365 	 294.915551 	 279.776583 	 280.420744 	 295.027311 	 280.479612 
6:48:55.648 AM 10/13/2022 	 103.092332 	 280.985143 	 108.509817 	 294.911567 	 279.756491 	 280.411871 	 295.002689 	 280.455173 
6:50:14.772 AM 10/13/2022 	 103.092213 	 280.984838 	 108.509042 	 294.909574 	 279.773953 	 280.394763 	 294.998842 	 280.466770 
6:51:33.858 AM 10/13/2022 	 103.092629 	 280.985906 	 108.507910 	 294.906663 	 279.786376 	 280.391599 	 294.996248 	 280.451930 
6:52:53.133 AM 10/13/2022 	 103.092570 	 280.985753 	 108.505051 	 294.899307 	 279.791282 	 280.438827 	 295.026447 	 280.487477 
6:54:12.433 AM 10/13/2022 	 103.092034 	 280.984380 	 108.502907 	 294.893790 	 279.782281 	 280.377291 	 294.966831 	 280.439084 
6:55:35.329 AM 10/13/2022 	 103.092034 	 280.984380 	 108.501120 	 294.889192 	 279.813781 	 280.424318 	 295.028417 	 280.488537 
6:56:57.944 AM 10/13/2022 	 103.091915 	 280.984075 	 108.501180 	 294.889345 	 279.744523 	 280.393109 	 294.974142 	 280.417924 
6:58:20.791 AM 10/13/2022 	 103.091617 	 280.983312 	 108.500822 	 294.888426 	 279.780756 	 280.408855 	 294.998353 	 280.461400 
6:59:43.616 AM 10/13/2022 	 103.091438 	 280.982855 	 108.500405 	 294.887353 	 279.800396 	 280.411438 	 295.014054 	 280.467875 
7:01:06.534 AM 10/13/2022 	 103.091855 	 280.983922 	 108.499988 	 294.886280 	 279.786067 	 280.411239 	 295.003491 	 280.462325 
7:02:29.237 AM 10/13/2022 	 103.091438 	 280.982855 	 108.499214 	 294.884288 	 279.762737 	 280.408378 	 294.985635 	 280.505679 
7:03:52.130 AM 10/13/2022 	 103.091260 	 280.982397 	 108.498737 	 294.883062 	 279.782915 	 280.392034 	 294.956130 	 280.431932 
7:05:15.162 AM 10/13/2022 	 103.090902 	 280.981482 	 108.497963 	 294.881070 	 279.765679 	 280.389906 	 294.977639 	 280.437589 
7:06:37.696 AM 10/13/2022 	 103.091379 	 280.982702 	 108.496593 	 294.877545 	 279.784861 	 280.396410 	 294.993368 	 280.454309 
7:08:00.557 AM 10/13/2022 	 103.091319 	 280.982549 	 108.494925 	 294.873254 	 279.787092 	 280.425399 	 294.960643 	 280.464321 
7:09:23.369 AM 10/13/2022 	 103.091200 	 280.982244 	 108.493376 	 294.869270 	 279.804278 	 280.443047 	 294.998012 	 280.457156 
7:10:46.145 AM 10/13/2022 	 103.091260 	 280.982397 	 108.491649 	 294.864826 	 279.761232 	 280.407361 	 294.956366 	 280.451149 
7:12:08.948 AM 10/13/2022 	 103.091260 	 280.982397 	 108.490815 	 294.862680 	 279.775830 	 280.407341 	 294.975674 	 280.453562 
7:13:31.833 AM 10/13/2022 	 103.090604 	 280.980719 	 108.488909 	 294.857776 	 279.794031 	 280.383672 	 294.954158 	 280.474655 
7:14:54.609 AM 10/13/2022 	 103.090187 	 280.979651 	 108.487063 	 294.853026 	 279.760844 	 280.410866 	 294.972490 	 280.463411 
7:16:17.459 AM 10/13/2022 	 103.090247 	 280.979804 	 108.485276 	 294.848428 	 279.785525 	 280.413130 	 294.977512 	 280.474432 
7:17:40.236 AM 10/13/2022 	 103.089890 	 280.978888 	 108.481940 	 294.839846 	 279.773627 	 280.383732 	 294.949029 	 280.464011 
7:19:03.176 AM 10/13/2022 	 103.089771 	 280.978583 	 108.480868 	 294.837088 	 279.745161 	 280.417101 	 294.932803 	 280.460888 
7:20:25.939 AM 10/13/2022 	 103.089949 	 280.979041 	 108.480570 	 294.836322 	 279.775900 	 280.400599 	 294.963957 	 280.475038 
7:21:48.737 AM 10/13/2022 	 103.089651 	 280.978278 	 108.478306 	 294.830498 	 279.803361 	 280.391531 	 294.944800 	 280.431915 
7:23:11.587 AM 10/13/2022 	 103.089413 	 280.977668 	 108.476936 	 294.826974 	 279.742165 	 280.371291 	 294.916704 	 280.429193 
7:24:34.333 AM 10/13/2022 	 103.089651 	 280.978278 	 108.476043 	 294.824675 	 279.771567 	 280.372430 	 294.944680 	 280.433250 
7:25:57.161 AM 10/13/2022 	 103.089651 	 280.978278 	 108.475328 	 294.822836 	 279.783558 	 280.421870 	 294.960524 	 280.498251 
7:27:19.970 AM 10/13/2022 	 103.089294 	 280.977363 	 108.475507 	 294.823296 	 279.728768 	 280.391974 	 294.947115 	 280.452792 
7:28:42.764 AM 10/13/2022 	 103.088639 	 280.975685 	 108.475983 	 294.824522 	 279.824737 	 280.414338 	 294.948040 	 280.481477 
7:30:05.765 AM 10/13/2022 	 103.089235 	 280.977210 	 108.476817 	 294.826667 	 279.790596 	 280.420627 	 294.938105 	 280.479495 
7:31:28.755 AM 10/13/2022 	 103.089235 	 280.977210 	 108.476936 	 294.826974 	 279.757445 	 280.398227 	 294.923945 	 280.441530 
7:32:51.328 AM 10/13/2022 	 103.088758 	 280.975990 	 108.478009 	 294.829732 	 279.789352 	 280.420845 	 294.935959 	 280.478740 
7:34:14.069 AM 10/13/2022 	 103.088579 	 280.975532 	 108.478247 	 294.830345 	 279.764306 	 280.387562 	 294.926811 	 280.449840 
7:35:36.922 AM 10/13/2022 	 103.088222 	 280.974617 	 108.478426 	 294.830805 	 279.771796 	 280.416937 	 294.934530 	 280.446129 
7:36:59.673 AM 10/13/2022 	 103.088282 	 280.974769 	 108.478068 	 294.829885 	 279.757833 	 280.405913 	 294.911591 	 280.456513 
7:38:22.508 AM 10/13/2022 	 103.088341 	 280.974922 	 108.479081 	 294.832490 	 279.776185 	 280.378988 	 294.905304 	 280.425699 
7:39:45.325 AM 10/13/2022 	 103.088579 	 280.975532 	 108.479855 	 294.834483 	 279.722795 	 280.371412 	 294.903149 	 280.444396 
7:41:08.260 AM 10/13/2022 	 103.088818 	 280.976142 	 108.479379 	 294.833257 	 279.771116 	 280.419177 	 294.933872 	 280.491181 
7:42:31.020 AM 10/13/2022 	 103.088401 	 280.975075 	 108.477770 	 294.829119 	 279.783444 	 280.412512 	 294.906198 	 280.441218 
7:43:57.420 AM 10/13/2022 	 103.088103 	 280.974312 	 108.477175 	 294.827587 	 279.790108 	 280.416248 	 294.913590 	 280.452737 
7:45:24.795 AM 10/13/2022 	 103.088222 	 280.974617 	 108.476698 	 294.826361 	 279.752801 	 280.390671 	 294.896822 	 280.446624 
7:46:50.642 AM 10/13/2022 	 103.087984 	 280.974007 	 108.475030 	 294.822070 	 279.795549 	 280.389568 	 294.919798 	 280.447954 
7:48:16.737 AM 10/13/2022 	 103.087984 	 280.974007 	 108.472350 	 294.815174 	 279.765692 	 280.381647 	 294.896565 	 280.454629 
7:49:43.085 AM 10/13/2022 	 103.087686 	 280.973244 	 108.469312 	 294.807358 	 279.751440 	 280.369848 	 294.879474 	 280.406828 
7:51:09.730 AM 10/13/2022 	 103.087388 	 280.972481 	 108.466036 	 294.798930 	 279.791930 	 280.415634 	 294.898851 	 280.456989 
7:52:35.949 AM 10/13/2022 	 103.087388 	 280.972481 	 108.462998 	 294.791114 	 279.774315 	 280.388798 	 294.870490 	 280.469563 
7:54:02.393 AM 10/13/2022 	 103.087448 	 280.972634 	 108.459960 	 294.783299 	 279.773213 	 280.405215 	 294.885927 	 280.455328 
7:55:29.202 AM 10/13/2022 	 103.086852 	 280.971108 	 108.457578 	 294.777169 	 279.799179 	 280.425305 	 294.896437 	 280.457416 
7:56:55.152 AM 10/13/2022 	 103.086971 	 280.971413 	 108.456565 	 294.774564 	 279.746882 	 280.381353 	 294.890622 	 280.450930 
7:58:21.538 AM 10/13/2022 	 103.086733 	 280.970803 	 108.452753 	 294.764756 	 279.762047 	 280.402823 	 294.876536 	 280.450503 
7:59:48.116 AM 10/13/2022 	 103.086912 	 280.971261 	 108.451681 	 294.761998 	 279.786073 	 280.399081 	 294.861122 	 280.473520 
8:01:14.593 AM 10/13/2022 	 103.086554 	 280.970346 	 108.450430 	 294.758780 	 279.771721 	 280.376962 	 294.851948 	 280.426592 
8:02:41.016 AM 10/13/2022 	 103.086197 	 280.969430 	 108.452038 	 294.762917 	 279.759911 	 280.397770 	 294.848065 	 280.453236 
8:04:07.317 AM 10/13/2022 	 103.086137 	 280.969278 	 108.452634 	 294.764450 	 279.826683 	 280.422607 	 294.887692 	 280.497042 
8:05:33.752 AM 10/13/2022 	 103.086435 	 280.970040 	 108.454063 	 294.768128 	 279.771461 	 280.391788 	 294.854055 	 280.442875 
8:07:00.177 AM 10/13/2022 	 103.086376 	 280.969888 	 108.451204 	 294.760772 	 279.751635 	 280.406536 	 294.851844 	 280.426971 
8:08:26.636 AM 10/13/2022 	 103.085661 	 280.968057 	 108.449477 	 294.756328 	 279.804791 	 280.374955 	 294.851418 	 280.440154 
8:09:52.963 AM 10/13/2022 	 103.085304 	 280.967142 	 108.449894 	 294.757401 	 279.741581 	 280.385306 	 294.834099 	 280.454395 
8:11:19.402 AM 10/13/2022 	 103.085780 	 280.968362 	 108.451204 	 294.760772 	 279.756725 	 280.391669 	 294.819990 	 280.443244 
8:12:45.740 AM 10/13/2022 	 103.086078 	 280.969125 	 108.452932 	 294.765216 	 279.776958 	 280.385113 	 294.863147 	 280.434255 
8:14:12.313 AM 10/13/2022 	 103.085661 	 280.968057 	 108.454123 	 294.768281 	 279.759927 	 280.376376 	 294.840064 	 280.453252 
8:15:38.684 AM 10/13/2022 	 103.085065 	 280.966532 	 108.456327 	 294.773951 	 279.756425 	 280.371906 	 294.830545 	 280.436132 
8:17:05.144 AM 10/13/2022 	 103.085423 	 280.967447 	 108.456505 	 294.774411 	 279.782725 	 280.409361 	 294.847509 	 280.460934 
8:18:31.440 AM 10/13/2022 	 103.085720 	 280.968210 	 108.456803 	 294.775177 	 279.756694 	 280.345411 	 294.821375 	 280.438834 
8:19:57.889 AM 10/13/2022 	 103.085542 	 280.967752 	 108.457637 	 294.777322 	 279.743799 	 280.391899 	 294.840018 	 280.437635 
8:21:24.351 AM 10/13/2022 	 103.085542 	 280.967752 	 108.457637 	 294.777322 	 279.780549 	 280.397457 	 294.845404 	 280.439300 
8:22:50.763 AM 10/13/2022 	 103.085423 	 280.967447 	 108.458352 	 294.779161 	 279.800952 	 280.392530 	 294.850531 	 280.491781 
8:24:17.116 AM 10/13/2022 	 103.085125 	 280.966684 	 108.459841 	 294.782992 	 279.762346 	 280.393390 	 294.832503 	 280.443504 
8:25:43.742 AM 10/13/2022 	 103.084946 	 280.966227 	 108.459186 	 294.781307 	 279.788107 	 280.394787 	 294.852718 	 280.445388 
8:27:10.029 AM 10/13/2022 	 103.085244 	 280.966989 	 108.459186 	 294.781307 	 279.759510 	 280.386665 	 294.830230 	 280.448943 
8:28:36.431 AM 10/13/2022 	 103.084589 	 280.965311 	 108.460675 	 294.785138 	 279.746968 	 280.414039 	 294.829409 	 280.470963 
8:30:03.021 AM 10/13/2022 	 103.084827 	 280.965922 	 108.461390 	 294.786977 	 279.792631 	 280.384221 	 294.815129 	 280.445526 
8:31:29.317 AM 10/13/2022 	 103.084768 	 280.965769 	 108.461271 	 294.786670 	 279.763560 	 280.405306 	 294.800197 	 280.435472 
8:32:55.838 AM 10/13/2022 	 103.084708 	 280.965616 	 108.460020 	 294.783452 	 279.768917 	 280.398978 	 294.814341 	 280.449092 
8:34:25.680 AM 10/13/2022 	 103.084768 	 280.965769 	 108.460556 	 294.784831 	 279.756030 	 280.371512 	 294.785836 	 280.460064 
8:35:52.211 AM 10/13/2022 	 103.084410 	 280.964854 	 108.462224 	 294.789122 	 279.795201 	 280.416467 	 294.830348 	 280.454903 
8:37:18.583 AM 10/13/2022 	 103.084410 	 280.964854 	 108.464726 	 294.795558 	 279.777582 	 280.402766 	 294.805752 	 280.436824 
8:38:48.654 AM 10/13/2022 	 103.084470 	 280.965006 	 108.464666 	 294.795405 	 279.782181 	 280.390328 	 294.817276 	 280.433632 
8:40:18.581 AM 10/13/2022 	 103.084112 	 280.964091 	 108.466274 	 294.799543 	 279.734862 	 280.393194 	 294.789401 	 280.441362 
8:41:48.722 AM 10/13/2022 	 103.084410 	 280.964854 	 108.467823 	 294.803527 	 279.801237 	 280.411792 	 294.821572 	 280.453633 
8:43:18.628 AM 10/13/2022 	 103.084291 	 280.964549 	 108.470444 	 294.810270 	 279.785624 	 280.381115 	 294.802688 	 280.441935 
8:44:48.703 AM 10/13/2022 	 103.084231 	 280.964396 	 108.473779 	 294.818852 	 279.786005 	 280.408744 	 294.817676 	 280.489019 
8:46:18.689 AM 10/13/2022 	 103.085006 	 280.966379 	 108.476996 	 294.827127 	 279.791369 	 280.394639 	 294.798818 	 280.449132 
8:47:48.713 AM 10/13/2022 	 103.084946 	 280.966227 	 108.478843 	 294.831877 	 279.768712 	 280.376878 	 294.790093 	 280.434779 
8:49:18.910 AM 10/13/2022 	 103.084946 	 280.966227 	 108.479498 	 294.833563 	 279.762483 	 280.400825 	 294.784536 	 280.438775 
8:50:48.962 AM 10/13/2022 	 103.084410 	 280.964854 	 108.480391 	 294.835862 	 279.809040 	 280.408393 	 294.814978 	 280.471641 
8:52:19.122 AM 10/13/2022 	 103.084589 	 280.965311 	 108.481523 	 294.838774 	 279.774583 	 280.390525 	 294.792002 	 280.449884 
8:53:48.955 AM 10/13/2022 	 103.084291 	 280.964549 	 108.481046 	 294.837548 	 279.760863 	 280.389963 	 294.774951 	 280.427914 
8:55:18.886 AM 10/13/2022 	 103.084529 	 280.965159 	 108.479855 	 294.834483 	 279.780440 	 280.385183 	 294.782580 	 280.454273 
8:56:49.285 AM 10/13/2022 	 103.084291 	 280.964549 	 108.480213 	 294.835402 	 279.772436 	 280.394707 	 294.788981 	 280.441902 
8:58:18.964 AM 10/13/2022 	 103.084053 	 280.963938 	 108.477889 	 294.829426 	 279.785154 	 280.394271 	 294.776769 	 280.447304 
8:59:49.061 AM 10/13/2022 	 103.084172 	 280.964244 	 108.477592 	 294.828659 	 279.770798 	 280.410102 	 294.765232 	 280.439781 
9:01:19.130 AM 10/13/2022 	 103.084589 	 280.965311 	 108.478128 	 294.830039 	 279.782978 	 280.408154 	 294.790225 	 280.467997 
9:02:48.980 AM 10/13/2022 	 103.084172 	 280.964244 	 108.478128 	 294.830039 	 279.803566 	 280.413144 	 294.803549 	 280.468608 
9:04:19.128 AM 10/13/2022 	 103.084112 	 280.964091 	 108.476222 	 294.825135 	 279.762301 	 280.387019 	 294.773513 	 280.467298 
9:05:49.016 AM 10/13/2022 	 103.083755 	 280.963176 	 108.474613 	 294.820997 	 279.777751 	 280.402448 	 294.771018 	 280.460832 
9:07:19.101 AM 10/13/2022 	 103.084172 	 280.964244 	 108.473303 	 294.817626 	 279.764588 	 280.391736 	 294.761579 	 280.428714 
9:08:49.081 AM 10/13/2022 	 103.084172 	 280.964244 	 108.474256 	 294.820078 	 279.731449 	 280.395138 	 294.752142 	 280.454982 
9:10:18.955 AM 10/13/2022 	 103.084648 	 280.965464 	 108.473839 	 294.819005 	 279.757249 	 280.395598 	 294.780413 	 280.455929 
9:11:49.060 AM 10/13/2022 	 103.084529 	 280.965159 	 108.473482 	 294.818085 	 279.745555 	 280.394626 	 294.743157 	 280.452525 
9:13:19.177 AM 10/13/2022 	 103.084291 	 280.964549 	 108.474852 	 294.821610 	 279.751461 	 280.385440 	 294.751703 	 280.455016 
9:14:49.077 AM 10/13/2022 	 103.084648 	 280.965464 	 108.475507 	 294.823296 	 279.758635 	 280.392604 	 294.771380 	 280.435907 
9:16:19.044 AM 10/13/2022 	 103.084887 	 280.966074 	 108.478128 	 294.830039 	 279.787439 	 280.399959 	 294.747855 	 280.416502 
9:17:49.100 AM 10/13/2022 	 103.084887 	 280.966074 	 108.480034 	 294.834942 	 279.746838 	 280.411964 	 294.789673 	 280.446508 
9:19:22.872 AM 10/13/2022 	 103.084351 	 280.964701 	 108.481225 	 294.838007 	 279.784955 	 280.404289 	 294.765729 	 280.451970 
9:20:52.716 AM 10/13/2022 	 103.084648 	 280.965464 	 108.482059 	 294.840153 	 279.784014 	 280.388753 	 294.734163 	 280.442760 
9:22:26.431 AM 10/13/2022 	 103.084946 	 280.966227 	 108.481821 	 294.839540 	 279.730368 	 280.369242 	 294.732703 	 280.430550 
9:23:56.373 AM 10/13/2022 	 103.084827 	 280.965922 	 108.481344 	 294.838314 	 279.777197 	 280.379998 	 294.740770 	 280.428168 
9:25:26.415 AM 10/13/2022 	 103.084291 	 280.964549 	 108.481583 	 294.838927 	 279.781280 	 280.381643 	 294.736233 	 280.447327 
