Timestamp	PTD1 raw (mA)	PTD1 T0 (K)	PTD1 aT (PSI/K)	PTD1 adj (PSI)	PTD2 raw (mA)	PTD2 T0 (K)	PTD2 aT (PSI/K)	PTD2 adj (PSI)	RTD0 Rraw (Ohm)	RTD1 Rraw (Ohm)	DAQ thermistor T (K)
2:19:41.967 PM 2024-08-12 	 4.025463 	 297.647000 	 44.546000 	 -2984497.723631 	 4.023951 	 297.647000 	 44.546000 	 -2984497.723631 	 109.113253 	 109.991209 	 300.055686
2:19:47.045 PM 2024-08-12 	 4.040497 	 297.647000 	 44.546000 	 -2984475.498551 	 4.011901 	 297.647000 	 44.546000 	 -2984475.498551 	 109.113491 	 109.958925 	 300.053670
2:19:52.103 PM 2024-08-12 	 4.017938 	 297.647000 	 44.546000 	 -2984458.056933 	 4.025087 	 297.647000 	 44.546000 	 -2984458.056933 	 109.113610 	 109.928546 	 300.052088
2:19:57.168 PM 2024-08-12 	 4.028734 	 297.647000 	 44.546000 	 -2984431.333322 	 4.016590 	 297.647000 	 44.546000 	 -2984431.333322 	 109.114146 	 109.902754 	 300.049663
2:20:02.243 PM 2024-08-12 	 4.031580 	 297.647000 	 44.546000 	 -2984410.236973 	 4.015735 	 297.647000 	 44.546000 	 -2984410.236973 	 109.114027 	 109.876367 	 300.047750
2:20:07.319 PM 2024-08-12 	 4.030249 	 297.647000 	 44.546000 	 -2984372.266298 	 4.000786 	 297.647000 	 44.546000 	 -2984372.266298 	 109.114384 	 109.850813 	 300.044305
2:20:12.389 PM 2024-08-12 	 4.021511 	 297.647000 	 44.546000 	 -2984341.048617 	 4.007262 	 297.647000 	 44.546000 	 -2984341.048617 	 109.114504 	 109.827642 	 300.041473
2:20:17.497 PM 2024-08-12 	 4.027117 	 297.647000 	 44.546000 	 -2984302.240781 	 4.009594 	 297.647000 	 44.546000 	 -2984302.240781 	 109.114801 	 109.803697 	 300.037953
2:20:22.557 PM 2024-08-12 	 4.029377 	 297.647000 	 44.546000 	 -2984267.091947 	 4.014946 	 297.647000 	 44.546000 	 -2984267.091947 	 109.114623 	 109.780228 	 300.034764
2:20:27.622 PM 2024-08-12 	 4.029841 	 297.647000 	 44.546000 	 -2984228.010004 	 4.009883 	 297.647000 	 44.546000 	 -2984228.010004 	 109.114980 	 109.758368 	 300.031219
2:20:32.676 PM 2024-08-12 	 4.031393 	 297.647000 	 44.546000 	 -2984191.180812 	 4.014397 	 297.647000 	 44.546000 	 -2984191.180812 	 109.115218 	 109.738115 	 300.027877
2:20:37.734 PM 2024-08-12 	 4.033206 	 297.647000 	 44.546000 	 -2984159.133690 	 4.008602 	 297.647000 	 44.546000 	 -2984159.133690 	 109.116112 	 109.717982 	 300.024970
2:20:42.788 PM 2024-08-12 	 4.030124 	 297.647000 	 44.546000 	 -2984139.737972 	 4.008170 	 297.647000 	 44.546000 	 -2984139.737972 	 109.115337 	 109.699219 	 300.023210
2:20:47.843 PM 2024-08-12 	 4.035100 	 297.647000 	 44.546000 	 -2984124.840438 	 4.020757 	 297.647000 	 44.546000 	 -2984124.840438 	 109.115576 	 109.679563 	 300.021859
2:20:52.903 PM 2024-08-12 	 4.032202 	 297.647000 	 44.546000 	 -2984107.694895 	 4.011232 	 297.647000 	 44.546000 	 -2984107.694895 	 109.115516 	 109.659966 	 300.020303
2:20:57.964 PM 2024-08-12 	 4.037925 	 297.647000 	 44.546000 	 -2984095.890186 	 4.020015 	 297.647000 	 44.546000 	 -2984095.890186 	 109.115635 	 109.642751 	 300.019232
2:21:03.055 PM 2024-08-12 	 4.036697 	 297.647000 	 44.546000 	 -2984086.615297 	 4.018859 	 297.647000 	 44.546000 	 -2984086.615297 	 109.115040 	 109.625299 	 300.018391
2:21:08.134 PM 2024-08-12 	 4.032508 	 297.647000 	 44.546000 	 -2984065.536790 	 4.020511 	 297.647000 	 44.546000 	 -2984065.536790 	 109.115576 	 109.608561 	 300.016478
2:21:13.216 PM 2024-08-12 	 4.027675 	 297.647000 	 44.546000 	 -2984036.028710 	 4.020345 	 297.647000 	 44.546000 	 -2984036.028710 	 109.115695 	 109.594027 	 300.013801
2:21:18.302 PM 2024-08-12 	 4.030112 	 297.647000 	 44.546000 	 -2984016.919856 	 4.009673 	 297.647000 	 44.546000 	 -2984016.919856 	 109.115873 	 109.578421 	 300.012067
2:21:23.380 PM 2024-08-12 	 4.031031 	 297.647000 	 44.546000 	 -2984008.770764 	 4.005968 	 297.647000 	 44.546000 	 -2984008.770764 	 109.115337 	 109.562814 	 300.011328
2:21:28.558 PM 2024-08-12 	 4.028393 	 297.647000 	 44.546000 	 -2984015.514829 	 4.003606 	 297.647000 	 44.546000 	 -2984015.514829 	 109.115754 	 109.547744 	 300.011940
2:21:33.680 PM 2024-08-12 	 4.025290 	 297.647000 	 44.546000 	 -2984011.861780 	 4.020964 	 297.647000 	 44.546000 	 -2984011.861780 	 109.115814 	 109.533032 	 300.011609
2:21:38.872 PM 2024-08-12 	 4.040573 	 297.647000 	 44.546000 	 -2984003.712789 	 4.021980 	 297.647000 	 44.546000 	 -2984003.712789 	 109.115933 	 109.519808 	 300.010869
2:21:44.025 PM 2024-08-12 	 4.033314 	 297.647000 	 44.546000 	 -2983997.249912 	 4.009697 	 297.647000 	 44.546000 	 -2983997.249912 	 109.115754 	 109.506585 	 300.010283
2:21:49.135 PM 2024-08-12 	 4.031046 	 297.647000 	 44.546000 	 -2983981.795622 	 4.014143 	 297.647000 	 44.546000 	 -2983981.795622 	 109.115576 	 109.493182 	 300.008881
2:21:54.281 PM 2024-08-12 	 4.027123 	 297.647000 	 44.546000 	 -2983978.142876 	 4.020841 	 297.647000 	 44.546000 	 -2983978.142876 	 109.116409 	 109.480435 	 300.008549
2:21:59.418 PM 2024-08-12 	 4.023072 	 297.647000 	 44.546000 	 -2983951.731682 	 4.011951 	 297.647000 	 44.546000 	 -2983951.731682 	 109.115933 	 109.468224 	 300.006153
2:22:04.508 PM 2024-08-12 	 4.031936 	 297.647000 	 44.546000 	 -2983919.984320 	 4.013889 	 297.647000 	 44.546000 	 -2983919.984320 	 109.116112 	 109.457622 	 300.003272
2:22:09.568 PM 2024-08-12 	 4.033868 	 297.647000 	 44.546000 	 -2983913.522771 	 4.018035 	 297.647000 	 44.546000 	 -2983913.522771 	 109.116648 	 109.448985 	 300.002686
2:22:14.608 PM 2024-08-12 	 4.031207 	 297.647000 	 44.546000 	 -2983898.071655 	 4.030602 	 297.647000 	 44.546000 	 -2983898.071655 	 109.117184 	 109.440288 	 300.001284
2:22:19.675 PM 2024-08-12 	 4.033828 	 297.647000 	 44.546000 	 -2983877.564714 	 4.013393 	 297.647000 	 44.546000 	 -2983877.564714 	 109.118077 	 109.431115 	 299.999423
2:22:24.736 PM 2024-08-12 	 4.033183 	 297.647000 	 44.546000 	 -2983862.957659 	 4.005921 	 297.647000 	 44.546000 	 -2983862.957659 	 109.118613 	 109.422240 	 299.998098
2:22:29.801 PM 2024-08-12 	 4.029397 	 297.647000 	 44.546000 	 -2983843.856915 	 4.011533 	 297.647000 	 44.546000 	 -2983843.856915 	 109.119090 	 109.411578 	 299.996365
2:22:34.863 PM 2024-08-12 	 4.016537 	 297.647000 	 44.546000 	 -2983819.701374 	 4.014409 	 297.647000 	 44.546000 	 -2983819.701374 	 109.119447 	 109.401630 	 299.994173
2:22:39.933 PM 2024-08-12 	 4.021201 	 297.647000 	 44.546000 	 -2983787.683443 	 4.014073 	 297.647000 	 44.546000 	 -2983787.683443 	 109.120162 	 109.391087 	 299.991268
2:22:44.986 PM 2024-08-12 	 4.029353 	 297.647000 	 44.546000 	 -2983761.284584 	 4.012237 	 297.647000 	 44.546000 	 -2983761.284584 	 109.121055 	 109.381795 	 299.988872
2:22:50.061 PM 2024-08-12 	 4.030281 	 297.647000 	 44.546000 	 -2983736.853120 	 4.020780 	 297.647000 	 44.546000 	 -2983736.853120 	 109.120936 	 109.373813 	 299.986656
2:22:55.128 PM 2024-08-12 	 4.029452 	 297.647000 	 44.546000 	 -2983712.142323 	 4.018806 	 297.647000 	 44.546000 	 -2983712.142323 	 109.121770 	 109.365295 	 299.984413
2:23:00.197 PM 2024-08-12 	 4.041180 	 297.647000 	 44.546000 	 -2983689.679262 	 4.012581 	 297.647000 	 44.546000 	 -2983689.679262 	 109.122127 	 109.357373 	 299.982375
2:23:05.262 PM 2024-08-12 	 4.034391 	 297.647000 	 44.546000 	 -2983672.832778 	 4.012231 	 297.647000 	 44.546000 	 -2983672.832778 	 109.122365 	 109.350523 	 299.980846
2:23:10.329 PM 2024-08-12 	 4.035071 	 297.647000 	 44.546000 	 -2983639.703389 	 4.006613 	 297.647000 	 44.546000 	 -2983639.703389 	 109.123080 	 109.343494 	 299.977840
2:23:15.391 PM 2024-08-12 	 4.037666 	 297.647000 	 44.546000 	 -2983611.629741 	 4.007647 	 297.647000 	 44.546000 	 -2983611.629741 	 109.123735 	 109.336466 	 299.975292
2:23:20.509 PM 2024-08-12 	 4.022967 	 297.647000 	 44.546000 	 -2983598.997231 	 4.015393 	 297.647000 	 44.546000 	 -2983598.997231 	 109.124212 	 109.330211 	 299.974146
2:23:25.695 PM 2024-08-12 	 4.034636 	 297.647000 	 44.546000 	 -2983598.435795 	 4.020345 	 297.647000 	 44.546000 	 -2983598.435795 	 109.124212 	 109.323421 	 299.974095
2:23:30.778 PM 2024-08-12 	 4.025959 	 297.647000 	 44.546000 	 -2983592.260051 	 4.014911 	 297.647000 	 44.546000 	 -2983592.260051 	 109.124867 	 109.316630 	 299.973535
2:23:35.889 PM 2024-08-12 	 4.038906 	 297.647000 	 44.546000 	 -2983572.610581 	 4.024082 	 297.647000 	 44.546000 	 -2983572.610581 	 109.124390 	 109.309244 	 299.971751
2:23:40.982 PM 2024-08-12 	 4.030515 	 297.647000 	 44.546000 	 -2983554.365491 	 4.012164 	 297.647000 	 44.546000 	 -2983554.365491 	 109.124152 	 109.302454 	 299.970096
2:23:46.084 PM 2024-08-12 	 4.032751 	 297.647000 	 44.546000 	 -2983542.576791 	 4.011857 	 297.647000 	 44.546000 	 -2983542.576791 	 109.124390 	 109.297033 	 299.969026
2:23:51.211 PM 2024-08-12 	 4.033416 	 297.647000 	 44.546000 	 -2983524.894378 	 4.012298 	 297.647000 	 44.546000 	 -2983524.894378 	 109.125165 	 109.291315 	 299.967421
2:23:56.337 PM 2024-08-12 	 4.028980 	 297.647000 	 44.546000 	 -2983520.965057 	 4.020129 	 297.647000 	 44.546000 	 -2983520.965057 	 109.124510 	 109.286252 	 299.967065
2:24:01.444 PM 2024-08-12 	 4.048234 	 297.647000 	 44.546000 	 -2983502.722277 	 3.999790 	 297.647000 	 44.546000 	 -2983502.722277 	 109.125046 	 109.282619 	 299.965409
2:24:06.513 PM 2024-08-12 	 4.033892 	 297.647000 	 44.546000 	 -2983492.057645 	 4.005521 	 297.647000 	 44.546000 	 -2983492.057645 	 109.125701 	 109.278092 	 299.964441
2:24:11.579 PM 2024-08-12 	 4.037330 	 297.647000 	 44.546000 	 -2983483.919035 	 4.011790 	 297.647000 	 44.546000 	 -2983483.919035 	 109.125641 	 109.273326 	 299.963703
2:24:16.642 PM 2024-08-12 	 4.035518 	 297.647000 	 44.546000 	 -2983484.199674 	 4.018266 	 297.647000 	 44.546000 	 -2983484.199674 	 109.125999 	 109.268144 	 299.963728
2:24:21.699 PM 2024-08-12 	 4.036271 	 297.647000 	 44.546000 	 -2983481.673929 	 4.014088 	 297.647000 	 44.546000 	 -2983481.673929 	 109.126177 	 109.263915 	 299.963499
2:24:26.761 PM 2024-08-12 	 4.030570 	 297.647000 	 44.546000 	 -2983472.132369 	 4.018611 	 297.647000 	 44.546000 	 -2983472.132369 	 109.126416 	 109.258614 	 299.962633
2:24:31.832 PM 2024-08-12 	 4.028875 	 297.647000 	 44.546000 	 -2983458.662311 	 4.012867 	 297.647000 	 44.546000 	 -2983458.662311 	 109.126058 	 109.253670 	 299.961410
