Timestamp	PTD1 (MPa)	PTD2 (MPa)	RTD0_PVtop (K)	RTD1_room (K)	TC0_bath (K)	TC1_PVtop (K)	TC2_PTD2 (K)	TC3_PVside (K)
2:19:41.967 PM 2024-08-12 	 1.989508 	 1.711851 	 272.531307 	 298.724797 	 -66700.461105 	 -66700.461105 	 -66700.461105 	 -66700.461105
2:19:47.045 PM 2024-08-12 	 3.285517 	 0.672311 	 272.531302 	 298.641641 	 -66699.962180 	 -66699.962180 	 -66699.962180 	 -66699.962180
2:19:52.103 PM 2024-08-12 	 1.340874 	 1.809835 	 272.531299 	 298.563397 	 -66699.570639 	 -66699.570639 	 -66699.570639 	 -66699.570639
2:19:57.168 PM 2024-08-12 	 2.271555 	 1.076842 	 272.531287 	 298.496968 	 -66698.970728 	 -66698.970728 	 -66698.970728 	 -66698.970728
2:20:02.243 PM 2024-08-12 	 2.516869 	 1.003039 	 272.531290 	 298.429006 	 -66698.497143 	 -66698.497143 	 -66698.497143 	 -66698.497143
2:20:07.319 PM 2024-08-12 	 2.402137 	 -0.286625 	 272.531282 	 298.363193 	 -66697.644750 	 -66697.644750 	 -66697.644750 	 -66697.644750
2:20:12.389 PM 2024-08-12 	 1.648837 	 0.272062 	 272.531279 	 298.303518 	 -66696.943954 	 -66696.943954 	 -66696.943954 	 -66696.943954
2:20:17.497 PM 2024-08-12 	 2.132167 	 0.473320 	 272.531272 	 298.241850 	 -66696.072768 	 -66696.072768 	 -66696.072768 	 -66696.072768
2:20:22.557 PM 2024-08-12 	 2.326908 	 0.935030 	 272.531276 	 298.181410 	 -66695.283722 	 -66695.283722 	 -66695.283722 	 -66695.283722
2:20:27.622 PM 2024-08-12 	 2.366913 	 0.498257 	 272.531269 	 298.125112 	 -66694.406383 	 -66694.406383 	 -66694.406383 	 -66694.406383
2:20:32.676 PM 2024-08-12 	 2.500766 	 0.887675 	 272.531263 	 298.072958 	 -66693.579615 	 -66693.579615 	 -66693.579615 	 -66693.579615
2:20:37.734 PM 2024-08-12 	 2.657012 	 0.387678 	 272.531243 	 298.021111 	 -66692.860199 	 -66692.860199 	 -66692.860199 	 -66692.860199
2:20:42.788 PM 2024-08-12 	 2.391319 	 0.350399 	 272.531261 	 297.972793 	 -66692.424790 	 -66692.424790 	 -66692.424790 	 -66692.424790
2:20:47.843 PM 2024-08-12 	 2.820303 	 1.436286 	 272.531255 	 297.922174 	 -66692.090360 	 -66692.090360 	 -66692.090360 	 -66692.090360
2:20:52.903 PM 2024-08-12 	 2.570460 	 0.614629 	 272.531257 	 297.871710 	 -66691.705465 	 -66691.705465 	 -66691.705465 	 -66691.705465
2:20:57.964 PM 2024-08-12 	 3.063855 	 1.372307 	 272.531254 	 297.827382 	 -66691.440464 	 -66691.440464 	 -66691.440464 	 -66691.440464
2:21:03.055 PM 2024-08-12 	 2.957930 	 1.272559 	 272.531267 	 297.782441 	 -66691.232255 	 -66691.232255 	 -66691.232255 	 -66691.232255
2:21:08.134 PM 2024-08-12 	 2.596879 	 1.415127 	 272.531255 	 297.739342 	 -66690.759070 	 -66690.759070 	 -66690.759070 	 -66690.759070
2:21:13.216 PM 2024-08-12 	 2.180223 	 1.400770 	 272.531253 	 297.701917 	 -66690.096652 	 -66690.096652 	 -66690.096652 	 -66690.096652
2:21:18.302 PM 2024-08-12 	 2.390312 	 0.480121 	 272.531249 	 297.661733 	 -66689.667683 	 -66689.667683 	 -66689.667683 	 -66689.667683
2:21:23.380 PM 2024-08-12 	 2.469567 	 0.160476 	 272.531261 	 297.621549 	 -66689.484746 	 -66689.484746 	 -66689.484746 	 -66689.484746
2:21:28.558 PM 2024-08-12 	 2.242118 	 -0.043301 	 272.531251 	 297.582745 	 -66689.636142 	 -66689.636142 	 -66689.636142 	 -66689.636142
2:21:33.680 PM 2024-08-12 	 1.974663 	 1.454170 	 272.531250 	 297.544863 	 -66689.554135 	 -66689.554135 	 -66689.554135 	 -66689.554135
2:21:38.872 PM 2024-08-12 	 3.292059 	 1.541827 	 272.531247 	 297.510815 	 -66689.371201 	 -66689.371201 	 -66689.371201 	 -66689.371201
2:21:44.025 PM 2024-08-12 	 2.666321 	 0.482136 	 272.531251 	 297.476767 	 -66689.226118 	 -66689.226118 	 -66689.226118 	 -66689.226118
2:21:49.135 PM 2024-08-12 	 2.470825 	 0.865761 	 272.531255 	 297.442260 	 -66688.879189 	 -66688.879189 	 -66688.879189 	 -66688.879189
2:21:54.281 PM 2024-08-12 	 2.132670 	 1.443591 	 272.531237 	 297.409440 	 -66688.797190 	 -66688.797190 	 -66688.797190 	 -66688.797190
2:21:59.418 PM 2024-08-12 	 1.783444 	 0.676593 	 272.531247 	 297.378001 	 -66688.204293 	 -66688.204293 	 -66688.204293 	 -66688.204293
2:22:04.508 PM 2024-08-12 	 2.547564 	 0.843847 	 272.531243 	 297.350703 	 -66687.491605 	 -66687.491605 	 -66687.491605 	 -66687.491605
2:22:09.568 PM 2024-08-12 	 2.714126 	 1.201527 	 272.531231 	 297.328465 	 -66687.346552 	 -66687.346552 	 -66687.346552 	 -66687.346552
2:22:14.608 PM 2024-08-12 	 2.484663 	 2.285651 	 272.531219 	 297.306075 	 -66686.999695 	 -66686.999695 	 -66686.999695 	 -66686.999695
2:22:19.675 PM 2024-08-12 	 2.710603 	 0.801026 	 272.531200 	 297.282458 	 -66686.539340 	 -66686.539340 	 -66686.539340 	 -66686.539340
2:22:24.736 PM 2024-08-12 	 2.654999 	 0.156446 	 272.531188 	 297.259608 	 -66686.211431 	 -66686.211431 	 -66686.211431 	 -66686.211431
2:22:29.801 PM 2024-08-12 	 2.328669 	 0.640573 	 272.531177 	 297.232157 	 -66685.782644 	 -66685.782644 	 -66685.782644 	 -66685.782644
2:22:34.863 PM 2024-08-12 	 1.220104 	 0.888683 	 272.531169 	 297.206547 	 -66685.240383 	 -66685.240383 	 -66685.240383 	 -66685.240383
2:22:39.933 PM 2024-08-12 	 1.622167 	 0.859715 	 272.531153 	 297.179403 	 -66684.521622 	 -66684.521622 	 -66684.521622 	 -66684.521622
2:22:44.986 PM 2024-08-12 	 2.324895 	 0.701278 	 272.531133 	 297.155480 	 -66683.929002 	 -66683.929002 	 -66683.929002 	 -66683.929002
2:22:50.061 PM 2024-08-12 	 2.404905 	 1.438301 	 272.531136 	 297.134931 	 -66683.380547 	 -66683.380547 	 -66683.380547 	 -66683.380547
2:22:55.128 PM 2024-08-12 	 2.333450 	 1.268025 	 272.531117 	 297.113002 	 -66682.825822 	 -66682.825822 	 -66682.825822 	 -66682.825822
2:23:00.197 PM 2024-08-12 	 3.344393 	 0.731001 	 272.531109 	 297.092607 	 -66682.321555 	 -66682.321555 	 -66682.321555 	 -66682.321555
2:23:05.262 PM 2024-08-12 	 2.759163 	 0.700774 	 272.531104 	 297.074972 	 -66681.943373 	 -66681.943373 	 -66681.943373 	 -66681.943373
2:23:10.329 PM 2024-08-12 	 2.817786 	 0.216143 	 272.531088 	 297.056877 	 -66681.199662 	 -66681.199662 	 -66681.199662 	 -66681.199662
2:23:15.391 PM 2024-08-12 	 3.041462 	 0.305311 	 272.531074 	 297.038782 	 -66680.569445 	 -66680.569445 	 -66680.569445 	 -66680.569445
2:23:20.509 PM 2024-08-12 	 1.774387 	 0.973569 	 272.531063 	 297.022681 	 -66680.285861 	 -66680.285861 	 -66680.285861 	 -66680.285861
2:23:25.695 PM 2024-08-12 	 2.780298 	 1.400770 	 272.531063 	 297.005199 	 -66680.273258 	 -66680.273258 	 -66680.273258 	 -66680.273258
2:23:30.778 PM 2024-08-12 	 2.032280 	 0.932007 	 272.531049 	 296.987718 	 -66680.134620 	 -66680.134620 	 -66680.134620 	 -66680.134620
2:23:35.889 PM 2024-08-12 	 3.148393 	 1.723186 	 272.531059 	 296.968704 	 -66679.693515 	 -66679.693515 	 -66679.693515 	 -66679.693515
2:23:40.982 PM 2024-08-12 	 2.425033 	 0.694981 	 272.531064 	 296.951223 	 -66679.283936 	 -66679.283936 	 -66679.283936 	 -66679.283936
2:23:46.084 PM 2024-08-12 	 2.617762 	 0.668533 	 272.531059 	 296.937268 	 -66679.019295 	 -66679.019295 	 -66679.019295 	 -66679.019295
2:23:51.211 PM 2024-08-12 	 2.675127 	 0.706568 	 272.531042 	 296.922548 	 -66678.622348 	 -66678.622348 	 -66678.622348 	 -66678.622348
2:23:56.337 PM 2024-08-12 	 2.292690 	 1.382130 	 272.531056 	 296.909514 	 -66678.534140 	 -66678.534140 	 -66678.534140 	 -66678.534140
2:24:01.444 PM 2024-08-12 	 3.952518 	 -0.372518 	 272.531045 	 296.900160 	 -66678.124613 	 -66678.124613 	 -66678.124613 	 -66678.124613
2:24:06.513 PM 2024-08-12 	 2.716139 	 0.121937 	 272.531030 	 296.888506 	 -66677.885206 	 -66677.885206 	 -66677.885206 	 -66677.885206
2:24:11.579 PM 2024-08-12 	 3.012528 	 0.662739 	 272.531031 	 296.876239 	 -66677.702505 	 -66677.702505 	 -66677.702505 	 -66677.702505
2:24:16.642 PM 2024-08-12 	 2.856282 	 1.221426 	 272.531023 	 296.862899 	 -66677.708805 	 -66677.708805 	 -66677.708805 	 -66677.708805
2:24:21.699 PM 2024-08-12 	 2.921196 	 0.860975 	 272.531019 	 296.852012 	 -66677.652105 	 -66677.652105 	 -66677.652105 	 -66677.652105
2:24:26.761 PM 2024-08-12 	 2.429814 	 1.251149 	 272.531014 	 296.838365 	 -66677.437909 	 -66677.437909 	 -66677.437909 	 -66677.437909
2:24:31.832 PM 2024-08-12 	 2.283632 	 0.755686 	 272.531022 	 296.825638 	 -66677.135524 	 -66677.135524 	 -66677.135524 	 -66677.135524
