Timestamp                   	PTD1 raw (mA)	PTD1 T0 (K)	PTD1 aT (PSI/K)	PTD1 adj (PSI)	PTD2 raw (mA)	PTD2 T0 (K)	PTD2 aT (PSI/K)	PTD2 adj (PSI)	RTD0 Rraw (Ohm)	RTD1 Rraw (Ohm)	DAQ thermistor T (K)
1:20:17.444 PM 2/15/2024 	 4.002040 	 297.647000 	 44.546000 	 -2956914.128840 	 4.029043 	 297.647000 	 44.546000 	 -2956914.128840 	 108.784839 	 109.335155 	 297.521523
1:20:27.943 PM 2/15/2024 	 4.006675 	 297.647000 	 44.546000 	 -2956986.282898 	 4.018357 	 297.647000 	 44.546000 	 -2956986.282898 	 108.784124 	 109.339504 	 297.528153
1:20:37.943 PM 2/15/2024 	 4.012165 	 297.647000 	 44.546000 	 -2957044.488932 	 4.025104 	 297.647000 	 44.546000 	 -2957044.488932 	 108.785673 	 109.338312 	 297.533501
1:20:48.443 PM 2/15/2024 	 4.017311 	 297.647000 	 44.546000 	 -2957118.245399 	 4.035496 	 297.647000 	 44.546000 	 -2957118.245399 	 108.784184 	 109.337300 	 297.540277
1:20:58.444 PM 2/15/2024 	 4.014731 	 297.647000 	 44.546000 	 -2957194.912794 	 4.018827 	 297.647000 	 44.546000 	 -2957194.912794 	 108.783171 	 109.337359 	 297.547321
1:21:08.943 PM 2/15/2024 	 4.010951 	 297.647000 	 44.546000 	 -2957249.194163 	 4.021609 	 297.647000 	 44.546000 	 -2957249.194163 	 108.784243 	 109.335334 	 297.552308
1:21:18.943 PM 2/15/2024 	 4.007005 	 297.647000 	 44.546000 	 -2957294.521701 	 4.020386 	 297.647000 	 44.546000 	 -2957294.521701 	 108.784422 	 109.332117 	 297.556472
1:21:28.944 PM 2/15/2024 	 4.008146 	 297.647000 	 44.546000 	 -2957320.349985 	 4.025195 	 297.647000 	 44.546000 	 -2957320.349985 	 108.783648 	 109.331403 	 297.558845
1:21:38.944 PM 2/15/2024 	 4.003587 	 297.647000 	 44.546000 	 -2957341.962594 	 4.026439 	 297.647000 	 44.546000 	 -2957341.962594 	 108.783767 	 109.330628 	 297.560830
1:21:49.444 PM 2/15/2024 	 4.009608 	 297.647000 	 44.546000 	 -2957361.994759 	 4.031507 	 297.647000 	 44.546000 	 -2957361.994759 	 108.783826 	 109.332773 	 297.562671
1:21:59.943 PM 2/15/2024 	 4.008528 	 297.647000 	 44.546000 	 -2957373.065565 	 4.031849 	 297.647000 	 44.546000 	 -2957373.065565 	 108.783648 	 109.334440 	 297.563688
1:22:09.943 PM 2/15/2024 	 4.009477 	 297.647000 	 44.546000 	 -2957386.509068 	 4.022786 	 297.647000 	 44.546000 	 -2957386.509068 	 108.783529 	 109.337419 	 297.564923
1:22:19.944 PM 2/15/2024 	 4.002294 	 297.647000 	 44.546000 	 -2957390.463119 	 4.030573 	 297.647000 	 44.546000 	 -2957390.463119 	 108.782635 	 109.336942 	 297.565286
1:22:30.443 PM 2/15/2024 	 4.006701 	 297.647000 	 44.546000 	 -2957398.371330 	 4.018050 	 297.647000 	 44.546000 	 -2957398.371330 	 108.782159 	 109.342124 	 297.566012
1:22:40.444 PM 2/15/2024 	 4.005379 	 297.647000 	 44.546000 	 -2957411.288387 	 4.019589 	 297.647000 	 44.546000 	 -2957411.288387 	 108.781325 	 109.345043 	 297.567199
1:22:50.943 PM 2/15/2024 	 4.017781 	 297.647000 	 44.546000 	 -2957441.605446 	 4.020555 	 297.647000 	 44.546000 	 -2957441.605446 	 108.782099 	 109.349808 	 297.569984
1:23:00.944 PM 2/15/2024 	 4.004182 	 297.647000 	 44.546000 	 -2957473.770221 	 4.031180 	 297.647000 	 44.546000 	 -2957473.770221 	 108.784422 	 109.352251 	 297.572939
1:23:11.444 PM 2/15/2024 	 4.001278 	 297.647000 	 44.546000 	 -2957505.673718 	 4.014546 	 297.647000 	 44.546000 	 -2957505.673718 	 108.784601 	 109.358445 	 297.575869
1:23:21.944 PM 2/15/2024 	 4.016677 	 297.647000 	 44.546000 	 -2957544.435687 	 4.022073 	 297.647000 	 44.546000 	 -2957544.435687 	 108.786090 	 109.362972 	 297.579430
1:23:32.443 PM 2/15/2024 	 4.011476 	 297.647000 	 44.546000 	 -2957577.926723 	 4.028625 	 297.647000 	 44.546000 	 -2957577.926723 	 108.785375 	 109.368274 	 297.582506
1:23:42.444 PM 2/15/2024 	 4.006258 	 297.647000 	 44.546000 	 -2957595.332540 	 4.021268 	 297.647000 	 44.546000 	 -2957595.332540 	 108.785851 	 109.374707 	 297.584105
1:23:52.444 PM 2/15/2024 	 4.003879 	 297.647000 	 44.546000 	 -2957612.475319 	 4.024625 	 297.647000 	 44.546000 	 -2957612.475319 	 108.789068 	 109.381140 	 297.585680
1:24:02.444 PM 2/15/2024 	 4.009255 	 297.647000 	 44.546000 	 -2957637.267620 	 4.020076 	 297.647000 	 44.546000 	 -2957637.267620 	 108.790497 	 109.379234 	 297.587957
1:24:12.944 PM 2/15/2024 	 4.006170 	 297.647000 	 44.546000 	 -2957649.136779 	 4.026535 	 297.647000 	 44.546000 	 -2957649.136779 	 108.790735 	 109.377745 	 297.589047
1:24:35.630 PM 2/15/2024 	 4.012833 	 297.647000 	 44.546000 	 -2957583.366387 	 4.019481 	 297.647000 	 44.546000 	 -2957583.366387 	 108.795619 	 109.384178 	 297.590986
1:24:45.630 PM 2/15/2024 	 4.009226 	 297.647000 	 44.546000 	 -2957599.720392 	 4.022403 	 297.647000 	 44.546000 	 -2957599.720392 	 108.794309 	 109.385488 	 297.592488
1:24:55.631 PM 2/15/2024 	 4.006891 	 297.647000 	 44.546000 	 -2957606.051141 	 4.021390 	 297.647000 	 44.546000 	 -2957606.051141 	 108.795202 	 109.388705 	 297.593069
1:25:05.631 PM 2/15/2024 	 4.009763 	 297.647000 	 44.546000 	 -2957605.523575 	 4.019343 	 297.647000 	 44.546000 	 -2957605.523575 	 108.795500 	 109.384654 	 297.593021
1:25:15.631 PM 2/15/2024 	 4.007863 	 297.647000 	 44.546000 	 -2957612.645769 	 4.021563 	 297.647000 	 44.546000 	 -2957612.645769 	 108.796870 	 109.386143 	 297.593675
1:25:26.131 PM 2/15/2024 	 4.027255 	 297.647000 	 44.546000 	 -2957621.878419 	 4.021586 	 297.647000 	 44.546000 	 -2957621.878419 	 108.799074 	 109.387335 	 297.594523
1:25:36.631 PM 2/15/2024 	 4.004606 	 297.647000 	 44.546000 	 -2957618.449126 	 4.029095 	 297.647000 	 44.546000 	 -2957618.449126 	 108.801754 	 109.382331 	 297.594208
1:25:47.130 PM 2/15/2024 	 4.002349 	 297.647000 	 44.546000 	 -2957607.633842 	 4.018984 	 297.647000 	 44.546000 	 -2957607.633842 	 108.802528 	 109.375421 	 297.593215
1:25:57.131 PM 2/15/2024 	 4.012828 	 297.647000 	 44.546000 	 -2957588.114260 	 4.018865 	 297.647000 	 44.546000 	 -2957588.114260 	 108.803719 	 109.372860 	 297.591422
1:26:07.131 PM 2/15/2024 	 4.005718 	 297.647000 	 44.546000 	 -2957558.572789 	 4.028374 	 297.647000 	 44.546000 	 -2957558.572789 	 108.802171 	 109.373158 	 297.588708
1:26:17.630 PM 2/15/2024 	 4.006619 	 297.647000 	 44.546000 	 -2957525.077319 	 4.024620 	 297.647000 	 44.546000 	 -2957525.077319 	 108.798835 	 109.370895 	 297.585631
1:26:27.631 PM 2/15/2024 	 4.007224 	 297.647000 	 44.546000 	 -2957511.099664 	 4.027735 	 297.647000 	 44.546000 	 -2957511.099664 	 108.797823 	 109.373932 	 297.584348
1:26:38.133 PM 2/15/2024 	 4.020580 	 297.647000 	 44.546000 	 -2957516.901655 	 4.017504 	 297.647000 	 44.546000 	 -2957516.901655 	 108.797823 	 109.381021 	 297.584880
1:26:48.630 PM 2/15/2024 	 4.013096 	 297.647000 	 44.546000 	 -2957519.275219 	 4.024996 	 297.647000 	 44.546000 	 -2957519.275219 	 108.796513 	 109.380961 	 297.585098
1:26:58.631 PM 2/15/2024 	 4.020974 	 297.647000 	 44.546000 	 -2957524.549852 	 4.026357 	 297.647000 	 44.546000 	 -2957524.549852 	 108.796096 	 109.376315 	 297.585583
1:27:08.631 PM 2/15/2024 	 4.017684 	 297.647000 	 44.546000 	 -2957519.802679 	 4.016815 	 297.647000 	 44.546000 	 -2957519.802679 	 108.799074 	 109.377268 	 297.585147
1:27:19.131 PM 2/15/2024 	 4.007819 	 297.647000 	 44.546000 	 -2957508.198698 	 4.018783 	 297.647000 	 44.546000 	 -2957508.198698 	 108.799908 	 109.374588 	 297.584081
1:27:29.131 PM 2/15/2024 	 4.012731 	 297.647000 	 44.546000 	 -2957493.430446 	 4.024033 	 297.647000 	 44.546000 	 -2957493.430446 	 108.799908 	 109.375481 	 297.582724
1:27:39.631 PM 2/15/2024 	 4.013674 	 297.647000 	 44.546000 	 -2957467.850921 	 4.024742 	 297.647000 	 44.546000 	 -2957467.850921 	 108.800086 	 109.376791 	 297.580375
1:27:50.131 PM 2/15/2024 	 4.006278 	 297.647000 	 44.546000 	 -2957436.999284 	 4.025148 	 297.647000 	 44.546000 	 -2957436.999284 	 108.799908 	 109.375958 	 297.577541
1:28:00.131 PM 2/15/2024 	 4.012290 	 297.647000 	 44.546000 	 -2957408.522809 	 4.027221 	 297.647000 	 44.546000 	 -2957408.522809 	 108.800682 	 109.373754 	 297.574925
1:28:10.131 PM 2/15/2024 	 4.001392 	 297.647000 	 44.546000 	 -2957363.175265 	 4.026526 	 297.647000 	 44.546000 	 -2957363.175265 	 108.804375 	 109.368333 	 297.570759
1:28:20.131 PM 2/15/2024 	 4.006797 	 297.647000 	 44.546000 	 -2957315.460030 	 4.025723 	 297.647000 	 44.546000 	 -2957315.460030 	 108.806280 	 109.362436 	 297.566376
1:28:30.131 PM 2/15/2024 	 4.004136 	 297.647000 	 44.546000 	 -2957258.261426 	 4.020713 	 297.647000 	 44.546000 	 -2957258.261426 	 108.809258 	 109.353204 	 297.561121
1:28:40.631 PM 2/15/2024 	 4.012801 	 297.647000 	 44.546000 	 -2957197.380918 	 4.014380 	 297.647000 	 44.546000 	 -2957197.380918 	 108.810450 	 109.348915 	 297.555528
1:28:50.631 PM 2/15/2024 	 4.013645 	 297.647000 	 44.546000 	 -2957131.502596 	 4.020164 	 297.647000 	 44.546000 	 -2957131.502596 	 108.814619 	 109.347902 	 297.549475
1:29:00.632 PM 2/15/2024 	 4.011812 	 297.647000 	 44.546000 	 -2957078.807175 	 4.017472 	 297.647000 	 44.546000 	 -2957078.807175 	 108.818431 	 109.345401 	 297.544634
1:29:10.632 PM 2/15/2024 	 4.005493 	 297.647000 	 44.546000 	 -2957018.478815 	 4.019157 	 297.647000 	 44.546000 	 -2957018.478815 	 108.821766 	 109.339384 	 297.539091
1:29:21.132 PM 2/15/2024 	 4.011675 	 297.647000 	 44.546000 	 -2956947.096752 	 4.027390 	 297.647000 	 44.546000 	 -2956947.096752 	 108.824982 	 109.332237 	 297.532533
1:29:31.632 PM 2/15/2024 	 4.008023 	 297.647000 	 44.546000 	 -2956868.089774 	 4.027460 	 297.647000 	 44.546000 	 -2956868.089774 	 108.824744 	 109.315618 	 297.525273
1:29:42.132 PM 2/15/2024 	 4.010694 	 297.647000 	 44.546000 	 -2956798.838874 	 4.022684 	 297.647000 	 44.546000 	 -2956798.838874 	 108.821587 	 109.299297 	 297.518910
1:29:52.132 PM 2/15/2024 	 4.008674 	 297.647000 	 44.546000 	 -2956717.489829 	 4.029455 	 297.647000 	 44.546000 	 -2956717.489829 	 108.817597 	 109.285537 	 297.511435
1:30:02.632 PM 2/15/2024 	 4.005575 	 297.647000 	 44.546000 	 -2956631.681867 	 4.035169 	 297.647000 	 44.546000 	 -2956631.681867 	 108.812773 	 109.267846 	 297.503549
1:30:12.632 PM 2/15/2024 	 4.015956 	 297.647000 	 44.546000 	 -2956536.155006 	 4.033849 	 297.647000 	 44.546000 	 -2956536.155006 	 108.808544 	 109.255159 	 297.494771
1:30:23.131 PM 2/15/2024 	 4.007224 	 297.647000 	 44.546000 	 -2956441.964610 	 4.014929 	 297.647000 	 44.546000 	 -2956441.964610 	 108.804315 	 109.241697 	 297.486114
1:30:33.132 PM 2/15/2024 	 4.010271 	 297.647000 	 44.546000 	 -2956344.375535 	 4.016324 	 297.647000 	 44.546000 	 -2956344.375535 	 108.799788 	 109.228712 	 297.477145
1:30:43.132 PM 2/15/2024 	 4.009897 	 297.647000 	 44.546000 	 -2956239.445816 	 4.029928 	 297.647000 	 44.546000 	 -2956239.445816 	 108.794488 	 109.218050 	 297.467501
1:30:53.132 PM 2/15/2024 	 4.010951 	 297.647000 	 44.546000 	 -2956141.639523 	 4.028544 	 297.647000 	 44.546000 	 -2956141.639523 	 108.790735 	 109.206673 	 297.458512
1:31:03.632 PM 2/15/2024 	 4.025658 	 297.647000 	 44.546000 	 -2956030.713979 	 4.020065 	 297.647000 	 44.546000 	 -2956030.713979 	 108.786149 	 109.200359 	 297.448315
1:31:13.632 PM 2/15/2024 	 4.014118 	 297.647000 	 44.546000 	 -2955926.648558 	 4.033793 	 297.647000 	 44.546000 	 -2955926.648558 	 108.782635 	 109.196844 	 297.438749
1:31:23.632 PM 2/15/2024 	 4.009398 	 297.647000 	 44.546000 	 -2955805.007820 	 4.026803 	 297.647000 	 44.546000 	 -2955805.007820 	 108.778585 	 109.189577 	 297.427567
1:31:33.632 PM 2/15/2024 	 4.005321 	 297.647000 	 44.546000 	 -2955702.572362 	 4.024231 	 297.647000 	 44.546000 	 -2955702.572362 	 108.774833 	 109.182132 	 297.418150
1:31:44.132 PM 2/15/2024 	 4.012101 	 297.647000 	 44.546000 	 -2955590.708997 	 4.030047 	 297.647000 	 44.546000 	 -2955590.708997 	 108.771140 	 109.175639 	 297.407865
1:31:54.133 PM 2/15/2024 	 4.014707 	 297.647000 	 44.546000 	 -2955475.199682 	 4.014406 	 297.647000 	 44.546000 	 -2955475.199682 	 108.767686 	 109.169742 	 297.397245
1:32:04.632 PM 2/15/2024 	 4.016981 	 297.647000 	 44.546000 	 -2955368.905809 	 4.015253 	 297.647000 	 44.546000 	 -2955368.905809 	 108.765125 	 109.163905 	 297.387472
1:32:14.632 PM 2/15/2024 	 4.008791 	 297.647000 	 44.546000 	 -2955258.440291 	 4.025936 	 297.647000 	 44.546000 	 -2955258.440291 	 108.762444 	 109.152945 	 297.377314
1:32:24.633 PM 2/15/2024 	 4.004970 	 297.647000 	 44.546000 	 -2955153.773284 	 4.019297 	 297.647000 	 44.546000 	 -2955153.773284 	 108.759466 	 109.143295 	 297.367689
1:32:35.132 PM 2/15/2024 	 4.012962 	 297.647000 	 44.546000 	 -2955050.704902 	 4.019393 	 297.647000 	 44.546000 	 -2955050.704902 	 108.757441 	 109.132633 	 297.358211
1:32:45.132 PM 2/15/2024 	 4.015025 	 297.647000 	 44.546000 	 -2954944.252839 	 4.027025 	 297.647000 	 44.546000 	 -2954944.252839 	 108.754761 	 109.124591 	 297.348421
1:32:55.632 PM 2/15/2024 	 4.012641 	 297.647000 	 44.546000 	 -2954840.447898 	 4.018193 	 297.647000 	 44.546000 	 -2954840.447898 	 108.752974 	 109.120064 	 297.338874
1:33:06.133 PM 2/15/2024 	 4.007839 	 297.647000 	 44.546000 	 -2954736.405735 	 4.025528 	 297.647000 	 44.546000 	 -2954736.405735 	 108.750354 	 109.113095 	 297.329305
1:33:16.133 PM 2/15/2024 	 4.017060 	 297.647000 	 44.546000 	 -2954650.727260 	 4.020891 	 297.647000 	 44.546000 	 -2954650.727260 	 108.748090 	 109.105888 	 297.321424
1:33:26.633 PM 2/15/2024 	 4.019692 	 297.647000 	 44.546000 	 -2954548.564018 	 4.020141 	 297.647000 	 44.546000 	 -2954548.564018 	 108.746184 	 109.101897 	 297.312027
1:33:37.132 PM 2/15/2024 	 4.010425 	 297.647000 	 44.546000 	 -2954456.637640 	 4.022748 	 297.647000 	 44.546000 	 -2954456.637640 	 108.743087 	 109.094034 	 297.303571
1:33:47.133 PM 2/15/2024 	 4.005694 	 297.647000 	 44.546000 	 -2954369.181593 	 4.026853 	 297.647000 	 44.546000 	 -2954369.181593 	 108.741420 	 109.086887 	 297.295525
1:33:57.133 PM 2/15/2024 	 4.013248 	 297.647000 	 44.546000 	 -2954278.863732 	 4.035890 	 297.647000 	 44.546000 	 -2954278.863732 	 108.739097 	 109.080930 	 297.287217
1:34:07.133 PM 2/15/2024 	 4.008412 	 297.647000 	 44.546000 	 -2954190.658314 	 4.028196 	 297.647000 	 44.546000 	 -2954190.658314 	 108.737310 	 109.075093 	 297.279102
1:34:17.633 PM 2/15/2024 	 4.014004 	 297.647000 	 44.546000 	 -2954102.994103 	 4.018479 	 297.647000 	 44.546000 	 -2954102.994103 	 108.734689 	 109.069196 	 297.271036
1:34:27.633 PM 2/15/2024 	 4.007247 	 297.647000 	 44.546000 	 -2954026.073502 	 4.014719 	 297.647000 	 44.546000 	 -2954026.073502 	 108.733558 	 109.067885 	 297.263959
1:34:38.133 PM 2/15/2024 	 4.007527 	 297.647000 	 44.546000 	 -2953935.826877 	 4.026512 	 297.647000 	 44.546000 	 -2953935.826877 	 108.731652 	 109.064728 	 297.255656
1:34:48.133 PM 2/15/2024 	 4.017664 	 297.647000 	 44.546000 	 -2953859.197341 	 4.028208 	 297.647000 	 44.546000 	 -2953859.197341 	 108.730222 	 109.061988 	 297.248605
1:34:58.633 PM 2/15/2024 	 4.012057 	 297.647000 	 44.546000 	 -2953770.031150 	 4.026722 	 297.647000 	 44.546000 	 -2953770.031150 	 108.729091 	 109.058295 	 297.240400
1:35:09.133 PM 2/15/2024 	 4.004241 	 297.647000 	 44.546000 	 -2953694.737862 	 4.022398 	 297.647000 	 44.546000 	 -2953694.737862 	 108.727423 	 109.060916 	 297.233471
1:35:19.133 PM 2/15/2024 	 4.015273 	 297.647000 	 44.546000 	 -2953619.457596 	 4.020906 	 297.647000 	 44.546000 	 -2953619.457596 	 108.726053 	 109.069017 	 297.226544
1:35:29.634 PM 2/15/2024 	 4.000689 	 297.647000 	 44.546000 	 -2953552.552730 	 4.020097 	 297.647000 	 44.546000 	 -2953552.552730 	 108.724624 	 109.067885 	 297.220387
1:35:40.133 PM 2/15/2024 	 4.008546 	 297.647000 	 44.546000 	 -2953470.503765 	 4.022272 	 297.647000 	 44.546000 	 -2953470.503765 	 108.722837 	 109.066575 	 297.212836
1:35:50.133 PM 2/15/2024 	 4.000563 	 297.647000 	 44.546000 	 -2953403.883015 	 4.033799 	 297.647000 	 44.546000 	 -2953403.883015 	 108.722182 	 109.063775 	 297.206705
1:36:00.133 PM 2/15/2024 	 4.015475 	 297.647000 	 44.546000 	 -2953333.615698 	 4.021527 	 297.647000 	 44.546000 	 -2953333.615698 	 108.720931 	 109.062465 	 297.200237
1:36:10.134 PM 2/15/2024 	 4.013674 	 297.647000 	 44.546000 	 -2953267.799347 	 4.018722 	 297.647000 	 44.546000 	 -2953267.799347 	 108.720038 	 109.057997 	 297.194180
1:36:20.634 PM 2/15/2024 	 4.009786 	 297.647000 	 44.546000 	 -2953199.381774 	 4.023025 	 297.647000 	 44.546000 	 -2953199.381774 	 108.718965 	 109.053887 	 297.187882
1:36:31.134 PM 2/15/2024 	 4.013817 	 297.647000 	 44.546000 	 -2953129.408498 	 4.021306 	 297.647000 	 44.546000 	 -2953129.408498 	 108.718310 	 109.050432 	 297.181442
1:36:41.634 PM 2/15/2024 	 4.007375 	 297.647000 	 44.546000 	 -2953071.193027 	 4.026149 	 297.647000 	 44.546000 	 -2953071.193027 	 108.717238 	 109.047931 	 297.176083
1:36:51.634 PM 2/15/2024 	 4.005090 	 297.647000 	 44.546000 	 -2953011.158308 	 4.018292 	 297.647000 	 44.546000 	 -2953011.158308 	 108.716107 	 109.044476 	 297.170557
1:37:02.134 PM 2/15/2024 	 4.008616 	 297.647000 	 44.546000 	 -2952950.609920 	 4.022579 	 297.647000 	 44.546000 	 -2952950.609920 	 108.715154 	 109.040962 	 297.164983
1:37:12.634 PM 2/15/2024 	 4.012025 	 297.647000 	 44.546000 	 -2952883.807662 	 4.034809 	 297.647000 	 44.546000 	 -2952883.807662 	 108.714618 	 109.037924 	 297.158834
1:37:23.134 PM 2/15/2024 	 4.006660 	 297.647000 	 44.546000 	 -2952826.146753 	 4.026313 	 297.647000 	 44.546000 	 -2952826.146753 	 108.713486 	 109.035243 	 297.153526
1:37:33.634 PM 2/15/2024 	 4.013907 	 297.647000 	 44.546000 	 -2952768.232608 	 4.035793 	 297.647000 	 44.546000 	 -2952768.232608 	 108.712533 	 109.033278 	 297.148194
1:37:43.634 PM 2/15/2024 	 4.013414 	 297.647000 	 44.546000 	 -2952717.368416 	 4.027933 	 297.647000 	 44.546000 	 -2952717.368416 	 108.712176 	 109.033099 	 297.143511
1:37:54.134 PM 2/15/2024 	 4.012267 	 297.647000 	 44.546000 	 -2952659.207915 	 4.029133 	 297.647000 	 44.546000 	 -2952659.207915 	 108.711342 	 109.033873 	 297.138157
1:38:04.634 PM 2/15/2024 	 4.003240 	 297.647000 	 44.546000 	 -2952603.141229 	 4.030389 	 297.647000 	 44.546000 	 -2952603.141229 	 108.710984 	 109.032622 	 297.132995
