Timestamp                   	PTD1 raw (mA)	PTD1 T0 (K)	PTD1 aT (PSI/K)	PTD1 adj (PSI)	PTD2 raw (mA)	PTD2 T0 (K)	PTD2 aT (PSI/K)	PTD2 adj (PSI)	RTD0 Rraw (Ohm)	RTD1 Rraw (Ohm)	DAQ thermistor T (K)
12:19:19.473 PM 2/15/2024 	 4.005096 	 297.647000 	 44.546000 	 -2953361.046093 	 4.020742 	 297.647000 	 44.546000 	 -2953361.046093 	 108.589363 	 108.905212 	 297.191488
12:19:29.473 PM 2/15/2024 	 4.009836 	 297.647000 	 44.546000 	 -2953454.546981 	 4.021863 	 297.647000 	 44.546000 	 -2953454.546981 	 108.592043 	 108.910096 	 297.200093
12:19:39.473 PM 2/15/2024 	 4.019301 	 297.647000 	 44.546000 	 -2953543.887803 	 4.028760 	 297.647000 	 44.546000 	 -2953543.887803 	 108.592698 	 108.911645 	 297.208315
12:19:49.973 PM 2/15/2024 	 4.000438 	 297.647000 	 44.546000 	 -2953628.020767 	 4.029513 	 297.647000 	 44.546000 	 -2953628.020767 	 108.590137 	 108.918257 	 297.216058
12:19:59.973 PM 2/15/2024 	 4.005350 	 297.647000 	 44.546000 	 -2953714.522218 	 4.030065 	 297.647000 	 44.546000 	 -2953714.522218 	 108.589601 	 108.922426 	 297.224018
12:20:10.473 PM 2/15/2024 	 4.012366 	 297.647000 	 44.546000 	 -2953790.584519 	 4.023735 	 297.647000 	 44.546000 	 -2953790.584519 	 108.590256 	 108.922307 	 297.231018
12:20:20.473 PM 2/15/2024 	 4.007037 	 297.647000 	 44.546000 	 -2953849.927570 	 4.032325 	 297.647000 	 44.546000 	 -2953849.927570 	 108.588231 	 108.925941 	 297.236479
12:20:32.547 PM 2/15/2024 	 4.011038 	 297.647000 	 44.546000 	 -2953743.823973 	 4.033607 	 297.647000 	 44.546000 	 -2953743.823973 	 108.588410 	 108.929276 	 297.242686
12:20:43.047 PM 2/15/2024 	 4.012833 	 297.647000 	 44.546000 	 -2953804.227470 	 4.022275 	 297.647000 	 44.546000 	 -2953804.227470 	 108.589482 	 108.931480 	 297.248244
12:20:53.547 PM 2/15/2024 	 4.023790 	 297.647000 	 44.546000 	 -2953852.608613 	 4.024841 	 297.647000 	 44.546000 	 -2953852.608613 	 108.587576 	 108.935829 	 297.252696
12:23:40.644 PM 2/15/2024 	 4.007194 	 297.647000 	 44.546000 	 -2954872.774324 	 4.028447 	 297.647000 	 44.546000 	 -2954872.774324 	 108.614140 	 108.953162 	 297.337620
12:23:50.645 PM 2/15/2024 	 4.008064 	 297.647000 	 44.546000 	 -2954936.992954 	 4.026947 	 297.647000 	 44.546000 	 -2954936.992954 	 108.615569 	 108.955843 	 297.343527
12:24:00.645 PM 2/15/2024 	 4.012944 	 297.647000 	 44.546000 	 -2955004.891552 	 4.031408 	 297.647000 	 44.546000 	 -2955004.891552 	 108.614080 	 108.959774 	 297.349771
12:24:11.144 PM 2/15/2024 	 4.006973 	 297.647000 	 44.546000 	 -2955083.027410 	 4.027025 	 297.647000 	 44.546000 	 -2955083.027410 	 108.613485 	 108.966386 	 297.356957
12:24:21.644 PM 2/15/2024 	 4.003785 	 297.647000 	 44.546000 	 -2955154.620598 	 4.029189 	 297.647000 	 44.546000 	 -2955154.620598 	 108.613663 	 108.969126 	 297.363541
12:25:57.424 PM 2/15/2024 	 4.006976 	 297.647000 	 44.546000 	 -2955772.528304 	 4.022876 	 297.647000 	 44.546000 	 -2955772.528304 	 108.623133 	 109.000993 	 297.431624
12:26:07.425 PM 2/15/2024 	 4.007203 	 297.647000 	 44.546000 	 -2955837.421860 	 4.020362 	 297.647000 	 44.546000 	 -2955837.421860 	 108.625158 	 109.006652 	 297.437590
12:26:17.425 PM 2/15/2024 	 4.004673 	 297.647000 	 44.546000 	 -2955907.580896 	 4.035469 	 297.647000 	 44.546000 	 -2955907.580896 	 108.624920 	 109.012013 	 297.444039
12:26:27.925 PM 2/15/2024 	 3.998246 	 297.647000 	 44.546000 	 -2955973.020357 	 4.029058 	 297.647000 	 44.546000 	 -2955973.020357 	 108.624503 	 109.015765 	 297.450055
12:26:38.425 PM 2/15/2024 	 4.007492 	 297.647000 	 44.546000 	 -2956041.098410 	 4.017606 	 297.647000 	 44.546000 	 -2956041.098410 	 108.628017 	 109.022079 	 297.456313
12:26:48.924 PM 2/15/2024 	 4.009270 	 297.647000 	 44.546000 	 -2956112.342125 	 4.029020 	 297.647000 	 44.546000 	 -2956112.342125 	 108.630102 	 109.022854 	 297.462861
12:26:59.925 PM 2/15/2024 	 4.011491 	 297.647000 	 44.546000 	 -2956197.271548 	 4.031350 	 297.647000 	 44.546000 	 -2956197.271548 	 108.634212 	 109.025355 	 297.470668
12:27:10.425 PM 2/15/2024 	 4.009780 	 297.647000 	 44.546000 	 -2956268.277979 	 4.024214 	 297.647000 	 44.546000 	 -2956268.277979 	 108.631293 	 109.027619 	 297.477194
12:31:47.328 PM 2/15/2024 	 4.007699 	 297.647000 	 44.546000 	 -2957467.131114 	 4.029247 	 297.647000 	 44.546000 	 -2957467.131114 	 108.659822 	 109.045965 	 297.577492
12:31:57.828 PM 2/15/2024 	 4.014652 	 297.647000 	 44.546000 	 -2957460.011767 	 4.016865 	 297.647000 	 44.546000 	 -2957460.011767 	 108.658155 	 109.041855 	 297.576838
12:32:08.328 PM 2/15/2024 	 4.009757 	 297.647000 	 44.546000 	 -2957447.882780 	 4.025840 	 297.647000 	 44.546000 	 -2957447.882780 	 108.656785 	 109.044714 	 297.575724
12:32:18.328 PM 2/15/2024 	 4.012215 	 297.647000 	 44.546000 	 -2957438.918095 	 4.018619 	 297.647000 	 44.546000 	 -2957438.918095 	 108.657440 	 109.045667 	 297.574901
12:32:28.828 PM 2/15/2024 	 4.010309 	 297.647000 	 44.546000 	 -2957422.834863 	 4.016576 	 297.647000 	 44.546000 	 -2957422.834863 	 108.656011 	 109.050849 	 297.573423
12:32:38.828 PM 2/15/2024 	 4.005020 	 297.647000 	 44.546000 	 -2957401.743009 	 4.022386 	 297.647000 	 44.546000 	 -2957401.743009 	 108.654879 	 109.049658 	 297.571486
12:32:49.328 PM 2/15/2024 	 4.018986 	 297.647000 	 44.546000 	 -2957390.933833 	 4.022967 	 297.647000 	 44.546000 	 -2957390.933833 	 108.652794 	 109.050671 	 297.570493
12:32:59.828 PM 2/15/2024 	 4.003709 	 297.647000 	 44.546000 	 -2957371.425274 	 4.029863 	 297.647000 	 44.546000 	 -2957371.425274 	 108.652020 	 109.055019 	 297.568700
12:33:10.328 PM 2/15/2024 	 4.010843 	 297.647000 	 44.546000 	 -2957341.900485 	 4.027297 	 297.647000 	 44.546000 	 -2957341.900485 	 108.651305 	 109.052041 	 297.565988
12:33:20.328 PM 2/15/2024 	 4.017121 	 297.647000 	 44.546000 	 -2957297.880666 	 4.031656 	 297.647000 	 44.546000 	 -2957297.880666 	 108.649638 	 109.052219 	 297.561944
12:33:30.828 PM 2/15/2024 	 4.010405 	 297.647000 	 44.546000 	 -2957239.633794 	 4.031122 	 297.647000 	 44.546000 	 -2957239.633794 	 108.649757 	 109.052994 	 297.556593
12:33:40.828 PM 2/15/2024 	 4.016266 	 297.647000 	 44.546000 	 -2957174.543650 	 4.023475 	 297.647000 	 44.546000 	 -2957174.543650 	 108.649399 	 109.054602 	 297.550613
12:33:51.328 PM 2/15/2024 	 4.015478 	 297.647000 	 44.546000 	 -2957102.086409 	 4.026742 	 297.647000 	 44.546000 	 -2957102.086409 	 108.650174 	 109.061988 	 297.543956
12:34:01.328 PM 2/15/2024 	 4.007358 	 297.647000 	 44.546000 	 -2957033.065729 	 4.023857 	 297.647000 	 44.546000 	 -2957033.065729 	 108.650114 	 109.064966 	 297.537615
12:34:11.828 PM 2/15/2024 	 4.010455 	 297.647000 	 44.546000 	 -2956966.163079 	 4.024182 	 297.647000 	 44.546000 	 -2956966.163079 	 108.649638 	 109.067885 	 297.531468
12:34:21.828 PM 2/15/2024 	 4.018102 	 297.647000 	 44.546000 	 -2956891.107481 	 4.022678 	 297.647000 	 44.546000 	 -2956891.107481 	 108.649578 	 109.068838 	 297.524571
12:34:31.828 PM 2/15/2024 	 4.014859 	 297.647000 	 44.546000 	 -2956805.533675 	 4.028196 	 297.647000 	 44.546000 	 -2956805.533675 	 108.645885 	 109.068779 	 297.516708
12:34:41.829 PM 2/15/2024 	 4.024899 	 297.647000 	 44.546000 	 -2956717.344562 	 4.024982 	 297.647000 	 44.546000 	 -2956717.344562 	 108.646719 	 109.066575 	 297.508605
12:34:52.328 PM 2/15/2024 	 4.005817 	 297.647000 	 44.546000 	 -2956629.173442 	 4.016955 	 297.647000 	 44.546000 	 -2956629.173442 	 108.644873 	 109.065622 	 297.500502
12:35:02.828 PM 2/15/2024 	 4.016803 	 297.647000 	 44.546000 	 -2956552.071353 	 4.028844 	 297.647000 	 44.546000 	 -2956552.071353 	 108.646243 	 109.064728 	 297.493417
12:35:12.828 PM 2/15/2024 	 4.017308 	 297.647000 	 44.546000 	 -2956474.456858 	 4.031624 	 297.647000 	 44.546000 	 -2956474.456858 	 108.646719 	 109.063299 	 297.486284
12:35:23.328 PM 2/15/2024 	 3.997134 	 297.647000 	 44.546000 	 -2956403.432071 	 4.028839 	 297.647000 	 44.546000 	 -2956403.432071 	 108.648208 	 109.074556 	 297.479756
12:35:33.828 PM 2/15/2024 	 4.005008 	 297.647000 	 44.546000 	 -2956325.055288 	 4.026952 	 297.647000 	 44.546000 	 -2956325.055288 	 108.649280 	 109.077296 	 297.472553
12:35:43.828 PM 2/15/2024 	 4.012994 	 297.647000 	 44.546000 	 -2956246.166828 	 4.026316 	 297.647000 	 44.546000 	 -2956246.166828 	 108.650293 	 109.073186 	 297.465302
12:35:54.328 PM 2/15/2024 	 4.016561 	 297.647000 	 44.546000 	 -2956146.262091 	 4.022263 	 297.647000 	 44.546000 	 -2956146.262091 	 108.645885 	 109.071042 	 297.456119
12:36:04.828 PM 2/15/2024 	 4.018402 	 297.647000 	 44.546000 	 -2956061.624019 	 4.029414 	 297.647000 	 44.546000 	 -2956061.624019 	 108.642490 	 109.068123 	 297.448340
12:36:15.328 PM 2/15/2024 	 4.007445 	 297.647000 	 44.546000 	 -2955966.754425 	 4.022161 	 297.647000 	 44.546000 	 -2955966.754425 	 108.638798 	 109.067349 	 297.439619
12:36:25.329 PM 2/15/2024 	 4.007562 	 297.647000 	 44.546000 	 -2955893.973844 	 4.022640 	 297.647000 	 44.546000 	 -2955893.973844 	 108.639512 	 109.068957 	 297.432928
12:36:35.828 PM 2/15/2024 	 4.008414 	 297.647000 	 44.546000 	 -2955820.680135 	 4.018660 	 297.647000 	 44.546000 	 -2955820.680135 	 108.641299 	 109.067289 	 297.426191
12:36:45.828 PM 2/15/2024 	 4.004865 	 297.647000 	 44.546000 	 -2955739.782485 	 4.013705 	 297.647000 	 44.546000 	 -2955739.782485 	 108.643265 	 109.065026 	 297.418753
12:36:55.828 PM 2/15/2024 	 4.001944 	 297.647000 	 44.546000 	 -2955655.486399 	 4.027183 	 297.647000 	 44.546000 	 -2955655.486399 	 108.643205 	 109.062584 	 297.411004
12:37:05.828 PM 2/15/2024 	 4.012037 	 297.647000 	 44.546000 	 -2955574.619588 	 4.025250 	 297.647000 	 44.546000 	 -2955574.619588 	 108.644932 	 109.060618 	 297.403569
12:37:15.828 PM 2/15/2024 	 4.019097 	 297.647000 	 44.546000 	 -2955474.607166 	 4.026605 	 297.647000 	 44.546000 	 -2955474.607166 	 108.647017 	 109.058057 	 297.394373
12:37:25.829 PM 2/15/2024 	 4.007337 	 297.647000 	 44.546000 	 -2955372.256141 	 4.022234 	 297.647000 	 44.546000 	 -2955372.256141 	 108.648030 	 109.051683 	 297.384962
