Timestamp                   	PTD1 raw (mA)	PTD1 T0 (K)	PTD1 aT (PSI/K)	PTD1 adj (PSI)	PTD2 raw (mA)	PTD2 T0 (K)	PTD2 aT (PSI/K)	PTD2 adj (PSI)	RTD0 Rraw (Ohm)	RTD1 Rraw (Ohm)	DAQ thermistor T (K)
2:31:23.106 PM 7/13/2023 	 4.006269 	 297.647000 	 44.546000 	 -68.232608 	 4.018158 	 297.647000 	 44.546000 	 -68.232608 	 109.121829 	 108.816579 	 300.002865
2:31:33.107 PM 7/13/2023 	 4.016499 	 297.647000 	 44.546000 	 -68.029214 	 4.021659 	 297.647000 	 44.546000 	 -68.029214 	 109.120876 	 108.816817 	 300.003196
2:31:43.606 PM 7/13/2023 	 4.016137 	 297.647000 	 44.546000 	 -67.739746 	 4.017825 	 297.647000 	 44.546000 	 -67.739746 	 109.120757 	 108.816936 	 300.003578
2:31:53.606 PM 7/13/2023 	 4.008190 	 297.647000 	 44.546000 	 -66.279227 	 4.020231 	 297.647000 	 44.546000 	 -66.279227 	 109.120876 	 108.816221 	 300.002049
2:32:03.606 PM 7/13/2023 	 4.013869 	 297.647000 	 44.546000 	 -67.843044 	 4.014888 	 297.647000 	 44.546000 	 -67.843044 	 109.120102 	 108.816459 	 300.000341
2:32:13.607 PM 7/13/2023 	 4.011143 	 297.647000 	 44.546000 	 -67.034541 	 4.022605 	 297.647000 	 44.546000 	 -67.034541 	 109.118554 	 108.816638 	 299.997818
2:32:23.607 PM 7/13/2023 	 4.014500 	 297.647000 	 44.546000 	 -68.230882 	 4.023960 	 297.647000 	 44.546000 	 -68.230882 	 109.118137 	 108.815864 	 299.994963
2:32:34.107 PM 7/13/2023 	 4.014442 	 297.647000 	 44.546000 	 -66.754732 	 4.019405 	 297.647000 	 44.546000 	 -66.754732 	 109.117362 	 108.815804 	 299.991446
2:32:44.607 PM 7/13/2023 	 4.015057 	 297.647000 	 44.546000 	 -66.060133 	 4.020424 	 297.647000 	 44.546000 	 -66.060133 	 109.116529 	 108.815983 	 299.987318
2:32:55.107 PM 7/13/2023 	 4.005621 	 297.647000 	 44.546000 	 -66.537354 	 4.012730 	 297.647000 	 44.546000 	 -66.537354 	 109.116886 	 108.815268 	 299.983216
2:33:05.107 PM 7/13/2023 	 4.010819 	 297.647000 	 44.546000 	 -66.665332 	 4.029268 	 297.647000 	 44.546000 	 -66.665332 	 109.117898 	 108.815089 	 299.978961
2:33:15.607 PM 7/13/2023 	 3.997081 	 297.647000 	 44.546000 	 -65.678202 	 4.020625 	 297.647000 	 44.546000 	 -65.678202 	 109.118792 	 108.814613 	 299.974350
2:33:25.607 PM 7/13/2023 	 4.013259 	 297.647000 	 44.546000 	 -67.857371 	 4.029005 	 297.647000 	 44.546000 	 -67.857371 	 109.119149 	 108.814256 	 299.969663
2:33:35.607 PM 7/13/2023 	 4.011126 	 297.647000 	 44.546000 	 -67.367153 	 4.035166 	 297.647000 	 44.546000 	 -67.367153 	 109.119566 	 108.813898 	 299.965180
2:33:46.106 PM 7/13/2023 	 4.001278 	 297.647000 	 44.546000 	 -66.251572 	 4.009434 	 297.647000 	 44.546000 	 -66.251572 	 109.120579 	 108.813481 	 299.960163
2:33:56.107 PM 7/13/2023 	 4.007997 	 297.647000 	 44.546000 	 -66.745807 	 4.026777 	 297.647000 	 44.546000 	 -66.745807 	 109.120996 	 108.813243 	 299.955681
2:34:06.607 PM 7/13/2023 	 4.011683 	 297.647000 	 44.546000 	 -66.727388 	 4.028576 	 297.647000 	 44.546000 	 -66.727388 	 109.121532 	 108.812826 	 299.950486
2:34:17.107 PM 7/13/2023 	 4.007299 	 297.647000 	 44.546000 	 -66.022682 	 4.012824 	 297.647000 	 44.546000 	 -66.022682 	 109.121532 	 108.813183 	 299.945649
2:34:27.107 PM 7/13/2023 	 4.014033 	 297.647000 	 44.546000 	 -67.056486 	 4.028100 	 297.647000 	 44.546000 	 -67.056486 	 109.121770 	 108.812588 	 299.940812
2:34:37.607 PM 7/13/2023 	 4.007270 	 297.647000 	 44.546000 	 -67.068865 	 4.023784 	 297.647000 	 44.546000 	 -67.068865 	 109.120340 	 108.812588 	 299.936332
2:34:47.607 PM 7/13/2023 	 4.007019 	 297.647000 	 44.546000 	 -66.812742 	 4.018573 	 297.647000 	 44.546000 	 -66.812742 	 109.120460 	 108.812469 	 299.932234
2:34:58.107 PM 7/13/2023 	 4.014652 	 297.647000 	 44.546000 	 -66.735182 	 4.012575 	 297.647000 	 44.546000 	 -66.735182 	 109.119923 	 108.812111 	 299.927424
2:35:08.607 PM 7/13/2023 	 4.005621 	 297.647000 	 44.546000 	 -67.100899 	 4.019405 	 297.647000 	 44.546000 	 -67.100899 	 109.119090 	 108.811992 	 299.922539
2:35:18.607 PM 7/13/2023 	 4.007279 	 297.647000 	 44.546000 	 -67.379796 	 4.023019 	 297.647000 	 44.546000 	 -67.379796 	 109.118196 	 108.811635 	 299.918188
2:35:28.607 PM 7/13/2023 	 4.016123 	 297.647000 	 44.546000 	 -66.800992 	 4.012543 	 297.647000 	 44.546000 	 -66.800992 	 109.117482 	 108.810979 	 299.913812
2:35:39.107 PM 7/13/2023 	 4.005113 	 297.647000 	 44.546000 	 -66.574119 	 4.021227 	 297.647000 	 44.546000 	 -66.574119 	 109.116290 	 108.809967 	 299.909996
2:35:49.606 PM 7/13/2023 	 4.012314 	 297.647000 	 44.546000 	 -66.093908 	 4.017133 	 297.647000 	 44.546000 	 -66.093908 	 109.116112 	 108.810026 	 299.905290
2:36:00.106 PM 7/13/2023 	 4.010493 	 297.647000 	 44.546000 	 -66.347622 	 4.021078 	 297.647000 	 44.546000 	 -66.347622 	 109.115754 	 108.809788 	 299.901500
2:36:10.106 PM 7/13/2023 	 4.020574 	 297.647000 	 44.546000 	 -67.172584 	 4.017069 	 297.647000 	 44.546000 	 -67.172584 	 109.115993 	 108.809788 	 299.897583
2:36:20.107 PM 7/13/2023 	 4.013473 	 297.647000 	 44.546000 	 -66.752983 	 4.023332 	 297.647000 	 44.546000 	 -66.752983 	 109.116648 	 108.809371 	 299.894328
2:36:30.606 PM 7/13/2023 	 4.006109 	 297.647000 	 44.546000 	 -66.804458 	 4.011326 	 297.647000 	 44.546000 	 -66.804458 	 109.117660 	 108.808775 	 299.890844
2:36:40.607 PM 7/13/2023 	 4.003955 	 297.647000 	 44.546000 	 -66.078206 	 4.020885 	 297.647000 	 44.546000 	 -66.078206 	 109.117482 	 108.808537 	 299.886954
2:36:51.107 PM 7/13/2023 	 4.017235 	 297.647000 	 44.546000 	 -65.831852 	 4.023674 	 297.647000 	 44.546000 	 -65.831852 	 109.117482 	 108.807703 	 299.883572
2:37:01.606 PM 7/13/2023 	 4.009197 	 297.647000 	 44.546000 	 -67.247504 	 4.018541 	 297.647000 	 44.546000 	 -67.247504 	 109.119626 	 108.806572 	 299.880496
2:37:11.607 PM 7/13/2023 	 4.009205 	 297.647000 	 44.546000 	 -66.544849 	 4.018059 	 297.647000 	 44.546000 	 -66.544849 	 109.119923 	 108.805619 	 299.877014
2:37:21.607 PM 7/13/2023 	 4.014217 	 297.647000 	 44.546000 	 -66.857167 	 4.031312 	 297.647000 	 44.546000 	 -66.857167 	 109.120340 	 108.805023 	 299.873785
2:37:31.607 PM 7/13/2023 	 4.004439 	 297.647000 	 44.546000 	 -66.522847 	 4.010336 	 297.647000 	 44.546000 	 -66.522847 	 109.121055 	 108.803534 	 299.870964
2:37:42.107 PM 7/13/2023 	 4.005866 	 297.647000 	 44.546000 	 -66.120693 	 4.017233 	 297.647000 	 44.546000 	 -66.120693 	 109.122127 	 108.803117 	 299.867787
2:37:52.607 PM 7/13/2023 	 4.014935 	 297.647000 	 44.546000 	 -65.890657 	 4.028041 	 297.647000 	 44.546000 	 -65.890657 	 109.122782 	 108.801925 	 299.864509
2:38:02.607 PM 7/13/2023 	 4.008012 	 297.647000 	 44.546000 	 -66.485212 	 4.027787 	 297.647000 	 44.546000 	 -66.485212 	 109.123854 	 108.801211 	 299.861993
2:38:13.107 PM 7/13/2023 	 4.016706 	 297.647000 	 44.546000 	 -66.237363 	 4.020184 	 297.647000 	 44.546000 	 -66.237363 	 109.124688 	 108.800019 	 299.859579
2:38:23.107 PM 7/13/2023 	 4.019219 	 297.647000 	 44.546000 	 -65.938066 	 4.014374 	 297.647000 	 44.546000 	 -65.938066 	 109.126713 	 108.799602 	 299.856911
2:38:33.607 PM 7/13/2023 	 4.014465 	 297.647000 	 44.546000 	 -66.020784 	 4.025352 	 297.647000 	 44.546000 	 -66.020784 	 109.127547 	 108.798888 	 299.854598
2:38:43.607 PM 7/13/2023 	 4.004775 	 297.647000 	 44.546000 	 -66.573865 	 4.016228 	 297.647000 	 44.546000 	 -66.573865 	 109.129036 	 108.798173 	 299.852540
2:38:54.107 PM 7/13/2023 	 4.001643 	 297.647000 	 44.546000 	 -66.699797 	 4.024815 	 297.647000 	 44.546000 	 -66.699797 	 109.129930 	 108.797994 	 299.851600
2:39:04.607 PM 7/13/2023 	 4.000814 	 297.647000 	 44.546000 	 -66.234485 	 4.019866 	 297.647000 	 44.546000 	 -66.234485 	 109.131776 	 108.797696 	 299.849365
2:39:14.607 PM 7/13/2023 	 3.995692 	 297.647000 	 44.546000 	 -66.535509 	 4.017051 	 297.647000 	 44.546000 	 -66.535509 	 109.132848 	 108.797756 	 299.847790
2:39:24.607 PM 7/13/2023 	 4.012784 	 297.647000 	 44.546000 	 -66.019635 	 4.020873 	 297.647000 	 44.546000 	 -66.019635 	 109.133980 	 108.797875 	 299.846215
2:39:35.107 PM 7/13/2023 	 4.007282 	 297.647000 	 44.546000 	 -66.153083 	 4.019723 	 297.647000 	 44.546000 	 -66.153083 	 109.131478 	 108.797935 	 299.844640
2:39:45.107 PM 7/13/2023 	 4.013306 	 297.647000 	 44.546000 	 -65.862366 	 4.016573 	 297.647000 	 44.546000 	 -65.862366 	 109.126416 	 108.798054 	 299.843649
2:39:55.107 PM 7/13/2023 	 4.015136 	 297.647000 	 44.546000 	 -67.178809 	 4.031916 	 297.647000 	 44.546000 	 -67.178809 	 109.121234 	 108.798471 	 299.842785
2:40:05.607 PM 7/13/2023 	 4.006281 	 297.647000 	 44.546000 	 -65.596257 	 4.026199 	 297.647000 	 44.546000 	 -65.596257 	 109.116231 	 108.798113 	 299.841642
2:40:15.607 PM 7/13/2023 	 4.002732 	 297.647000 	 44.546000 	 -66.088497 	 4.020894 	 297.647000 	 44.546000 	 -66.088497 	 109.112478 	 108.797756 	 299.840474
2:40:26.108 PM 7/13/2023 	 4.012933 	 297.647000 	 44.546000 	 -66.565943 	 4.021063 	 297.647000 	 44.546000 	 -66.565943 	 109.107118 	 108.798471 	 299.839636
2:40:36.607 PM 7/13/2023 	 4.003295 	 297.647000 	 44.546000 	 -65.787769 	 4.021460 	 297.647000 	 44.546000 	 -65.787769 	 109.101817 	 108.798709 	 299.838772
2:40:46.607 PM 7/13/2023 	 4.004249 	 297.647000 	 44.546000 	 -65.551916 	 4.019107 	 297.647000 	 44.546000 	 -65.551916 	 109.097052 	 108.799245 	 299.837959
2:40:57.107 PM 7/13/2023 	 4.014299 	 297.647000 	 44.546000 	 -66.003397 	 4.016190 	 297.647000 	 44.546000 	 -66.003397 	 109.092288 	 108.798888 	 299.836766
2:41:07.108 PM 7/13/2023 	 4.004585 	 297.647000 	 44.546000 	 -66.159816 	 4.023492 	 297.647000 	 44.546000 	 -66.159816 	 109.087761 	 108.799543 	 299.836080
2:41:17.108 PM 7/13/2023 	 4.008333 	 297.647000 	 44.546000 	 -65.807391 	 4.019805 	 297.647000 	 44.546000 	 -65.807391 	 109.083890 	 108.799781 	 299.835064
2:41:27.607 PM 7/13/2023 	 4.004588 	 297.647000 	 44.546000 	 -65.948554 	 4.005854 	 297.647000 	 44.546000 	 -65.948554 	 109.079244 	 108.800138 	 299.834251
2:41:37.607 PM 7/13/2023 	 4.011091 	 297.647000 	 44.546000 	 -65.737056 	 4.020313 	 297.647000 	 44.546000 	 -65.737056 	 109.075909 	 108.800317 	 299.833362
2:41:48.107 PM 7/13/2023 	 4.006555 	 297.647000 	 44.546000 	 -65.931946 	 4.034301 	 297.647000 	 44.546000 	 -65.931946 	 109.072931 	 108.800079 	 299.832753
2:41:58.107 PM 7/13/2023 	 4.006042 	 297.647000 	 44.546000 	 -66.205614 	 4.023939 	 297.647000 	 44.546000 	 -66.205614 	 109.070131 	 108.800555 	 299.831788
2:42:08.108 PM 7/13/2023 	 4.004556 	 297.647000 	 44.546000 	 -66.436253 	 4.017717 	 297.647000 	 44.546000 	 -66.436253 	 109.068523 	 108.800675 	 299.830848
2:42:18.108 PM 7/13/2023 	 4.008388 	 297.647000 	 44.546000 	 -64.880833 	 4.021221 	 297.647000 	 44.546000 	 -64.880833 	 109.066319 	 108.800734 	 299.830036
2:42:28.608 PM 7/13/2023 	 4.013522 	 297.647000 	 44.546000 	 -65.441338 	 4.014117 	 297.647000 	 44.546000 	 -65.441338 	 109.063163 	 108.801151 	 299.829680
2:42:39.107 PM 7/13/2023 	 4.008557 	 297.647000 	 44.546000 	 -65.502128 	 4.024202 	 297.647000 	 44.546000 	 -65.502128 	 109.060721 	 108.801270 	 299.828791
2:42:49.607 PM 7/13/2023 	 4.015717 	 297.647000 	 44.546000 	 -65.494159 	 4.012873 	 297.647000 	 44.546000 	 -65.494159 	 109.057981 	 108.801628 	 299.828969
2:42:59.607 PM 7/13/2023 	 4.010566 	 297.647000 	 44.546000 	 -65.401501 	 4.019685 	 297.647000 	 44.546000 	 -65.401501 	 109.056373 	 108.802164 	 299.828233
2:43:09.608 PM 7/13/2023 	 4.012077 	 297.647000 	 44.546000 	 -65.008785 	 4.026383 	 297.647000 	 44.546000 	 -65.008785 	 109.054646 	 108.802164 	 299.827649
2:43:20.107 PM 7/13/2023 	 4.017316 	 297.647000 	 44.546000 	 -65.222332 	 4.022252 	 297.647000 	 44.546000 	 -65.222332 	 109.051787 	 108.803117 	 299.827090
2:43:30.108 PM 7/13/2023 	 4.011155 	 297.647000 	 44.546000 	 -65.241000 	 4.015492 	 297.647000 	 44.546000 	 -65.241000 	 109.049881 	 108.803355 	 299.827141
2:43:40.607 PM 7/13/2023 	 4.008458 	 297.647000 	 44.546000 	 -65.139919 	 4.011034 	 297.647000 	 44.546000 	 -65.139919 	 109.047975 	 108.803355 	 299.826125
2:43:50.607 PM 7/13/2023 	 4.008026 	 297.647000 	 44.546000 	 -65.406057 	 4.014284 	 297.647000 	 44.546000 	 -65.406057 	 109.046129 	 108.803712 	 299.825795
2:44:00.608 PM 7/13/2023 	 4.009354 	 297.647000 	 44.546000 	 -65.567471 	 4.014257 	 297.647000 	 44.546000 	 -65.567471 	 109.044759 	 108.804010 	 299.825465
2:44:10.608 PM 7/13/2023 	 4.007463 	 297.647000 	 44.546000 	 -65.830882 	 4.021840 	 297.647000 	 44.546000 	 -65.830882 	 109.043806 	 108.804844 	 299.824728
2:44:20.608 PM 7/13/2023 	 4.022880 	 297.647000 	 44.546000 	 -65.402413 	 4.018187 	 297.647000 	 44.546000 	 -65.402413 	 109.041781 	 108.804368 	 299.824475
2:44:31.108 PM 7/13/2023 	 4.010014 	 297.647000 	 44.546000 	 -66.031915 	 4.019796 	 297.647000 	 44.546000 	 -66.031915 	 109.040590 	 108.804665 	 299.824449
2:44:41.607 PM 7/13/2023 	 4.001722 	 297.647000 	 44.546000 	 -64.694843 	 4.014497 	 297.647000 	 44.546000 	 -64.694843 	 109.038564 	 108.805380 	 299.824373
2:44:51.608 PM 7/13/2023 	 4.000478 	 297.647000 	 44.546000 	 -65.701338 	 4.018514 	 297.647000 	 44.546000 	 -65.701338 	 109.037075 	 108.805619 	 299.824348
2:45:02.108 PM 7/13/2023 	 4.011937 	 297.647000 	 44.546000 	 -65.452271 	 4.021697 	 297.647000 	 44.546000 	 -65.452271 	 109.034991 	 108.805916 	 299.824297
2:45:12.608 PM 7/13/2023 	 4.003143 	 297.647000 	 44.546000 	 -65.704753 	 4.011434 	 297.647000 	 44.546000 	 -65.704753 	 109.033264 	 108.806155 	 299.824271
2:45:22.608 PM 7/13/2023 	 4.002224 	 297.647000 	 44.546000 	 -65.920356 	 4.005755 	 297.647000 	 44.546000 	 -65.920356 	 109.031536 	 108.806750 	 299.824601
2:45:33.109 PM 7/13/2023 	 4.009620 	 297.647000 	 44.546000 	 -65.593196 	 4.017463 	 297.647000 	 44.546000 	 -65.593196 	 109.030464 	 108.806810 	 299.824424
2:45:43.609 PM 7/13/2023 	 4.000298 	 297.647000 	 44.546000 	 -65.067293 	 4.020365 	 297.647000 	 44.546000 	 -65.067293 	 109.028975 	 108.807405 	 299.824475
2:45:54.108 PM 7/13/2023 	 4.007279 	 297.647000 	 44.546000 	 -65.862529 	 4.012281 	 297.647000 	 44.546000 	 -65.862529 	 109.027725 	 108.808061 	 299.824957
2:46:04.609 PM 7/13/2023 	 3.996926 	 297.647000 	 44.546000 	 -64.565080 	 4.027399 	 297.647000 	 44.546000 	 -64.565080 	 109.027189 	 108.808359 	 299.824932
2:46:14.609 PM 7/13/2023 	 4.002215 	 297.647000 	 44.546000 	 -65.209354 	 4.013197 	 297.647000 	 44.546000 	 -65.209354 	 109.026891 	 108.809014 	 299.824576
2:46:25.108 PM 7/13/2023 	 4.007022 	 297.647000 	 44.546000 	 -65.013339 	 4.019653 	 297.647000 	 44.546000 	 -65.013339 	 109.025997 	 108.809550 	 299.825211
2:46:35.109 PM 7/13/2023 	 4.006237 	 297.647000 	 44.546000 	 -65.948588 	 4.023805 	 297.647000 	 44.546000 	 -65.948588 	 109.025997 	 108.809788 	 299.824906
2:46:45.608 PM 7/13/2023 	 3.995741 	 297.647000 	 44.546000 	 -65.012883 	 4.014561 	 297.647000 	 44.546000 	 -65.012883 	 109.027010 	 108.810026 	 299.824754
2:46:55.609 PM 7/13/2023 	 4.009255 	 297.647000 	 44.546000 	 -65.166326 	 4.013332 	 297.647000 	 44.546000 	 -65.166326 	 109.026593 	 108.809192 	 299.824601
2:47:06.109 PM 7/13/2023 	 4.010685 	 297.647000 	 44.546000 	 -64.242950 	 4.009092 	 297.647000 	 44.546000 	 -64.242950 	 109.026176 	 108.809729 	 299.825109
2:47:16.609 PM 7/13/2023 	 4.011896 	 297.647000 	 44.546000 	 -64.861034 	 4.026503 	 297.647000 	 44.546000 	 -64.861034 	 109.025819 	 108.810562 	 299.825338
2:47:26.609 PM 7/13/2023 	 4.002811 	 297.647000 	 44.546000 	 -65.669466 	 4.009092 	 297.647000 	 44.546000 	 -65.669466 	 109.025580 	 108.811337 	 299.825059
2:47:37.110 PM 7/13/2023 	 4.015046 	 297.647000 	 44.546000 	 -64.774297 	 4.022234 	 297.647000 	 44.546000 	 -64.774297 	 109.025878 	 108.811515 	 299.825871
2:47:47.609 PM 7/13/2023 	 4.007311 	 297.647000 	 44.546000 	 -64.560300 	 4.021636 	 297.647000 	 44.546000 	 -64.560300 	 109.026891 	 108.811813 	 299.825973
2:47:58.110 PM 7/13/2023 	 4.010160 	 297.647000 	 44.546000 	 -65.460241 	 4.017040 	 297.647000 	 44.546000 	 -65.460241 	 109.026593 	 108.812052 	 299.826455
2:48:08.610 PM 7/13/2023 	 4.004101 	 297.647000 	 44.546000 	 -65.146521 	 4.021425 	 297.647000 	 44.546000 	 -65.146521 	 109.028141 	 108.812766 	 299.826912
2:48:18.610 PM 7/13/2023 	 4.013983 	 297.647000 	 44.546000 	 -65.894858 	 4.016777 	 297.647000 	 44.546000 	 -65.894858 	 109.028320 	 108.813422 	 299.827039
2:48:29.109 PM 7/13/2023 	 4.014077 	 297.647000 	 44.546000 	 -64.879702 	 4.012792 	 297.647000 	 44.546000 	 -64.879702 	 109.028380 	 108.813898 	 299.827725
2:48:39.110 PM 7/13/2023 	 4.003321 	 297.647000 	 44.546000 	 -64.894271 	 4.010897 	 297.647000 	 44.546000 	 -64.894271 	 109.029094 	 108.814136 	 299.828334
2:48:49.609 PM 7/13/2023 	 4.008412 	 297.647000 	 44.546000 	 -64.795009 	 4.018333 	 297.647000 	 44.546000 	 -64.795009 	 109.028856 	 108.815030 	 299.829147
2:48:59.609 PM 7/13/2023 	 4.006926 	 297.647000 	 44.546000 	 -65.428362 	 4.020783 	 297.647000 	 44.546000 	 -65.428362 	 109.029750 	 108.814732 	 299.829502
2:49:09.609 PM 7/13/2023 	 4.006237 	 297.647000 	 44.546000 	 -64.537753 	 4.016514 	 297.647000 	 44.546000 	 -64.537753 	 109.030703 	 108.815209 	 299.830213
2:49:20.110 PM 7/13/2023 	 4.018105 	 297.647000 	 44.546000 	 -64.435762 	 4.009878 	 297.647000 	 44.546000 	 -64.435762 	 109.030822 	 108.815506 	 299.830620
2:49:30.610 PM 7/13/2023 	 4.005204 	 297.647000 	 44.546000 	 -65.042919 	 4.009270 	 297.647000 	 44.546000 	 -65.042919 	 109.031417 	 108.815983 	 299.831559
2:49:41.110 PM 7/13/2023 	 4.014112 	 297.647000 	 44.546000 	 -65.049517 	 4.002964 	 297.647000 	 44.546000 	 -65.049517 	 109.031894 	 108.815804 	 299.832346
2:49:51.110 PM 7/13/2023 	 4.020763 	 297.647000 	 44.546000 	 -63.918294 	 4.019148 	 297.647000 	 44.546000 	 -63.918294 	 109.033204 	 108.816340 	 299.833286
2:50:01.110 PM 7/13/2023 	 4.004976 	 297.647000 	 44.546000 	 -65.212052 	 4.019761 	 297.647000 	 44.546000 	 -65.212052 	 109.033919 	 108.816340 	 299.834327
2:50:11.110 PM 7/13/2023 	 4.012898 	 297.647000 	 44.546000 	 -64.827528 	 4.023612 	 297.647000 	 44.546000 	 -64.827528 	 109.034157 	 108.816698 	 299.834962
2:50:21.610 PM 7/13/2023 	 4.005297 	 297.647000 	 44.546000 	 -64.456435 	 4.013594 	 297.647000 	 44.546000 	 -64.456435 	 109.033859 	 108.816757 	 299.836232
2:50:31.611 PM 7/13/2023 	 4.013738 	 297.647000 	 44.546000 	 -64.150006 	 4.023005 	 297.647000 	 44.546000 	 -64.150006 	 109.034097 	 108.816817 	 299.836994
2:50:42.110 PM 7/13/2023 	 4.017795 	 297.647000 	 44.546000 	 -63.841753 	 4.025031 	 297.647000 	 44.546000 	 -63.841753 	 109.034157 	 108.816996 	 299.838264
2:50:52.110 PM 7/13/2023 	 4.020886 	 297.647000 	 44.546000 	 -64.580693 	 4.023577 	 297.647000 	 44.546000 	 -64.580693 	 109.033919 	 108.817055 	 299.839534
2:51:02.110 PM 7/13/2023 	 4.009728 	 297.647000 	 44.546000 	 -65.234981 	 4.019113 	 297.647000 	 44.546000 	 -65.234981 	 109.034455 	 108.816817 	 299.839890
2:51:12.610 PM 7/13/2023 	 4.018029 	 297.647000 	 44.546000 	 -65.154823 	 4.023799 	 297.647000 	 44.546000 	 -65.154823 	 109.034634 	 108.816400 	 299.841210
2:51:22.610 PM 7/13/2023 	 4.016736 	 297.647000 	 44.546000 	 -64.586798 	 4.027910 	 297.647000 	 44.546000 	 -64.586798 	 109.034812 	 108.815685 	 299.842201
2:51:32.611 PM 7/13/2023 	 4.021286 	 297.647000 	 44.546000 	 -64.669640 	 4.015411 	 297.647000 	 44.546000 	 -64.669640 	 109.034693 	 108.816102 	 299.843623
2:51:43.111 PM 7/13/2023 	 4.000584 	 297.647000 	 44.546000 	 -64.059737 	 4.023414 	 297.647000 	 44.546000 	 -64.059737 	 109.034514 	 108.816102 	 299.844614
2:51:53.611 PM 7/13/2023 	 3.997630 	 297.647000 	 44.546000 	 -64.711482 	 4.012654 	 297.647000 	 44.546000 	 -64.711482 	 109.034455 	 108.815685 	 299.845961
2:52:04.110 PM 7/13/2023 	 4.006082 	 297.647000 	 44.546000 	 -64.448068 	 4.024065 	 297.647000 	 44.546000 	 -64.448068 	 109.035229 	 108.815149 	 299.846697
2:52:14.110 PM 7/13/2023 	 4.000951 	 297.647000 	 44.546000 	 -63.981803 	 4.022473 	 297.647000 	 44.546000 	 -63.981803 	 109.035527 	 108.814970 	 299.848221
2:52:24.111 PM 7/13/2023 	 4.006187 	 297.647000 	 44.546000 	 -64.336460 	 4.018091 	 297.647000 	 44.546000 	 -64.336460 	 109.035289 	 108.815089 	 299.849187
2:52:34.111 PM 7/13/2023 	 4.010119 	 297.647000 	 44.546000 	 -64.862539 	 4.025770 	 297.647000 	 44.546000 	 -64.862539 	 109.036123 	 108.814375 	 299.850533
2:52:44.611 PM 7/13/2023 	 4.004760 	 297.647000 	 44.546000 	 -64.601841 	 4.024675 	 297.647000 	 44.546000 	 -64.601841 	 109.036003 	 108.815089 	 299.851677
