Timestamp                   	PTD1 (MPa)	PTD2 (MPa)	RTD0_PVtop (K)	RTD1_room (K)	TC0_bath (K)	TC1_PVtop (K)	TC2_PTD2 (K)	TC3_PVside (K)
1:43:43.011 PM 7/14/2023 	 1.370638 	 1.848057 	 295.832417 	 295.608624 	 296.410040 	 295.784107 	 295.788813 	 295.691393
1:53:47.078 PM 7/14/2023 	 2.297809 	 1.964955 	 295.846516 	 295.637595 	 296.362015 	 295.858838 	 295.820725 	 295.740254
1:53:57.078 PM 7/14/2023 	 1.228531 	 2.103276 	 295.848508 	 295.638974 	 296.365113 	 295.888757 	 295.811592 	 295.724060
1:54:07.578 PM 7/14/2023 	 1.284183 	 1.883935 	 295.850501 	 295.640200 	 296.363341 	 295.930736 	 295.828640 	 295.745347
1:54:18.078 PM 7/14/2023 	 1.810260 	 2.643345 	 295.852033 	 295.640507 	 296.375261 	 295.905031 	 295.812340 	 295.802929
1:54:28.577 PM 7/14/2023 	 2.161898 	 1.933677 	 295.854025 	 295.641120 	 296.380824 	 295.878607 	 295.824968 	 295.753440
1:54:38.578 PM 7/14/2023 	 1.761340 	 2.089334 	 295.857397 	 295.640660 	 296.367520 	 295.891166 	 295.810237 	 295.706703
1:54:49.078 PM 7/14/2023 	 1.993146 	 2.434755 	 295.858929 	 295.643113 	 296.377307 	 295.826153 	 295.821448 	 295.724976
1:54:59.078 PM 7/14/2023 	 0.718866 	 2.323513 	 295.859082 	 295.643726 	 296.372765 	 295.819252 	 295.824428 	 295.703953
1:55:09.578 PM 7/14/2023 	 1.436468 	 1.471656 	 295.859849 	 295.645259 	 296.390459 	 295.679783 	 295.815322 	 295.717908
1:55:19.578 PM 7/14/2023 	 0.888896 	 1.692987 	 295.859542 	 295.645412 	 296.378196 	 295.773398 	 295.830336 	 295.698567
1:55:29.578 PM 7/14/2023 	 0.841213 	 1.854324 	 295.860308 	 295.647405 	 296.371118 	 295.763958 	 295.849601 	 295.734309
1:55:39.578 PM 7/14/2023 	 1.441489 	 1.790538 	 295.860615 	 295.648018 	 296.383970 	 295.827647 	 295.827647 	 295.719410
1:55:50.078 PM 7/14/2023 	 1.307703 	 2.113528 	 295.860462 	 295.649704 	 296.390644 	 295.879028 	 295.834800 	 295.800450
1:56:00.578 PM 7/14/2023 	 0.943867 	 1.853314 	 295.861228 	 295.650011 	 296.381023 	 295.936203 	 295.843048 	 295.812463
1:56:11.078 PM 7/14/2023 	 0.818643 	 1.112329 	 295.863373 	 295.651390 	 296.382625 	 296.032354 	 295.827242 	 295.843240
1:56:21.078 PM 7/14/2023 	 1.472323 	 1.882867 	 295.864753 	 295.650777 	 296.380943 	 295.985045 	 295.825558 	 295.820382
1:56:31.578 PM 7/14/2023 	 1.569236 	 2.423213 	 295.864293 	 295.653689 	 296.380186 	 295.884555 	 295.829505 	 295.728328
1:56:41.579 PM 7/14/2023 	 1.586581 	 1.502553 	 295.865979 	 295.654456 	 296.370300 	 295.846428 	 295.842664 	 295.717017
1:56:52.078 PM 7/14/2023 	 1.970745 	 0.520156 	 295.866438 	 295.655376 	 296.375704 	 295.776550 	 295.841957 	 295.710191
1:57:02.579 PM 7/14/2023 	 1.858212 	 2.525616 	 295.865059 	 295.655376 	 296.378074 	 295.808098 	 295.833978 	 295.713506
1:57:13.078 PM 7/14/2023 	 1.130223 	 1.990509 	 295.864446 	 295.657215 	 296.369557 	 295.753924 	 295.840039 	 295.677678
1:57:23.078 PM 7/14/2023 	 0.585549 	 2.235640 	 295.863527 	 295.658901 	 296.385190 	 295.793107 	 295.831692 	 295.674036
1:57:33.578 PM 7/14/2023 	 1.680085 	 2.203462 	 295.864446 	 295.658441 	 296.383305 	 295.778514 	 295.839686 	 295.666970
1:57:43.579 PM 7/14/2023 	 0.708045 	 2.295303 	 295.862607 	 295.659974 	 296.396690 	 295.873318 	 295.834266 	 295.749562
1:57:54.079 PM 7/14/2023 	 1.878257 	 1.914449 	 295.863220 	 295.659208 	 296.385585 	 295.889960 	 295.820324 	 295.827382
1:58:04.579 PM 7/14/2023 	 1.573796 	 2.607378 	 295.863527 	 295.660587 	 296.379548 	 295.750750 	 295.842512 	 295.719689
1:58:15.079 PM 7/14/2023 	 1.463078 	 2.318954 	 295.862914 	 295.661047 	 296.398282 	 295.736096 	 295.840094 	 295.685735
1:58:25.578 PM 7/14/2023 	 1.001813 	 2.060186 	 295.860768 	 295.661660 	 296.403172 	 295.734404 	 295.828051 	 295.676041
1:58:35.579 PM 7/14/2023 	 1.421346 	 1.694058 	 295.860308 	 295.662887 	 296.412583 	 295.753711 	 295.847354 	 295.690174
1:58:46.079 PM 7/14/2023 	 1.928050 	 2.768824 	 295.859389 	 295.663653 	 296.390991 	 295.932067 	 295.813032 	 295.815855
1:58:56.079 PM 7/14/2023 	 0.565806 	 1.629478 	 295.860921 	 295.664573 	 296.384321 	 295.845879 	 295.824705 	 295.788001
1:59:06.579 PM 7/14/2023 	 1.519269 	 1.958329 	 295.862301 	 295.665492 	 296.385631 	 295.843897 	 295.825075 	 295.758724
1:59:16.579 PM 7/14/2023 	 1.560139 	 1.854668 	 295.861075 	 295.665799 	 296.387068 	 295.796399 	 295.841101 	 295.716865
1:59:26.579 PM 7/14/2023 	 1.547357 	 1.768067 	 295.861381 	 295.665952 	 296.403963 	 295.921060 	 295.836842 	 295.696132
1:59:37.079 PM 7/14/2023 	 1.498695 	 2.095926 	 295.860615 	 295.666259 	 296.376032 	 296.032341 	 295.850285 	 295.815466
1:59:47.079 PM 7/14/2023 	 0.792705 	 1.686109 	 295.862147 	 295.667025 	 296.392412 	 295.925963 	 295.834688 	 295.866213
1:59:57.079 PM 7/14/2023 	 1.048287 	 1.293119 	 295.863680 	 295.668098 	 296.406754 	 295.964310 	 295.840577 	 295.776110
2:00:07.580 PM 7/14/2023 	 1.664814 	 2.257185 	 295.866438 	 295.668711 	 296.391375 	 295.957384 	 295.821415 	 295.813886
2:00:18.079 PM 7/14/2023 	 1.053408 	 1.739803 	 295.866438 	 295.668252 	 296.375933 	 295.898647 	 295.837011 	 295.738189
2:00:28.080 PM 7/14/2023 	 1.350825 	 2.632509 	 295.867205 	 295.669325 	 296.364788 	 295.752913 	 295.819736 	 295.726087
2:00:38.579 PM 7/14/2023 	 0.954965 	 2.609258 	 295.866898 	 295.670704 	 296.380657 	 295.749979 	 295.851151 	 295.695384
2:00:48.580 PM 7/14/2023 	 0.589278 	 2.451721 	 295.866745 	 295.671164 	 296.385237 	 295.751270 	 295.851501 	 295.714090
2:00:59.080 PM 7/14/2023 	 0.796354 	 2.127291 	 295.867664 	 295.671471 	 296.395517 	 295.930482 	 295.835915 	 295.804388
2:01:09.580 PM 7/14/2023 	 0.473006 	 2.387466 	 295.869503 	 295.672237 	 296.396045 	 296.001101 	 295.871261 	 295.795976
2:01:19.580 PM 7/14/2023 	 2.011819 	 1.909127 	 295.870423 	 295.672544 	 296.392890 	 296.012054 	 295.841754 	 295.814462
2:01:30.080 PM 7/14/2023 	 0.459247 	 1.085532 	 295.870576 	 295.672850 	 296.404227 	 295.945317 	 295.852163 	 295.782522
2:01:40.580 PM 7/14/2023 	 1.073701 	 1.704453 	 295.871189 	 295.673617 	 296.396423 	 295.921510 	 295.837292 	 295.745059
2:01:51.080 PM 7/14/2023 	 1.573857 	 2.199133 	 295.873028 	 295.675916 	 296.385876 	 295.881312 	 295.852141 	 295.692138
2:02:01.080 PM 7/14/2023 	 1.346134 	 1.557803 	 295.872415 	 295.676529 	 296.386801 	 295.839893 	 295.846480 	 295.678474
2:02:11.580 PM 7/14/2023 	 0.684350 	 2.016922 	 295.872568 	 295.675456 	 296.384979 	 295.976385 	 295.831952 	 295.707714
2:02:21.580 PM 7/14/2023 	 0.798588 	 1.344142 	 295.876399 	 295.676529 	 296.383883 	 296.230642 	 295.832736 	 295.776268
2:02:32.080 PM 7/14/2023 	 0.347325 	 1.875236 	 295.879924 	 295.677295 	 296.381722 	 296.155133 	 295.838102 	 295.802810
2:02:42.081 PM 7/14/2023 	 0.849951 	 2.279438 	 296.204675 	 295.678828 	 296.391603 	 296.073790 	 295.839995 	 295.730349
2:02:52.580 PM 7/14/2023 	 1.709141 	 2.090489 	 296.826833 	 295.678522 	 296.402372 	 296.477561 	 295.847483 	 295.910999
2:03:02.580 PM 7/14/2023 	 1.746919 	 0.849736 	 296.924789 	 295.681128 	 296.398496 	 296.173795 	 295.869480 	 295.924525
2:03:12.581 PM 7/14/2023 	 1.329974 	 1.867564 	 296.921876 	 295.682507 	 296.398317 	 296.050880 	 295.836836 	 296.209350
2:03:23.081 PM 7/14/2023 	 0.990410 	 2.231901 	 296.896889 	 295.683580 	 296.373102 	 296.049633 	 295.855350 	 296.230671
2:03:33.081 PM 7/14/2023 	 1.006577 	 1.235245 	 296.870982 	 295.684807 	 296.387479 	 296.039092 	 295.851863 	 296.021690
2:03:43.581 PM 7/14/2023 	 1.570253 	 2.281922 	 296.837717 	 295.686646 	 296.384506 	 296.015892 	 295.850769 	 295.939218
2:03:54.081 PM 7/14/2023 	 1.737208 	 2.340249 	 296.810124 	 295.687719 	 296.386167 	 296.018025 	 295.848668 	 296.014262
2:04:04.081 PM 7/14/2023 	 0.700341 	 1.262411 	 296.787130 	 295.686799 	 296.402438 	 296.026783 	 295.843784 	 296.031487
2:04:14.580 PM 7/14/2023 	 1.303857 	 1.466862 	 296.758312 	 295.688792 	 296.402383 	 296.001800 	 295.836672 	 295.901601
2:04:24.581 PM 7/14/2023 	 0.398424 	 1.089876 	 296.730566 	 295.690172 	 296.403246 	 296.017715 	 295.841300 	 295.951391
2:04:34.581 PM 7/14/2023 	 1.029881 	 2.758312 	 296.713398 	 295.691551 	 296.404846 	 296.035778 	 295.848078 	 296.149115
2:04:45.081 PM 7/14/2023 	 0.487035 	 1.565991 	 296.694544 	 295.692164 	 296.395089 	 296.035421 	 295.844426 	 296.205181
2:04:55.081 PM 7/14/2023 	 1.263976 	 1.373039 	 296.680594 	 295.694617 	 296.372377 	 296.024450 	 295.858389 	 296.266615
2:05:05.081 PM 7/14/2023 	 1.212596 	 1.011527 	 296.667718 	 295.695077 	 296.393577 	 296.048958 	 295.859381 	 296.250683
2:05:15.081 PM 7/14/2023 	 1.280670 	 0.892022 	 296.655609 	 295.696763 	 296.376669 	 296.044736 	 295.858921 	 296.265737
2:05:25.581 PM 7/14/2023 	 1.068945 	 2.648054 	 296.645645 	 295.698756 	 296.400004 	 296.046924 	 295.856875 	 296.204456
2:05:35.581 PM 7/14/2023 	 1.695285 	 1.733295 	 296.634762 	 295.698909 	 296.381281 	 296.028187 	 295.847541 	 296.105317
2:05:46.082 PM 7/14/2023 	 1.129233 	 2.344690 	 296.619280 	 295.699829 	 296.409771 	 296.032712 	 295.869477 	 295.967801
2:05:56.581 PM 7/14/2023 	 1.474325 	 1.476828 	 296.604565 	 295.699216 	 296.384761 	 296.028377 	 295.866552 	 296.373011
2:06:06.582 PM 7/14/2023 	 1.880899 	 2.097206 	 296.596901 	 295.703354 	 296.396740 	 296.066702 	 295.855960 	 296.497304
2:06:17.081 PM 7/14/2023 	 0.364205 	 1.599202 	 296.588930 	 295.704734 	 296.396397 	 296.037670 	 295.871614 	 296.478166
2:06:27.081 PM 7/14/2023 	 1.337616 	 2.100659 	 296.579274 	 295.705347 	 296.404401 	 296.039566 	 295.850456 	 296.481940
2:06:37.082 PM 7/14/2023 	 0.440535 	 1.287964 	 296.571456 	 295.708413 	 296.404656 	 296.032766 	 295.873766 	 296.487363
2:06:47.581 PM 7/14/2023 	 1.453295 	 1.583232 	 296.567164 	 295.709333 	 296.403414 	 296.050807 	 295.874404 	 296.552370
2:06:57.581 PM 7/14/2023 	 0.917609 	 2.367838 	 296.561493 	 295.711325 	 296.390586 	 296.058663 	 295.869560 	 296.444631
2:07:07.583 PM 7/14/2023 	 0.167730 	 1.746837 	 296.555362 	 295.712092 	 296.383118 	 296.055893 	 295.878080 	 296.428704
2:07:18.082 PM 7/14/2023 	 0.921266 	 1.411806 	 296.549077 	 295.712858 	 296.402733 	 296.081165 	 295.866664 	 296.484500
2:07:28.082 PM 7/14/2023 	 0.799130 	 2.297085 	 296.546472 	 295.714544 	 296.380265 	 296.097716 	 295.871931 	 296.480832
2:07:38.082 PM 7/14/2023 	 2.675756 	 1.602041 	 296.546012 	 295.715004 	 296.401479 	 296.083673 	 295.867292 	 296.502512
2:07:48.582 PM 7/14/2023 	 1.447583 	 0.876758 	 296.542640 	 295.716230 	 296.380207 	 296.056272 	 295.861051 	 296.527291
2:07:59.082 PM 7/14/2023 	 0.978853 	 1.756357 	 296.539880 	 295.716230 	 296.389916 	 296.073983 	 295.865125 	 296.524781
2:08:09.082 PM 7/14/2023 	 2.038232 	 2.591503 	 296.536048 	 295.719756 	 296.410026 	 296.081409 	 295.894197 	 296.518575
2:08:19.582 PM 7/14/2023 	 0.997924 	 1.578730 	 296.533903 	 295.719450 	 296.390849 	 296.097020 	 295.875940 	 296.501281
2:08:29.582 PM 7/14/2023 	 1.569077 	 1.227609 	 296.533136 	 295.720063 	 296.385912 	 296.095372 	 295.867704 	 296.413641
2:08:39.582 PM 7/14/2023 	 1.190290 	 1.775350 	 296.531450 	 295.721136 	 296.397931 	 296.077771 	 295.894322 	 296.129500
2:08:50.082 PM 7/14/2023 	 0.934377 	 2.809312 	 296.524706 	 295.723742 	 296.411018 	 296.082401 	 295.882957 	 296.025493
2:09:00.582 PM 7/14/2023 	 1.492906 	 2.463439 	 296.521334 	 295.724661 	 296.374112 	 296.128240 	 295.882239 	 296.291855
2:09:10.583 PM 7/14/2023 	 1.264604 	 1.066380 	 296.525012 	 295.724661 	 296.392190 	 296.114821 	 295.902218 	 296.213565
2:09:21.082 PM 7/14/2023 	 0.890131 	 2.836810 	 296.523939 	 295.725275 	 296.388015 	 296.105471 	 295.900862 	 296.104530
2:09:31.582 PM 7/14/2023 	 1.209540 	 1.457088 	 296.519801 	 295.726041 	 296.390865 	 296.097506 	 295.884895 	 295.986038
2:09:42.082 PM 7/14/2023 	 0.864100 	 2.531406 	 296.514896 	 295.726654 	 296.381116 	 296.081637 	 295.899600 	 295.926887
2:09:52.082 PM 7/14/2023 	 0.871740 	 1.787673 	 296.508765 	 295.727727 	 296.387051 	 296.089457 	 295.898485 	 295.890016
2:10:02.083 PM 7/14/2023 	 1.348422 	 1.570441 	 296.501407 	 295.731406 	 296.388669 	 296.080260 	 295.902927 	 295.863877
