Timestamp                 	PTD1 raw (mA)	PTD1 T0 (K)	PTD1 aT (PSI/K)	PTD1 adj (PSI)	PTD2 raw (mA)	PTD2 T0 (K)	PTD2 aT (PSI/K)	PTD2 adj (PSI)	RTD0 raw R (Ohm)	RTD1 raw R (Ohm)
5:41:37.900 PM 10/14/2022 	 10.833287 	 297.647000 	 44.546000 	 -72.155290 	 10.841506 	 297.647000 	 44.546000 	 -72.155290 	 103.101742 	 109.089567
5:41:42.900 PM 10/14/2022 	 10.830233 	 297.647000 	 44.546000 	 -72.473206 	 10.843334 	 297.647000 	 44.546000 	 -72.473206 	 103.102159 	 109.089210
5:41:47.901 PM 10/14/2022 	 10.822323 	 297.647000 	 44.546000 	 -72.151301 	 10.855675 	 297.647000 	 44.546000 	 -72.151301 	 103.101683 	 109.089269
5:41:52.901 PM 10/14/2022 	 10.832749 	 297.647000 	 44.546000 	 -71.787143 	 10.842452 	 297.647000 	 44.546000 	 -71.787143 	 103.101683 	 109.088793
5:41:57.900 PM 10/14/2022 	 10.819522 	 297.647000 	 44.546000 	 -72.214658 	 10.843869 	 297.647000 	 44.546000 	 -72.214658 	 103.101742 	 109.088435
5:42:02.900 PM 10/14/2022 	 10.821520 	 297.647000 	 44.546000 	 -72.290842 	 10.854590 	 297.647000 	 44.546000 	 -72.290842 	 103.101683 	 109.088673
5:42:07.900 PM 10/14/2022 	 10.825471 	 297.647000 	 44.546000 	 -71.095044 	 10.842679 	 297.647000 	 44.546000 	 -71.095044 	 103.101683 	 109.088137
5:42:12.900 PM 10/14/2022 	 10.824170 	 297.647000 	 44.546000 	 -73.294639 	 10.846296 	 297.647000 	 44.546000 	 -73.294639 	 103.101563 	 109.087601
5:42:17.900 PM 10/14/2022 	 10.828534 	 297.647000 	 44.546000 	 -71.874373 	 10.845307 	 297.647000 	 44.546000 	 -71.874373 	 103.101504 	 109.087840
5:42:22.900 PM 10/14/2022 	 10.832287 	 297.647000 	 44.546000 	 -70.995280 	 10.845051 	 297.647000 	 44.546000 	 -70.995280 	 103.101444 	 109.087363
5:42:27.900 PM 10/14/2022 	 10.827606 	 297.647000 	 44.546000 	 -72.576334 	 10.848863 	 297.647000 	 44.546000 	 -72.576334 	 103.101325 	 109.087006
5:42:32.901 PM 10/14/2022 	 10.828025 	 297.647000 	 44.546000 	 -70.639619 	 10.849197 	 297.647000 	 44.546000 	 -70.639619 	 103.101563 	 109.086708
5:42:37.900 PM 10/14/2022 	 10.821337 	 297.647000 	 44.546000 	 -73.478655 	 10.839495 	 297.647000 	 44.546000 	 -73.478655 	 103.101683 	 109.086648
5:42:42.901 PM 10/14/2022 	 10.825206 	 297.647000 	 44.546000 	 -72.618380 	 10.850306 	 297.647000 	 44.546000 	 -72.618380 	 103.101325 	 109.086648
5:42:47.901 PM 10/14/2022 	 10.822314 	 297.647000 	 44.546000 	 -70.822613 	 10.852716 	 297.647000 	 44.546000 	 -70.822613 	 103.101385 	 109.086589
5:42:52.900 PM 10/14/2022 	 10.826329 	 297.647000 	 44.546000 	 -71.301343 	 10.847542 	 297.647000 	 44.546000 	 -71.301343 	 103.101861 	 109.086053
5:42:57.900 PM 10/14/2022 	 10.837072 	 297.647000 	 44.546000 	 -71.213905 	 10.839682 	 297.647000 	 44.546000 	 -71.213905 	 103.101623 	 109.085517
5:43:02.900 PM 10/14/2022 	 10.832182 	 297.647000 	 44.546000 	 -71.526603 	 10.833745 	 297.647000 	 44.546000 	 -71.526603 	 103.101980 	 109.084802
5:43:07.900 PM 10/14/2022 	 10.811877 	 297.647000 	 44.546000 	 -73.172620 	 10.840622 	 297.647000 	 44.546000 	 -73.172620 	 103.101087 	 109.085457
5:43:12.900 PM 10/14/2022 	 10.833177 	 297.647000 	 44.546000 	 -71.029119 	 10.845184 	 297.647000 	 44.546000 	 -71.029119 	 103.101087 	 109.084921
5:43:17.900 PM 10/14/2022 	 10.831664 	 297.647000 	 44.546000 	 -72.761329 	 10.849599 	 297.647000 	 44.546000 	 -72.761329 	 103.101325 	 109.084444
5:43:22.650 PM 10/14/2022 	 10.820947 	 297.647000 	 44.546000 	 -72.109030 	 10.858224 	 297.647000 	 44.546000 	 -72.109030 	 103.101325 	 109.084444
5:43:27.650 PM 10/14/2022 	 10.830480 	 297.647000 	 44.546000 	 -72.033343 	 10.846264 	 297.647000 	 44.546000 	 -72.033343 	 103.101742 	 109.084385
5:43:32.650 PM 10/14/2022 	 10.827254 	 297.647000 	 44.546000 	 -73.525456 	 10.852759 	 297.647000 	 44.546000 	 -73.525456 	 103.101683 	 109.084266
5:43:37.651 PM 10/14/2022 	 10.821532 	 297.647000 	 44.546000 	 -72.898931 	 10.847920 	 297.647000 	 44.546000 	 -72.898931 	 103.101444 	 109.084266
5:43:42.650 PM 10/14/2022 	 10.826986 	 297.647000 	 44.546000 	 -71.635396 	 10.840962 	 297.647000 	 44.546000 	 -71.635396 	 103.101623 	 109.083789
5:43:47.650 PM 10/14/2022 	 10.835172 	 297.647000 	 44.546000 	 -71.705157 	 10.836865 	 297.647000 	 44.546000 	 -71.705157 	 103.101147 	 109.083610
5:43:52.651 PM 10/14/2022 	 10.824194 	 297.647000 	 44.546000 	 -71.657688 	 10.837880 	 297.647000 	 44.546000 	 -71.657688 	 103.101325 	 109.083610
5:43:57.650 PM 10/14/2022 	 10.823405 	 297.647000 	 44.546000 	 -71.604162 	 10.845347 	 297.647000 	 44.546000 	 -71.604162 	 103.101385 	 109.083491
5:44:02.650 PM 10/14/2022 	 10.828167 	 297.647000 	 44.546000 	 -71.399495 	 10.847932 	 297.647000 	 44.546000 	 -71.399495 	 103.101206 	 109.083670
5:44:07.650 PM 10/14/2022 	 10.833270 	 297.647000 	 44.546000 	 -71.862123 	 10.847379 	 297.647000 	 44.546000 	 -71.862123 	 103.101623 	 109.083610
5:44:12.650 PM 10/14/2022 	 10.827286 	 297.647000 	 44.546000 	 -70.831526 	 10.848301 	 297.647000 	 44.546000 	 -70.831526 	 103.101206 	 109.083491
5:44:42.501 PM 10/14/2022 	 10.831478 	 297.647000 	 44.546000 	 -72.476394 	 10.844844 	 297.647000 	 44.546000 	 -72.476394 	 103.101683 	 109.083372
5:44:47.251 PM 10/14/2022 	 10.822867 	 297.647000 	 44.546000 	 -72.201232 	 10.839024 	 297.647000 	 44.546000 	 -72.201232 	 103.101444 	 109.083313
5:44:52.001 PM 10/14/2022 	 10.838509 	 297.647000 	 44.546000 	 -71.491300 	 10.852692 	 297.647000 	 44.546000 	 -71.491300 	 103.101563 	 109.083253
5:44:57.002 PM 10/14/2022 	 10.835457 	 297.647000 	 44.546000 	 -72.229450 	 10.839906 	 297.647000 	 44.546000 	 -72.229450 	 103.101444 	 109.083730
5:45:02.001 PM 10/14/2022 	 10.824970 	 297.647000 	 44.546000 	 -71.893010 	 10.842487 	 297.647000 	 44.546000 	 -71.893010 	 103.101444 	 109.083610
5:45:07.001 PM 10/14/2022 	 10.824540 	 297.647000 	 44.546000 	 -72.709776 	 10.842854 	 297.647000 	 44.546000 	 -72.709776 	 103.100789 	 109.084087
5:45:12.002 PM 10/14/2022 	 10.821215 	 297.647000 	 44.546000 	 -72.716678 	 10.852384 	 297.647000 	 44.546000 	 -72.716678 	 103.101147 	 109.083908
5:45:16.751 PM 10/14/2022 	 10.826725 	 297.647000 	 44.546000 	 -72.383864 	 10.842402 	 297.647000 	 44.546000 	 -72.383864 	 103.101504 	 109.083908
5:45:21.751 PM 10/14/2022 	 10.826367 	 297.647000 	 44.546000 	 -71.434622 	 10.847242 	 297.647000 	 44.546000 	 -71.434622 	 103.101385 	 109.084385
5:45:26.752 PM 10/14/2022 	 10.827778 	 297.647000 	 44.546000 	 -71.749738 	 10.853047 	 297.647000 	 44.546000 	 -71.749738 	 103.100968 	 109.084206
5:45:31.751 PM 10/14/2022 	 10.831969 	 297.647000 	 44.546000 	 -72.469366 	 10.852593 	 297.647000 	 44.546000 	 -72.469366 	 103.101266 	 109.084087
5:45:36.751 PM 10/14/2022 	 10.829197 	 297.647000 	 44.546000 	 -71.629720 	 10.854168 	 297.647000 	 44.546000 	 -71.629720 	 103.101504 	 109.083849
5:45:41.751 PM 10/14/2022 	 10.826640 	 297.647000 	 44.546000 	 -71.877140 	 10.842490 	 297.647000 	 44.546000 	 -71.877140 	 103.101266 	 109.084325
5:45:46.751 PM 10/14/2022 	 10.812113 	 297.647000 	 44.546000 	 -73.208031 	 10.838989 	 297.647000 	 44.546000 	 -73.208031 	 103.101087 	 109.083968
5:45:51.751 PM 10/14/2022 	 10.822841 	 297.647000 	 44.546000 	 -72.805931 	 10.846506 	 297.647000 	 44.546000 	 -72.805931 	 103.101266 	 109.084206
5:45:56.752 PM 10/14/2022 	 10.834905 	 297.647000 	 44.546000 	 -72.538029 	 10.836996 	 297.647000 	 44.546000 	 -72.538029 	 103.101385 	 109.083908
5:46:01.751 PM 10/14/2022 	 10.828697 	 297.647000 	 44.546000 	 -71.283353 	 10.848554 	 297.647000 	 44.546000 	 -71.283353 	 103.101206 	 109.083670
5:46:06.751 PM 10/14/2022 	 10.818454 	 297.647000 	 44.546000 	 -72.735922 	 10.844853 	 297.647000 	 44.546000 	 -72.735922 	 103.101504 	 109.084027
5:46:11.751 PM 10/14/2022 	 10.823496 	 297.647000 	 44.546000 	 -72.412795 	 10.846183 	 297.647000 	 44.546000 	 -72.412795 	 103.101206 	 109.084087
5:46:16.501 PM 10/14/2022 	 10.840417 	 297.647000 	 44.546000 	 -72.171058 	 10.842239 	 297.647000 	 44.546000 	 -72.171058 	 103.101444 	 109.084504
5:46:21.501 PM 10/14/2022 	 10.826902 	 297.647000 	 44.546000 	 -72.136054 	 10.836757 	 297.647000 	 44.546000 	 -72.136054 	 103.101325 	 109.084385
5:46:26.501 PM 10/14/2022 	 10.834963 	 297.647000 	 44.546000 	 -72.225916 	 10.843476 	 297.647000 	 44.546000 	 -72.225916 	 103.101563 	 109.084385
5:46:31.251 PM 10/14/2022 	 10.819624 	 297.647000 	 44.546000 	 -72.600632 	 10.851121 	 297.647000 	 44.546000 	 -72.600632 	 103.101385 	 109.085040
5:46:36.251 PM 10/14/2022 	 10.823571 	 297.647000 	 44.546000 	 -71.201717 	 10.842539 	 297.647000 	 44.546000 	 -71.201717 	 103.101087 	 109.084921
5:46:41.251 PM 10/14/2022 	 10.827594 	 297.647000 	 44.546000 	 -72.740878 	 10.834993 	 297.647000 	 44.546000 	 -72.740878 	 103.101206 	 109.085040
5:46:46.252 PM 10/14/2022 	 10.836435 	 297.647000 	 44.546000 	 -71.527725 	 10.848476 	 297.647000 	 44.546000 	 -71.527725 	 103.101027 	 109.085397
5:46:51.251 PM 10/14/2022 	 10.813710 	 297.647000 	 44.546000 	 -72.248556 	 10.841716 	 297.647000 	 44.546000 	 -72.248556 	 103.101504 	 109.085457
5:46:56.001 PM 10/14/2022 	 10.831487 	 297.647000 	 44.546000 	 -71.755401 	 10.837933 	 297.647000 	 44.546000 	 -71.755401 	 103.101325 	 109.085397
5:47:00.751 PM 10/14/2022 	 10.838000 	 297.647000 	 44.546000 	 -71.885954 	 10.852474 	 297.647000 	 44.546000 	 -71.885954 	 103.101325 	 109.085933
5:47:05.501 PM 10/14/2022 	 10.833561 	 297.647000 	 44.546000 	 -71.975815 	 10.846648 	 297.647000 	 44.546000 	 -71.975815 	 103.101385 	 109.085814
5:47:10.501 PM 10/14/2022 	 10.831748 	 297.647000 	 44.546000 	 -71.859792 	 10.846963 	 297.647000 	 44.546000 	 -71.859792 	 103.101087 	 109.086053
5:47:15.501 PM 10/14/2022 	 10.834221 	 297.647000 	 44.546000 	 -71.652331 	 10.852367 	 297.647000 	 44.546000 	 -71.652331 	 103.101206 	 109.086112
5:47:20.502 PM 10/14/2022 	 10.829360 	 297.647000 	 44.546000 	 -72.648334 	 10.849523 	 297.647000 	 44.546000 	 -72.648334 	 103.101385 	 109.086410
5:47:25.502 PM 10/14/2022 	 10.830925 	 297.647000 	 44.546000 	 -72.466661 	 10.844338 	 297.647000 	 44.546000 	 -72.466661 	 103.101444 	 109.086291
5:47:30.501 PM 10/14/2022 	 10.831175 	 297.647000 	 44.546000 	 -72.360689 	 10.845094 	 297.647000 	 44.546000 	 -72.360689 	 103.101087 	 109.086648
5:47:35.502 PM 10/14/2022 	 10.817896 	 297.647000 	 44.546000 	 -72.274092 	 10.850458 	 297.647000 	 44.546000 	 -72.274092 	 103.101683 	 109.087065
5:47:40.503 PM 10/14/2022 	 10.830989 	 297.647000 	 44.546000 	 -71.799466 	 10.849195 	 297.647000 	 44.546000 	 -71.799466 	 103.100908 	 109.087065
5:47:45.501 PM 10/14/2022 	 10.832287 	 297.647000 	 44.546000 	 -72.142326 	 10.853338 	 297.647000 	 44.546000 	 -72.142326 	 103.100908 	 109.087601
5:47:50.502 PM 10/14/2022 	 10.824394 	 297.647000 	 44.546000 	 -72.301098 	 10.845397 	 297.647000 	 44.546000 	 -72.301098 	 103.101147 	 109.087482
5:47:55.501 PM 10/14/2022 	 10.830221 	 297.647000 	 44.546000 	 -73.353568 	 10.839399 	 297.647000 	 44.546000 	 -73.353568 	 103.101444 	 109.087840
5:48:00.501 PM 10/14/2022 	 10.825500 	 297.647000 	 44.546000 	 -72.588006 	 10.858283 	 297.647000 	 44.546000 	 -72.588006 	 103.101742 	 109.088137
5:48:05.502 PM 10/14/2022 	 10.822344 	 297.647000 	 44.546000 	 -71.127449 	 10.845796 	 297.647000 	 44.546000 	 -71.127449 	 103.101742 	 109.088376
5:48:10.502 PM 10/14/2022 	 10.823821 	 297.647000 	 44.546000 	 -71.928808 	 10.851365 	 297.647000 	 44.546000 	 -71.928808 	 103.101563 	 109.088137
5:48:15.501 PM 10/14/2022 	 10.837046 	 297.647000 	 44.546000 	 -71.307164 	 10.844399 	 297.647000 	 44.546000 	 -71.307164 	 103.100908 	 109.088554
5:48:20.501 PM 10/14/2022 	 10.826533 	 297.647000 	 44.546000 	 -71.882904 	 10.822422 	 297.647000 	 44.546000 	 -71.882904 	 103.101087 	 109.088197
5:48:25.501 PM 10/14/2022 	 10.790135 	 297.647000 	 44.546000 	 -73.040117 	 10.796956 	 297.647000 	 44.546000 	 -73.040117 	 103.101623 	 109.089090
5:48:30.502 PM 10/14/2022 	 10.782385 	 297.647000 	 44.546000 	 -71.820049 	 10.788886 	 297.647000 	 44.546000 	 -71.820049 	 103.101802 	 109.089567
5:48:35.502 PM 10/14/2022 	 10.770802 	 297.647000 	 44.546000 	 -71.811205 	 10.786940 	 297.647000 	 44.546000 	 -71.811205 	 103.101742 	 109.089388
5:48:40.501 PM 10/14/2022 	 10.739669 	 297.647000 	 44.546000 	 -72.247928 	 10.744953 	 297.647000 	 44.546000 	 -72.247928 	 103.101444 	 109.089627
5:48:45.501 PM 10/14/2022 	 10.669155 	 297.647000 	 44.546000 	 -70.847825 	 10.692171 	 297.647000 	 44.546000 	 -70.847825 	 103.101563 	 109.090163
5:48:50.501 PM 10/14/2022 	 10.660303 	 297.647000 	 44.546000 	 -72.144379 	 10.684311 	 297.647000 	 44.546000 	 -72.144379 	 103.100849 	 109.090222
5:48:55.502 PM 10/14/2022 	 10.671433 	 297.647000 	 44.546000 	 -72.379694 	 10.685684 	 297.647000 	 44.546000 	 -72.379694 	 103.100551 	 109.090282
5:49:00.502 PM 10/14/2022 	 10.671476 	 297.647000 	 44.546000 	 -72.821272 	 10.694202 	 297.647000 	 44.546000 	 -72.821272 	 103.100253 	 109.090997
5:49:05.501 PM 10/14/2022 	 10.661484 	 297.647000 	 44.546000 	 -71.412656 	 10.691062 	 297.647000 	 44.546000 	 -71.412656 	 103.100194 	 109.091235
5:49:10.501 PM 10/14/2022 	 10.669251 	 297.647000 	 44.546000 	 -71.566579 	 10.697467 	 297.647000 	 44.546000 	 -71.566579 	 103.099538 	 109.092188
5:49:15.501 PM 10/14/2022 	 10.673455 	 297.647000 	 44.546000 	 -72.162067 	 10.691784 	 297.647000 	 44.546000 	 -72.162067 	 103.099479 	 109.091652
5:49:20.502 PM 10/14/2022 	 10.673364 	 297.647000 	 44.546000 	 -72.112055 	 10.704358 	 297.647000 	 44.546000 	 -72.112055 	 103.099419 	 109.092009
5:49:25.501 PM 10/14/2022 	 10.672044 	 297.647000 	 44.546000 	 -72.262719 	 10.686703 	 297.647000 	 44.546000 	 -72.262719 	 103.098943 	 109.092247
5:49:30.502 PM 10/14/2022 	 10.678033 	 297.647000 	 44.546000 	 -72.126110 	 10.692523 	 297.647000 	 44.546000 	 -72.126110 	 103.099121 	 109.092307
5:49:35.501 PM 10/14/2022 	 10.681670 	 297.647000 	 44.546000 	 -74.052557 	 10.698145 	 297.647000 	 44.546000 	 -74.052557 	 103.099002 	 109.092367
5:49:40.501 PM 10/14/2022 	 10.667613 	 297.647000 	 44.546000 	 -71.137764 	 10.696673 	 297.647000 	 44.546000 	 -71.137764 	 103.098943 	 109.092605
5:49:45.501 PM 10/14/2022 	 10.674895 	 297.647000 	 44.546000 	 -71.925803 	 10.696597 	 297.647000 	 44.546000 	 -71.925803 	 103.098705 	 109.092605
5:49:50.502 PM 10/14/2022 	 10.679008 	 297.647000 	 44.546000 	 -70.858507 	 10.692596 	 297.647000 	 44.546000 	 -70.858507 	 103.098764 	 109.092962
5:49:55.501 PM 10/14/2022 	 10.677306 	 297.647000 	 44.546000 	 -72.344840 	 10.693853 	 297.647000 	 44.546000 	 -72.344840 	 103.098883 	 109.093200
5:50:00.501 PM 10/14/2022 	 10.672672 	 297.647000 	 44.546000 	 -72.665545 	 10.687017 	 297.647000 	 44.546000 	 -72.665545 	 103.099300 	 109.092724
5:50:05.501 PM 10/14/2022 	 10.672858 	 297.647000 	 44.546000 	 -72.263820 	 10.687517 	 297.647000 	 44.546000 	 -72.263820 	 103.099181 	 109.093200
5:50:10.501 PM 10/14/2022 	 10.671686 	 297.647000 	 44.546000 	 -73.038214 	 10.694464 	 297.647000 	 44.546000 	 -73.038214 	 103.099300 	 109.093081
5:50:15.501 PM 10/14/2022 	 10.687971 	 297.647000 	 44.546000 	 -71.064270 	 10.695369 	 297.647000 	 44.546000 	 -71.064270 	 103.099360 	 109.093081
5:50:20.501 PM 10/14/2022 	 10.665306 	 297.647000 	 44.546000 	 -73.259374 	 10.686816 	 297.647000 	 44.546000 	 -73.259374 	 103.099717 	 109.093379
5:50:25.251 PM 10/14/2022 	 10.675220 	 297.647000 	 44.546000 	 -70.157718 	 10.689144 	 297.647000 	 44.546000 	 -70.157718 	 103.099955 	 109.093796
5:50:30.251 PM 10/14/2022 	 10.674577 	 297.647000 	 44.546000 	 -72.897487 	 10.692415 	 297.647000 	 44.546000 	 -72.897487 	 103.099717 	 109.093975
5:50:35.252 PM 10/14/2022 	 10.677437 	 297.647000 	 44.546000 	 -71.596044 	 10.699574 	 297.647000 	 44.546000 	 -71.596044 	 103.099896 	 109.094094
5:50:40.251 PM 10/14/2022 	 10.681530 	 297.647000 	 44.546000 	 -72.978031 	 10.699228 	 297.647000 	 44.546000 	 -72.978031 	 103.099896 	 109.094570
5:50:45.251 PM 10/14/2022 	 10.676980 	 297.647000 	 44.546000 	 -72.716066 	 10.694656 	 297.647000 	 44.546000 	 -72.716066 	 103.099777 	 109.094511
5:50:50.251 PM 10/14/2022 	 10.690050 	 297.647000 	 44.546000 	 -73.185502 	 10.703793 	 297.647000 	 44.546000 	 -73.185502 	 103.099717 	 109.094749
5:50:55.251 PM 10/14/2022 	 10.679267 	 297.647000 	 44.546000 	 -72.960231 	 10.695354 	 297.647000 	 44.546000 	 -72.960231 	 103.099598 	 109.095107
5:51:00.251 PM 10/14/2022 	 10.677853 	 297.647000 	 44.546000 	 -71.831604 	 10.693882 	 297.647000 	 44.546000 	 -71.831604 	 103.100015 	 109.095047
5:51:05.251 PM 10/14/2022 	 10.669513 	 297.647000 	 44.546000 	 -71.824338 	 10.699519 	 297.647000 	 44.546000 	 -71.824338 	 103.100551 	 109.095226
5:51:10.251 PM 10/14/2022 	 10.678708 	 297.647000 	 44.546000 	 -72.865886 	 10.697604 	 297.647000 	 44.546000 	 -72.865886 	 103.100194 	 109.094749
5:51:15.251 PM 10/14/2022 	 10.679619 	 297.647000 	 44.546000 	 -72.290486 	 10.700220 	 297.647000 	 44.546000 	 -72.290486 	 103.100313 	 109.095166
5:51:20.251 PM 10/14/2022 	 10.672073 	 297.647000 	 44.546000 	 -71.257808 	 10.697679 	 297.647000 	 44.546000 	 -71.257808 	 103.100372 	 109.095285
5:51:25.251 PM 10/14/2022 	 10.682377 	 297.647000 	 44.546000 	 -72.072490 	 10.704189 	 297.647000 	 44.546000 	 -72.072490 	 103.100432 	 109.095464
5:51:30.252 PM 10/14/2022 	 10.667360 	 297.647000 	 44.546000 	 -72.383136 	 10.694991 	 297.647000 	 44.546000 	 -72.383136 	 103.100372 	 109.095166
5:51:35.251 PM 10/14/2022 	 10.680064 	 297.647000 	 44.546000 	 -71.844443 	 10.697743 	 297.647000 	 44.546000 	 -71.844443 	 103.099955 	 109.095583
5:51:40.251 PM 10/14/2022 	 10.673460 	 297.647000 	 44.546000 	 -72.878726 	 10.699120 	 297.647000 	 44.546000 	 -72.878726 	 103.100849 	 109.095464
5:51:45.251 PM 10/14/2022 	 10.676314 	 297.647000 	 44.546000 	 -72.018111 	 10.698747 	 297.647000 	 44.546000 	 -72.018111 	 103.100432 	 109.095702
5:51:50.251 PM 10/14/2022 	 10.681387 	 297.647000 	 44.546000 	 -71.006033 	 10.702717 	 297.647000 	 44.546000 	 -71.006033 	 103.100313 	 109.095643
5:51:55.251 PM 10/14/2022 	 10.683959 	 297.647000 	 44.546000 	 -72.811870 	 10.697901 	 297.647000 	 44.546000 	 -72.811870 	 103.100372 	 109.095523
5:52:00.251 PM 10/14/2022 	 10.679491 	 297.647000 	 44.546000 	 -72.575339 	 10.692843 	 297.647000 	 44.546000 	 -72.575339 	 103.100074 	 109.095702
5:52:05.251 PM 10/14/2022 	 10.674103 	 297.647000 	 44.546000 	 -73.409084 	 10.699650 	 297.647000 	 44.546000 	 -73.409084 	 103.100551 	 109.095881
5:52:10.252 PM 10/14/2022 	 10.675514 	 297.647000 	 44.546000 	 -71.826760 	 10.699262 	 297.647000 	 44.546000 	 -71.826760 	 103.100491 	 109.095107
5:52:15.251 PM 10/14/2022 	 10.680835 	 297.647000 	 44.546000 	 -72.822770 	 10.699725 	 297.647000 	 44.546000 	 -72.822770 	 103.100551 	 109.095345
5:52:20.252 PM 10/14/2022 	 10.688468 	 297.647000 	 44.546000 	 -70.765524 	 10.697185 	 297.647000 	 44.546000 	 -70.765524 	 103.100610 	 109.095285
5:52:25.251 PM 10/14/2022 	 10.680171 	 297.647000 	 44.546000 	 -72.564921 	 10.696550 	 297.647000 	 44.546000 	 -72.564921 	 103.100908 	 109.094987
5:52:30.251 PM 10/14/2022 	 10.674993 	 297.647000 	 44.546000 	 -73.136695 	 10.697941 	 297.647000 	 44.546000 	 -73.136695 	 103.100074 	 109.094928
5:52:35.251 PM 10/14/2022 	 10.623245 	 297.647000 	 44.546000 	 -71.121685 	 10.658583 	 297.647000 	 44.546000 	 -71.121685 	 103.100432 	 109.095047
5:52:40.251 PM 10/14/2022 	 10.286603 	 297.647000 	 44.546000 	 -73.136695 	 10.297555 	 297.647000 	 44.546000 	 -73.136695 	 103.100372 	 109.094749
5:52:45.251 PM 10/14/2022 	 9.875609 	 297.647000 	 44.546000 	 -73.386555 	 9.899863 	 297.647000 	 44.546000 	 -73.386555 	 103.100610 	 109.094392
5:52:50.251 PM 10/14/2022 	 10.061498 	 297.647000 	 44.546000 	 -73.561812 	 10.070882 	 297.647000 	 44.546000 	 -73.561812 	 103.099777 	 109.094749
5:52:55.251 PM 10/14/2022 	 10.068439 	 297.647000 	 44.546000 	 -72.001639 	 10.086058 	 297.647000 	 44.546000 	 -72.001639 	 103.097930 	 109.094511
5:53:00.251 PM 10/14/2022 	 9.966027 	 297.647000 	 44.546000 	 -71.741743 	 9.988862 	 297.647000 	 44.546000 	 -71.741743 	 103.095488 	 109.094809
5:53:05.251 PM 10/14/2022 	 9.695440 	 297.647000 	 44.546000 	 -72.877996 	 9.705250 	 297.647000 	 44.546000 	 -72.877996 	 103.094118 	 109.094392
5:53:10.251 PM 10/14/2022 	 9.800455 	 297.647000 	 44.546000 	 -72.799395 	 9.809623 	 297.647000 	 44.546000 	 -72.799395 	 103.092213 	 109.094570
5:53:15.251 PM 10/14/2022 	 9.798922 	 297.647000 	 44.546000 	 -72.051173 	 9.805502 	 297.647000 	 44.546000 	 -72.051173 	 103.090366 	 109.094868
5:53:20.251 PM 10/14/2022 	 9.781488 	 297.647000 	 44.546000 	 -72.191781 	 9.818149 	 297.647000 	 44.546000 	 -72.191781 	 103.088758 	 109.094570
5:53:25.501 PM 10/14/2022 	 9.796551 	 297.647000 	 44.546000 	 -73.444089 	 9.818708 	 297.647000 	 44.546000 	 -73.444089 	 103.087090 	 109.094392
5:53:30.501 PM 10/14/2022 	 9.794576 	 297.647000 	 44.546000 	 -73.753909 	 9.820035 	 297.647000 	 44.546000 	 -73.753909 	 103.086137 	 109.095047
5:53:35.501 PM 10/14/2022 	 9.798692 	 297.647000 	 44.546000 	 -73.725688 	 9.823300 	 297.647000 	 44.546000 	 -73.725688 	 103.085661 	 109.094332
5:53:40.751 PM 10/14/2022 	 9.812463 	 297.647000 	 44.546000 	 -73.251396 	 9.826745 	 297.647000 	 44.546000 	 -73.251396 	 103.085244 	 109.094153
5:53:45.751 PM 10/14/2022 	 9.800999 	 297.647000 	 44.546000 	 -73.035812 	 9.834664 	 297.647000 	 44.546000 	 -73.035812 	 103.084946 	 109.094451
5:53:50.751 PM 10/14/2022 	 9.803460 	 297.647000 	 44.546000 	 -73.371058 	 9.817727 	 297.647000 	 44.546000 	 -73.371058 	 103.085125 	 109.094094
5:53:55.751 PM 10/14/2022 	 9.799844 	 297.647000 	 44.546000 	 -73.406062 	 9.828209 	 297.647000 	 44.546000 	 -73.406062 	 103.085125 	 109.094392
5:54:00.751 PM 10/14/2022 	 9.811887 	 297.647000 	 44.546000 	 -73.864613 	 9.829097 	 297.647000 	 44.546000 	 -73.864613 	 103.085006 	 109.094332
5:54:05.751 PM 10/14/2022 	 9.805901 	 297.647000 	 44.546000 	 -71.831367 	 9.826236 	 297.647000 	 44.546000 	 -71.831367 	 103.085899 	 109.094570
5:54:10.751 PM 10/14/2022 	 9.809618 	 297.647000 	 44.546000 	 -73.242798 	 9.829274 	 297.647000 	 44.546000 	 -73.242798 	 103.085780 	 109.094749
5:54:15.751 PM 10/14/2022 	 9.816652 	 297.647000 	 44.546000 	 -72.795524 	 9.834239 	 297.647000 	 44.546000 	 -72.795524 	 103.085959 	 109.094690
5:54:20.751 PM 10/14/2022 	 9.807224 	 297.647000 	 44.546000 	 -73.471222 	 9.833022 	 297.647000 	 44.546000 	 -73.471222 	 103.086316 	 109.094451
5:54:25.751 PM 10/14/2022 	 9.810468 	 297.647000 	 44.546000 	 -71.721280 	 9.829973 	 297.647000 	 44.546000 	 -71.721280 	 103.086554 	 109.094690
5:54:30.751 PM 10/14/2022 	 9.822174 	 297.647000 	 44.546000 	 -73.663436 	 9.836692 	 297.647000 	 44.546000 	 -73.663436 	 103.087388 	 109.094570
5:54:35.751 PM 10/14/2022 	 9.812629 	 297.647000 	 44.546000 	 -74.053075 	 9.837821 	 297.647000 	 44.546000 	 -74.053075 	 103.087269 	 109.094273
5:54:40.751 PM 10/14/2022 	 9.812751 	 297.647000 	 44.546000 	 -73.545346 	 9.830776 	 297.647000 	 44.546000 	 -73.545346 	 103.087567 	 109.094392
5:54:45.751 PM 10/14/2022 	 9.810066 	 297.647000 	 44.546000 	 -73.486120 	 9.836401 	 297.647000 	 44.546000 	 -73.486120 	 103.087865 	 109.094332
5:54:50.751 PM 10/14/2022 	 9.814683 	 297.647000 	 44.546000 	 -73.023943 	 9.834588 	 297.647000 	 44.546000 	 -73.023943 	 103.088162 	 109.094094
5:54:55.751 PM 10/14/2022 	 9.811669 	 297.647000 	 44.546000 	 -74.302462 	 9.836092 	 297.647000 	 44.546000 	 -74.302462 	 103.088222 	 109.094034
5:55:00.751 PM 10/14/2022 	 9.814098 	 297.647000 	 44.546000 	 -74.151788 	 9.831468 	 297.647000 	 44.546000 	 -74.151788 	 103.089294 	 109.094094
5:55:05.751 PM 10/14/2022 	 9.810904 	 297.647000 	 44.546000 	 -74.140887 	 9.827540 	 297.647000 	 44.546000 	 -74.140887 	 103.089115 	 109.094213
5:55:10.751 PM 10/14/2022 	 9.816405 	 297.647000 	 44.546000 	 -73.117807 	 9.843510 	 297.647000 	 44.546000 	 -73.117807 	 103.090009 	 109.094153
5:55:15.752 PM 10/14/2022 	 9.818721 	 297.647000 	 44.546000 	 -72.836581 	 9.823349 	 297.647000 	 44.546000 	 -72.836581 	 103.090187 	 109.093617
5:55:21.002 PM 10/14/2022 	 9.714395 	 297.647000 	 44.546000 	 -72.127839 	 9.746428 	 297.647000 	 44.546000 	 -72.127839 	 103.089771 	 109.093260
5:55:26.251 PM 10/14/2022 	 9.167210 	 297.647000 	 44.546000 	 -72.652853 	 9.187260 	 297.647000 	 44.546000 	 -72.652853 	 103.090724 	 109.093260
5:55:31.502 PM 10/14/2022 	 9.139179 	 297.647000 	 44.546000 	 -73.238316 	 9.161451 	 297.647000 	 44.546000 	 -73.238316 	 103.090724 	 109.092843
5:55:36.751 PM 10/14/2022 	 9.140912 	 297.647000 	 44.546000 	 -72.949822 	 9.171735 	 297.647000 	 44.546000 	 -72.949822 	 103.088698 	 109.092843
5:55:42.001 PM 10/14/2022 	 9.139790 	 297.647000 	 44.546000 	 -72.976830 	 9.173257 	 297.647000 	 44.546000 	 -72.976830 	 103.086971 	 109.092545
5:55:47.001 PM 10/14/2022 	 9.148458 	 297.647000 	 44.546000 	 -72.217702 	 9.173364 	 297.647000 	 44.546000 	 -72.217702 	 103.084410 	 109.092128
5:55:52.001 PM 10/14/2022 	 9.150925 	 297.647000 	 44.546000 	 -74.146580 	 9.169960 	 297.647000 	 44.546000 	 -74.146580 	 103.082862 	 109.091652
5:55:57.252 PM 10/14/2022 	 9.151818 	 297.647000 	 44.546000 	 -74.465735 	 9.181015 	 297.647000 	 44.546000 	 -74.465735 	 103.081790 	 109.091652
5:56:02.251 PM 10/14/2022 	 9.161156 	 297.647000 	 44.546000 	 -74.076088 	 9.178928 	 297.647000 	 44.546000 	 -74.076088 	 103.081015 	 109.091294
5:56:07.252 PM 10/14/2022 	 9.157974 	 297.647000 	 44.546000 	 -73.981735 	 9.193310 	 297.647000 	 44.546000 	 -73.981735 	 103.080658 	 109.091116
5:56:12.502 PM 10/14/2022 	 9.166128 	 297.647000 	 44.546000 	 -72.858381 	 9.183811 	 297.647000 	 44.546000 	 -72.858381 	 103.080241 	 109.090997
5:56:17.751 PM 10/14/2022 	 9.166142 	 297.647000 	 44.546000 	 -74.725180 	 9.178527 	 297.647000 	 44.546000 	 -74.725180 	 103.079764 	 109.091175
5:56:22.751 PM 10/14/2022 	 9.167716 	 297.647000 	 44.546000 	 -73.163346 	 9.185010 	 297.647000 	 44.546000 	 -73.163346 	 103.080181 	 109.090580
5:56:28.001 PM 10/14/2022 	 9.161113 	 297.647000 	 44.546000 	 -73.460322 	 9.177680 	 297.647000 	 44.546000 	 -73.460322 	 103.080241 	 109.090341
5:56:33.251 PM 10/14/2022 	 9.165843 	 297.647000 	 44.546000 	 -73.512281 	 9.178975 	 297.647000 	 44.546000 	 -73.512281 	 103.080003 	 109.090163
5:56:38.501 PM 10/14/2022 	 9.166462 	 297.647000 	 44.546000 	 -73.644905 	 9.183826 	 297.647000 	 44.546000 	 -73.644905 	 103.080717 	 109.090043
5:56:43.752 PM 10/14/2022 	 9.169866 	 297.647000 	 44.546000 	 -74.297254 	 9.189119 	 297.647000 	 44.546000 	 -74.297254 	 103.081432 	 109.089627
5:56:49.001 PM 10/14/2022 	 9.175044 	 297.647000 	 44.546000 	 -74.515274 	 9.193403 	 297.647000 	 44.546000 	 -74.515274 	 103.081313 	 109.090043
5:56:54.251 PM 10/14/2022 	 9.171597 	 297.647000 	 44.546000 	 -74.018435 	 9.192504 	 297.647000 	 44.546000 	 -74.018435 	 103.081670 	 109.089567
5:56:59.251 PM 10/14/2022 	 9.168304 	 297.647000 	 44.546000 	 -73.713821 	 9.187344 	 297.647000 	 44.546000 	 -73.713821 	 103.081849 	 109.089507
5:57:04.501 PM 10/14/2022 	 9.176283 	 297.647000 	 44.546000 	 -73.443002 	 9.188913 	 297.647000 	 44.546000 	 -73.443002 	 103.082504 	 109.089507
5:57:09.501 PM 10/14/2022 	 9.135894 	 297.647000 	 44.546000 	 -73.802479 	 9.149799 	 297.647000 	 44.546000 	 -73.802479 	 103.082802 	 109.089627
5:57:14.751 PM 10/14/2022 	 8.706458 	 297.647000 	 44.546000 	 -73.231897 	 8.719771 	 297.647000 	 44.546000 	 -73.231897 	 103.083398 	 109.089269
5:57:20.001 PM 10/14/2022 	 8.162159 	 297.647000 	 44.546000 	 -74.291683 	 8.188612 	 297.647000 	 44.546000 	 -74.291683 	 103.083338 	 109.089031
5:57:25.251 PM 10/14/2022 	 8.135183 	 297.647000 	 44.546000 	 -72.962781 	 8.166469 	 297.647000 	 44.546000 	 -72.962781 	 103.081670 	 109.088733
5:57:30.502 PM 10/14/2022 	 8.157414 	 297.647000 	 44.546000 	 -74.147428 	 8.172249 	 297.647000 	 44.546000 	 -74.147428 	 103.078692 	 109.088793
5:57:35.751 PM 10/14/2022 	 8.163412 	 297.647000 	 44.546000 	 -74.953380 	 8.178369 	 297.647000 	 44.546000 	 -74.953380 	 103.074285 	 109.089210
5:57:41.002 PM 10/14/2022 	 8.158903 	 297.647000 	 44.546000 	 -73.731989 	 8.191636 	 297.647000 	 44.546000 	 -73.731989 	 103.071307 	 109.088793
5:57:46.252 PM 10/14/2022 	 8.174353 	 297.647000 	 44.546000 	 -74.901781 	 8.186124 	 297.647000 	 44.546000 	 -74.901781 	 103.069878 	 109.088554
5:57:51.501 PM 10/14/2022 	 8.162924 	 297.647000 	 44.546000 	 -74.049926 	 8.195456 	 297.647000 	 44.546000 	 -74.049926 	 103.068091 	 109.088554
5:57:56.751 PM 10/14/2022 	 8.167127 	 297.647000 	 44.546000 	 -75.088798 	 8.190175 	 297.647000 	 44.546000 	 -75.088798 	 103.066840 	 109.088495
5:58:02.002 PM 10/14/2022 	 8.177253 	 297.647000 	 44.546000 	 -75.334201 	 8.206541 	 297.647000 	 44.546000 	 -75.334201 	 103.066423 	 109.088495
5:58:07.251 PM 10/14/2022 	 8.181687 	 297.647000 	 44.546000 	 -75.144031 	 8.187669 	 297.647000 	 44.546000 	 -75.144031 	 103.066066 	 109.088554
5:58:12.502 PM 10/14/2022 	 8.171811 	 297.647000 	 44.546000 	 -74.566993 	 8.197802 	 297.647000 	 44.546000 	 -74.566993 	 103.066066 	 109.088316
5:58:17.752 PM 10/14/2022 	 8.188465 	 297.647000 	 44.546000 	 -74.589159 	 8.196722 	 297.647000 	 44.546000 	 -74.589159 	 103.066721 	 109.088257
5:58:23.001 PM 10/14/2022 	 8.181373 	 297.647000 	 44.546000 	 -74.082628 	 8.208217 	 297.647000 	 44.546000 	 -74.082628 	 103.066721 	 109.088257
5:58:28.251 PM 10/14/2022 	 8.187182 	 297.647000 	 44.546000 	 -74.256315 	 8.210475 	 297.647000 	 44.546000 	 -74.256315 	 103.067555 	 109.088078
5:58:33.501 PM 10/14/2022 	 8.180654 	 297.647000 	 44.546000 	 -74.221674 	 8.214468 	 297.647000 	 44.546000 	 -74.221674 	 103.067793 	 109.088376
5:58:38.751 PM 10/14/2022 	 8.195979 	 297.647000 	 44.546000 	 -75.420927 	 8.210979 	 297.647000 	 44.546000 	 -75.420927 	 103.068627 	 109.088257
5:58:44.001 PM 10/14/2022 	 8.189242 	 297.647000 	 44.546000 	 -74.215254 	 8.203884 	 297.647000 	 44.546000 	 -74.215254 	 103.068805 	 109.088435
5:58:49.251 PM 10/14/2022 	 8.195438 	 297.647000 	 44.546000 	 -75.585782 	 8.210027 	 297.647000 	 44.546000 	 -75.585782 	 103.069520 	 109.088733
5:58:54.502 PM 10/14/2022 	 8.189913 	 297.647000 	 44.546000 	 -75.690559 	 8.220276 	 297.647000 	 44.546000 	 -75.690559 	 103.070116 	 109.088376
5:58:59.751 PM 10/14/2022 	 8.197087 	 297.647000 	 44.546000 	 -74.203990 	 8.212891 	 297.647000 	 44.546000 	 -74.203990 	 103.070830 	 109.088495
5:59:05.002 PM 10/14/2022 	 8.199243 	 297.647000 	 44.546000 	 -75.146937 	 8.231070 	 297.647000 	 44.546000 	 -75.146937 	 103.071486 	 109.088614
5:59:10.251 PM 10/14/2022 	 8.205192 	 297.647000 	 44.546000 	 -75.502808 	 8.219715 	 297.647000 	 44.546000 	 -75.502808 	 103.071843 	 109.088733
5:59:15.501 PM 10/14/2022 	 8.208819 	 297.647000 	 44.546000 	 -75.645862 	 8.215900 	 297.647000 	 44.546000 	 -75.645862 	 103.072260 	 109.089090
5:59:20.751 PM 10/14/2022 	 8.198195 	 297.647000 	 44.546000 	 -74.570745 	 8.227912 	 297.647000 	 44.546000 	 -74.570745 	 103.072975 	 109.089150
5:59:26.001 PM 10/14/2022 	 8.109479 	 297.647000 	 44.546000 	 -74.542524 	 8.144688 	 297.647000 	 44.546000 	 -74.542524 	 103.073392 	 109.089507
5:59:31.251 PM 10/14/2022 	 7.538188 	 297.647000 	 44.546000 	 -75.083344 	 7.564593 	 297.647000 	 44.546000 	 -75.083344 	 103.073987 	 109.089448
5:59:36.501 PM 10/14/2022 	 7.291297 	 297.647000 	 44.546000 	 -75.125618 	 7.307862 	 297.647000 	 44.546000 	 -75.125618 	 103.074285 	 109.090043
5:59:41.751 PM 10/14/2022 	 7.297426 	 297.647000 	 44.546000 	 -75.772441 	 7.322200 	 297.647000 	 44.546000 	 -75.772441 	 103.072141 	 109.090103
5:59:47.251 PM 10/14/2022 	 7.304300 	 297.647000 	 44.546000 	 -75.335167 	 7.323868 	 297.647000 	 44.546000 	 -75.335167 	 103.068508 	 109.089984
5:59:52.501 PM 10/14/2022 	 7.308419 	 297.647000 	 44.546000 	 -76.292701 	 7.348522 	 297.647000 	 44.546000 	 -76.292701 	 103.065530 	 109.090758
5:59:57.751 PM 10/14/2022 	 7.329702 	 297.647000 	 44.546000 	 -75.181580 	 7.331483 	 297.647000 	 44.546000 	 -75.181580 	 103.063088 	 109.090460
6:00:03.001 PM 10/14/2022 	 7.323369 	 297.647000 	 44.546000 	 -76.226928 	 7.347352 	 297.647000 	 44.546000 	 -76.226928 	 103.061837 	 109.090699
6:00:08.251 PM 10/14/2022 	 7.323997 	 297.647000 	 44.546000 	 -75.800546 	 7.347489 	 297.647000 	 44.546000 	 -75.800546 	 103.060467 	 109.090818
6:00:13.502 PM 10/14/2022 	 7.323791 	 297.647000 	 44.546000 	 -75.987935 	 7.347422 	 297.647000 	 44.546000 	 -75.987935 	 103.060110 	 109.090877
6:00:18.752 PM 10/14/2022 	 7.330115 	 297.647000 	 44.546000 	 -75.059001 	 7.352188 	 297.647000 	 44.546000 	 -75.059001 	 103.059871 	 109.091592
6:00:24.001 PM 10/14/2022 	 7.332067 	 297.647000 	 44.546000 	 -75.196358 	 7.352965 	 297.647000 	 44.546000 	 -75.196358 	 103.059812 	 109.091413
6:00:29.251 PM 10/14/2022 	 7.332579 	 297.647000 	 44.546000 	 -78.473210 	 7.352267 	 297.647000 	 44.546000 	 -78.473210 	 103.059752 	 109.091771
6:00:34.502 PM 10/14/2022 	 7.327753 	 297.647000 	 44.546000 	 -75.768568 	 7.356967 	 297.647000 	 44.546000 	 -75.768568 	 103.059931 	 109.092247
6:00:39.751 PM 10/14/2022 	 7.339142 	 297.647000 	 44.546000 	 -75.266006 	 7.361786 	 297.647000 	 44.546000 	 -75.266006 	 103.060527 	 109.092009
6:00:45.001 PM 10/14/2022 	 7.329536 	 297.647000 	 44.546000 	 -76.059039 	 7.354962 	 297.647000 	 44.546000 	 -76.059039 	 103.061122 	 109.092069
6:00:50.251 PM 10/14/2022 	 7.338656 	 297.647000 	 44.546000 	 -76.381371 	 7.364512 	 297.647000 	 44.546000 	 -76.381371 	 103.061718 	 109.092426
6:00:55.501 PM 10/14/2022 	 7.353576 	 297.647000 	 44.546000 	 -77.330836 	 7.372061 	 297.647000 	 44.546000 	 -77.330836 	 103.061837 	 109.092367
6:01:00.751 PM 10/14/2022 	 7.345288 	 297.647000 	 44.546000 	 -77.134105 	 7.364047 	 297.647000 	 44.546000 	 -77.134105 	 103.062849 	 109.092307
6:01:06.001 PM 10/14/2022 	 7.358585 	 297.647000 	 44.546000 	 -76.172897 	 7.364204 	 297.647000 	 44.546000 	 -76.172897 	 103.063743 	 109.092069
6:01:11.251 PM 10/14/2022 	 7.353343 	 297.647000 	 44.546000 	 -76.365497 	 7.370338 	 297.647000 	 44.546000 	 -76.365497 	 103.063922 	 109.093141
6:01:16.501 PM 10/14/2022 	 7.187047 	 297.647000 	 44.546000 	 -77.098122 	 7.205804 	 297.647000 	 44.546000 	 -77.098122 	 103.064755 	 109.092664
6:01:21.751 PM 10/14/2022 	 6.738280 	 297.647000 	 44.546000 	 -75.703265 	 6.773910 	 297.647000 	 44.546000 	 -75.703265 	 103.064994 	 109.092605
6:01:27.001 PM 10/14/2022 	 6.756330 	 297.647000 	 44.546000 	 -75.005691 	 6.780536 	 297.647000 	 44.546000 	 -75.005691 	 103.065589 	 109.093260
6:01:32.251 PM 10/14/2022 	 6.757564 	 297.647000 	 44.546000 	 -75.988884 	 6.781089 	 297.647000 	 44.546000 	 -75.988884 	 103.063207 	 109.093260
6:01:37.501 PM 10/14/2022 	 6.755652 	 297.647000 	 44.546000 	 -76.203648 	 6.782335 	 297.647000 	 44.546000 	 -76.203648 	 103.061063 	 109.093260
6:01:42.751 PM 10/14/2022 	 6.760068 	 297.647000 	 44.546000 	 -75.896940 	 6.772269 	 297.647000 	 44.546000 	 -75.896940 	 103.059335 	 109.093081
6:01:48.001 PM 10/14/2022 	 6.780565 	 297.647000 	 44.546000 	 -74.853540 	 6.797860 	 297.647000 	 44.546000 	 -74.853540 	 103.058144 	 109.093796
6:01:53.252 PM 10/14/2022 	 6.769700 	 297.647000 	 44.546000 	 -75.981841 	 6.796481 	 297.647000 	 44.546000 	 -75.981841 	 103.057906 	 109.093796
6:01:58.501 PM 10/14/2022 	 6.770151 	 297.647000 	 44.546000 	 -76.623356 	 6.797752 	 297.647000 	 44.546000 	 -76.623356 	 103.057072 	 109.094094
6:02:03.751 PM 10/14/2022 	 6.782095 	 297.647000 	 44.546000 	 -76.742183 	 6.794912 	 297.647000 	 44.546000 	 -76.742183 	 103.057013 	 109.093796
6:02:09.001 PM 10/14/2022 	 6.779951 	 297.647000 	 44.546000 	 -76.817527 	 6.811432 	 297.647000 	 44.546000 	 -76.817527 	 103.056893 	 109.094273
6:02:14.251 PM 10/14/2022 	 6.782561 	 297.647000 	 44.546000 	 -77.906441 	 6.806931 	 297.647000 	 44.546000 	 -77.906441 	 103.057072 	 109.094094
6:02:19.501 PM 10/14/2022 	 6.772906 	 297.647000 	 44.546000 	 -77.328476 	 6.797089 	 297.647000 	 44.546000 	 -77.328476 	 103.057370 	 109.094392
6:02:24.751 PM 10/14/2022 	 6.785854 	 297.647000 	 44.546000 	 -76.104522 	 6.810437 	 297.647000 	 44.546000 	 -76.104522 	 103.057727 	 109.094332
6:02:30.001 PM 10/14/2022 	 6.791919 	 297.647000 	 44.546000 	 -77.003576 	 6.815640 	 297.647000 	 44.546000 	 -77.003576 	 103.058263 	 109.094153
6:02:35.251 PM 10/14/2022 	 6.776795 	 297.647000 	 44.546000 	 -76.868142 	 6.813365 	 297.647000 	 44.546000 	 -76.868142 	 103.058442 	 109.094451
6:02:40.752 PM 10/14/2022 	 6.785574 	 297.647000 	 44.546000 	 -78.051437 	 6.814628 	 297.647000 	 44.546000 	 -78.051437 	 103.059455 	 109.094570
6:02:46.001 PM 10/14/2022 	 6.798991 	 297.647000 	 44.546000 	 -76.982976 	 6.828142 	 297.647000 	 44.546000 	 -76.982976 	 103.059395 	 109.094332
6:02:51.251 PM 10/14/2022 	 6.790904 	 297.647000 	 44.546000 	 -77.122046 	 6.820454 	 297.647000 	 44.546000 	 -77.122046 	 103.059991 	 109.094273
6:02:56.501 PM 10/14/2022 	 6.795610 	 297.647000 	 44.546000 	 -76.796791 	 6.825526 	 297.647000 	 44.546000 	 -76.796791 	 103.060229 	 109.094809
6:03:01.751 PM 10/14/2022 	 6.793603 	 297.647000 	 44.546000 	 -76.129828 	 6.828069 	 297.647000 	 44.546000 	 -76.129828 	 103.061122 	 109.094213
6:03:07.001 PM 10/14/2022 	 6.810132 	 297.647000 	 44.546000 	 -77.048627 	 6.824208 	 297.647000 	 44.546000 	 -77.048627 	 103.061599 	 109.094570
6:03:12.251 PM 10/14/2022 	 6.556368 	 297.647000 	 44.546000 	 -77.372318 	 6.580417 	 297.647000 	 44.546000 	 -77.372318 	 103.061896 	 109.094511
6:03:17.501 PM 10/14/2022 	 6.089253 	 297.647000 	 44.546000 	 -77.214713 	 6.110102 	 297.647000 	 44.546000 	 -77.214713 	 103.062373 	 109.094868
6:03:22.751 PM 10/14/2022 	 6.101931 	 297.647000 	 44.546000 	 -76.264403 	 6.109549 	 297.647000 	 44.546000 	 -76.264403 	 103.061896 	 109.094749
6:03:28.001 PM 10/14/2022 	 6.112947 	 297.647000 	 44.546000 	 -76.671052 	 6.127278 	 297.647000 	 44.546000 	 -76.671052 	 103.059097 	 109.094392
6:03:33.501 PM 10/14/2022 	 6.104988 	 297.647000 	 44.546000 	 -76.581525 	 6.135350 	 297.647000 	 44.546000 	 -76.581525 	 103.056060 	 109.094451
6:03:38.751 PM 10/14/2022 	 6.115068 	 297.647000 	 44.546000 	 -77.157047 	 6.140510 	 297.647000 	 44.546000 	 -77.157047 	 103.054273 	 109.094392
6:03:44.001 PM 10/14/2022 	 6.116924 	 297.647000 	 44.546000 	 -78.063415 	 6.134134 	 297.647000 	 44.546000 	 -78.063415 	 103.052605 	 109.094630
6:03:49.501 PM 10/14/2022 	 6.115536 	 297.647000 	 44.546000 	 -77.606839 	 6.140108 	 297.647000 	 44.546000 	 -77.606839 	 103.050818 	 109.094630
6:03:55.001 PM 10/14/2022 	 6.118759 	 297.647000 	 44.546000 	 -78.004178 	 6.153462 	 297.647000 	 44.546000 	 -78.004178 	 103.050521 	 109.094332
6:04:00.502 PM 10/14/2022 	 6.129968 	 297.647000 	 44.546000 	 -78.836443 	 6.155223 	 297.647000 	 44.546000 	 -78.836443 	 103.049746 	 109.094392
6:04:05.751 PM 10/14/2022 	 6.134084 	 297.647000 	 44.546000 	 -78.553932 	 6.158395 	 297.647000 	 44.546000 	 -78.553932 	 103.049448 	 109.094749
6:04:11.001 PM 10/14/2022 	 6.135184 	 297.647000 	 44.546000 	 -77.736576 	 6.159803 	 297.647000 	 44.546000 	 -77.736576 	 103.049210 	 109.094153
6:04:16.501 PM 10/14/2022 	 6.134230 	 297.647000 	 44.546000 	 -76.901931 	 6.157356 	 297.647000 	 44.546000 	 -76.901931 	 103.049627 	 109.094094
6:04:22.002 PM 10/14/2022 	 6.142834 	 297.647000 	 44.546000 	 -77.458072 	 6.161060 	 297.647000 	 44.546000 	 -77.458072 	 103.049925 	 109.094153
6:04:27.501 PM 10/14/2022 	 6.140181 	 297.647000 	 44.546000 	 -78.322181 	 6.151929 	 297.647000 	 44.546000 	 -78.322181 	 103.050223 	 109.094570
6:04:33.001 PM 10/14/2022 	 6.146645 	 297.647000 	 44.546000 	 -77.692238 	 6.161232 	 297.647000 	 44.546000 	 -77.692238 	 103.050580 	 109.094511
6:04:38.251 PM 10/14/2022 	 6.137921 	 297.647000 	 44.546000 	 -78.069474 	 6.172869 	 297.647000 	 44.546000 	 -78.069474 	 103.051473 	 109.094332
6:04:43.501 PM 10/14/2022 	 6.143378 	 297.647000 	 44.546000 	 -78.065839 	 6.171179 	 297.647000 	 44.546000 	 -78.065839 	 103.052129 	 109.094213
6:04:49.001 PM 10/14/2022 	 6.145435 	 297.647000 	 44.546000 	 -77.514528 	 6.166924 	 297.647000 	 44.546000 	 -77.514528 	 103.052010 	 109.094392
6:04:54.251 PM 10/14/2022 	 6.141572 	 297.647000 	 44.546000 	 -78.112602 	 6.168062 	 297.647000 	 44.546000 	 -78.112602 	 103.052962 	 109.094511
6:04:59.751 PM 10/14/2022 	 6.148769 	 297.647000 	 44.546000 	 -78.875580 	 6.167911 	 297.647000 	 44.546000 	 -78.875580 	 103.053260 	 109.094570
6:05:05.001 PM 10/14/2022 	 6.145293 	 297.647000 	 44.546000 	 -77.767228 	 6.173585 	 297.647000 	 44.546000 	 -77.767228 	 103.053558 	 109.094451
6:05:10.251 PM 10/14/2022 	 6.148650 	 297.647000 	 44.546000 	 -77.939736 	 6.163595 	 297.647000 	 44.546000 	 -77.939736 	 103.054273 	 109.094451
6:05:15.501 PM 10/14/2022 	 5.835786 	 297.647000 	 44.546000 	 -76.827798 	 5.853534 	 297.647000 	 44.546000 	 -76.827798 	 103.054988 	 109.094451
6:05:20.751 PM 10/14/2022 	 5.501299 	 297.647000 	 44.546000 	 -78.611603 	 5.530803 	 297.647000 	 44.546000 	 -78.611603 	 103.055107 	 109.093856
6:05:26.001 PM 10/14/2022 	 5.510605 	 297.647000 	 44.546000 	 -78.528981 	 5.537557 	 297.647000 	 44.546000 	 -78.528981 	 103.054094 	 109.094630
6:05:31.502 PM 10/14/2022 	 5.523687 	 297.647000 	 44.546000 	 -76.896726 	 5.541218 	 297.647000 	 44.546000 	 -76.896726 	 103.051295 	 109.094153
6:05:37.001 PM 10/14/2022 	 5.529272 	 297.647000 	 44.546000 	 -78.333444 	 5.550326 	 297.647000 	 44.546000 	 -78.333444 	 103.048912 	 109.094153
6:05:42.251 PM 10/14/2022 	 5.538802 	 297.647000 	 44.546000 	 -78.885632 	 5.549846 	 297.647000 	 44.546000 	 -78.885632 	 103.046768 	 109.094213
6:05:47.501 PM 10/14/2022 	 5.537967 	 297.647000 	 44.546000 	 -78.300368 	 5.560869 	 297.647000 	 44.546000 	 -78.300368 	 103.045041 	 109.094094
6:05:53.001 PM 10/14/2022 	 5.545911 	 297.647000 	 44.546000 	 -78.487779 	 5.563468 	 297.647000 	 44.546000 	 -78.487779 	 103.044267 	 109.094392
6:05:58.501 PM 10/14/2022 	 5.538988 	 297.647000 	 44.546000 	 -77.976306 	 5.568776 	 297.647000 	 44.546000 	 -77.976306 	 103.043254 	 109.094213
6:06:03.751 PM 10/14/2022 	 5.542162 	 297.647000 	 44.546000 	 -80.068543 	 5.574305 	 297.647000 	 44.546000 	 -80.068543 	 103.043373 	 109.094630
6:06:09.001 PM 10/14/2022 	 5.542717 	 297.647000 	 44.546000 	 -77.617605 	 5.565089 	 297.647000 	 44.546000 	 -77.617605 	 103.042599 	 109.094511
6:06:14.501 PM 10/14/2022 	 5.546234 	 297.647000 	 44.546000 	 -78.178256 	 5.569236 	 297.647000 	 44.546000 	 -78.178256 	 103.042599 	 109.094034
6:06:19.751 PM 10/14/2022 	 5.539791 	 297.647000 	 44.546000 	 -78.430109 	 5.562083 	 297.647000 	 44.546000 	 -78.430109 	 103.043076 	 109.093975
6:06:25.251 PM 10/14/2022 	 5.546516 	 297.647000 	 44.546000 	 -77.545039 	 5.576584 	 297.647000 	 44.546000 	 -77.545039 	 103.043076 	 109.094451
6:06:30.751 PM 10/14/2022 	 5.550598 	 297.647000 	 44.546000 	 -78.239918 	 5.573973 	 297.647000 	 44.546000 	 -78.239918 	 103.043850 	 109.093617
6:06:36.251 PM 10/14/2022 	 5.550499 	 297.647000 	 44.546000 	 -79.079464 	 5.573080 	 297.647000 	 44.546000 	 -79.079464 	 103.043969 	 109.093617
6:06:41.751 PM 10/14/2022 	 5.551130 	 297.647000 	 44.546000 	 -80.210057 	 5.581158 	 297.647000 	 44.546000 	 -80.210057 	 103.044624 	 109.093796
6:06:47.001 PM 10/14/2022 	 5.555514 	 297.647000 	 44.546000 	 -79.865861 	 5.578292 	 297.647000 	 44.546000 	 -79.865861 	 103.045041 	 109.094213
6:06:52.501 PM 10/14/2022 	 5.561181 	 297.647000 	 44.546000 	 -79.843332 	 5.579919 	 297.647000 	 44.546000 	 -79.843332 	 103.045577 	 109.093439
6:06:58.001 PM 10/14/2022 	 5.560797 	 297.647000 	 44.546000 	 -79.528941 	 5.583961 	 297.647000 	 44.546000 	 -79.528941 	 103.046232 	 109.093796
6:07:03.501 PM 10/14/2022 	 5.565271 	 297.647000 	 44.546000 	 -77.167952 	 5.580448 	 297.647000 	 44.546000 	 -77.167952 	 103.046590 	 109.093796
6:07:09.001 PM 10/14/2022 	 5.567813 	 297.647000 	 44.546000 	 -78.683318 	 5.591323 	 297.647000 	 44.546000 	 -78.683318 	 103.046887 	 109.093677
6:07:14.251 PM 10/14/2022 	 5.570301 	 297.647000 	 44.546000 	 -79.955044 	 5.582058 	 297.647000 	 44.546000 	 -79.955044 	 103.047662 	 109.093617
6:07:19.501 PM 10/14/2022 	 5.566592 	 297.647000 	 44.546000 	 -79.626963 	 5.594949 	 297.647000 	 44.546000 	 -79.626963 	 103.048257 	 109.094153
6:07:24.751 PM 10/14/2022 	 5.571071 	 297.647000 	 44.546000 	 -79.223535 	 5.592985 	 297.647000 	 44.546000 	 -79.223535 	 103.048615 	 109.094153
6:07:30.252 PM 10/14/2022 	 5.573832 	 297.647000 	 44.546000 	 -79.005106 	 5.598462 	 297.647000 	 44.546000 	 -79.005106 	 103.048912 	 109.094273
6:07:35.752 PM 10/14/2022 	 5.509014 	 297.647000 	 44.546000 	 -79.139341 	 5.529057 	 297.647000 	 44.546000 	 -79.139341 	 103.048793 	 109.094332
6:07:41.251 PM 10/14/2022 	 5.038182 	 297.647000 	 44.546000 	 -79.365896 	 5.047488 	 297.647000 	 44.546000 	 -79.365896 	 103.049508 	 109.094511
6:07:46.751 PM 10/14/2022 	 4.982884 	 297.647000 	 44.546000 	 -78.104754 	 5.004594 	 297.647000 	 44.546000 	 -78.104754 	 103.049508 	 109.094809
6:07:52.501 PM 10/14/2022 	 4.990110 	 297.647000 	 44.546000 	 -79.828212 	 5.015926 	 297.647000 	 44.546000 	 -79.828212 	 103.047543 	 109.095107
6:07:58.001 PM 10/14/2022 	 5.003041 	 297.647000 	 44.546000 	 -79.319131 	 5.010286 	 297.647000 	 44.546000 	 -79.319131 	 103.044565 	 109.095047
6:08:03.251 PM 10/14/2022 	 5.008533 	 297.647000 	 44.546000 	 -79.190595 	 5.028366 	 297.647000 	 44.546000 	 -79.190595 	 103.042659 	 109.095762
6:08:08.751 PM 10/14/2022 	 5.000271 	 297.647000 	 44.546000 	 -79.805683 	 5.028486 	 297.647000 	 44.546000 	 -79.805683 	 103.040514 	 109.095821
6:08:14.251 PM 10/14/2022 	 5.006328 	 297.647000 	 44.546000 	 -79.459427 	 5.025346 	 297.647000 	 44.546000 	 -79.459427 	 103.039383 	 109.095762
6:08:19.751 PM 10/14/2022 	 5.019095 	 297.647000 	 44.546000 	 -80.546908 	 5.042643 	 297.647000 	 44.546000 	 -80.546908 	 103.038370 	 109.096357
6:08:25.251 PM 10/14/2022 	 5.023369 	 297.647000 	 44.546000 	 -80.020485 	 5.031247 	 297.647000 	 44.546000 	 -80.020485 	 103.037775 	 109.096596
6:08:30.752 PM 10/14/2022 	 5.016707 	 297.647000 	 44.546000 	 -79.997101 	 5.039646 	 297.647000 	 44.546000 	 -79.997101 	 103.037179 	 109.096596
6:08:36.251 PM 10/14/2022 	 5.023942 	 297.647000 	 44.546000 	 -80.756511 	 5.023987 	 297.647000 	 44.546000 	 -80.756511 	 103.037239 	 109.096655
6:08:41.751 PM 10/14/2022 	 5.023348 	 297.647000 	 44.546000 	 -80.495292 	 5.036742 	 297.647000 	 44.546000 	 -80.495292 	 103.037239 	 109.096357
6:08:47.251 PM 10/14/2022 	 5.020434 	 297.647000 	 44.546000 	 -79.132070 	 5.028023 	 297.647000 	 44.546000 	 -79.132070 	 103.037894 	 109.096536
6:08:52.751 PM 10/14/2022 	 5.032523 	 297.647000 	 44.546000 	 -80.110741 	 5.052130 	 297.647000 	 44.546000 	 -80.110741 	 103.037596 	 109.096953
6:08:58.251 PM 10/14/2022 	 5.032858 	 297.647000 	 44.546000 	 -80.414234 	 5.052415 	 297.647000 	 44.546000 	 -80.414234 	 103.037775 	 109.096953
6:09:03.751 PM 10/14/2022 	 5.030569 	 297.647000 	 44.546000 	 -81.004403 	 5.058721 	 297.647000 	 44.546000 	 -81.004403 	 103.038192 	 109.096834
6:09:09.251 PM 10/14/2022 	 5.024262 	 297.647000 	 44.546000 	 -80.985012 	 5.051257 	 297.647000 	 44.546000 	 -80.985012 	 103.038668 	 109.096000
6:09:14.752 PM 10/14/2022 	 5.026566 	 297.647000 	 44.546000 	 -80.044226 	 5.052241 	 297.647000 	 44.546000 	 -80.044226 	 103.038787 	 109.096715
6:09:20.251 PM 10/14/2022 	 5.022848 	 297.647000 	 44.546000 	 -82.015747 	 5.043615 	 297.647000 	 44.546000 	 -82.015747 	 103.039681 	 109.096357
6:09:25.751 PM 10/14/2022 	 4.689990 	 297.647000 	 44.546000 	 -78.328021 	 4.706622 	 297.647000 	 44.546000 	 -78.328021 	 103.040276 	 109.096655
6:09:31.251 PM 10/14/2022 	 4.353284 	 297.647000 	 44.546000 	 -80.111953 	 4.372980 	 297.647000 	 44.546000 	 -80.111953 	 103.039919 	 109.096417
6:09:36.501 PM 10/14/2022 	 4.331531 	 297.647000 	 44.546000 	 -79.259036 	 4.355596 	 297.647000 	 44.546000 	 -79.259036 	 103.039323 	 109.096596
6:09:42.001 PM 10/14/2022 	 4.335627 	 297.647000 	 44.546000 	 -79.870490 	 4.371165 	 297.647000 	 44.546000 	 -79.870490 	 103.037000 	 109.096596
6:09:47.501 PM 10/14/2022 	 4.344255 	 297.647000 	 44.546000 	 -81.358672 	 4.360979 	 297.647000 	 44.546000 	 -81.358672 	 103.034022 	 109.096774
6:09:53.001 PM 10/14/2022 	 4.348284 	 297.647000 	 44.546000 	 -80.485955 	 4.370673 	 297.647000 	 44.546000 	 -80.485955 	 103.030806 	 109.096596
6:09:58.501 PM 10/14/2022 	 4.356170 	 297.647000 	 44.546000 	 -80.323122 	 4.379505 	 297.647000 	 44.546000 	 -80.323122 	 103.029019 	 109.096536
6:10:04.001 PM 10/14/2022 	 4.353473 	 297.647000 	 44.546000 	 -81.759718 	 4.380227 	 297.647000 	 44.546000 	 -81.759718 	 103.026518 	 109.096596
6:10:09.501 PM 10/14/2022 	 4.352484 	 297.647000 	 44.546000 	 -80.817685 	 4.380363 	 297.647000 	 44.546000 	 -80.817685 	 103.025624 	 109.096119
6:10:15.001 PM 10/14/2022 	 4.365295 	 297.647000 	 44.546000 	 -80.161860 	 4.380651 	 297.647000 	 44.546000 	 -80.161860 	 103.024493 	 109.096238
6:10:20.501 PM 10/14/2022 	 4.358739 	 297.647000 	 44.546000 	 -80.400903 	 4.385447 	 297.647000 	 44.546000 	 -80.400903 	 103.023957 	 109.096655
6:10:26.001 PM 10/14/2022 	 4.363954 	 297.647000 	 44.546000 	 -81.446868 	 4.387612 	 297.647000 	 44.546000 	 -81.446868 	 103.024612 	 109.096655
6:10:31.501 PM 10/14/2022 	 4.367742 	 297.647000 	 44.546000 	 -81.388833 	 4.391750 	 297.647000 	 44.546000 	 -81.388833 	 103.024552 	 109.095940
6:10:37.001 PM 10/14/2022 	 4.373237 	 297.647000 	 44.546000 	 -81.852406 	 4.410389 	 297.647000 	 44.546000 	 -81.852406 	 103.024850 	 109.096477
6:10:42.501 PM 10/14/2022 	 4.377257 	 297.647000 	 44.546000 	 -82.423581 	 4.399770 	 297.647000 	 44.546000 	 -82.423581 	 103.025505 	 109.096536
6:10:48.001 PM 10/14/2022 	 4.372862 	 297.647000 	 44.546000 	 -80.932899 	 4.404403 	 297.647000 	 44.546000 	 -80.932899 	 103.025505 	 109.096477
6:10:53.752 PM 10/14/2022 	 4.391148 	 297.647000 	 44.546000 	 -82.467929 	 4.409801 	 297.647000 	 44.546000 	 -82.467929 	 103.026518 	 109.096298
6:10:59.501 PM 10/14/2022 	 4.181245 	 297.647000 	 44.546000 	 -82.025662 	 4.208216 	 297.647000 	 44.546000 	 -82.025662 	 103.026697 	 109.096715
6:11:05.001 PM 10/14/2022 	 4.057502 	 297.647000 	 44.546000 	 -81.579053 	 4.083546 	 297.647000 	 44.546000 	 -81.579053 	 103.027471 	 109.096596
6:11:10.501 PM 10/14/2022 	 4.056972 	 297.647000 	 44.546000 	 -81.042908 	 4.084070 	 297.647000 	 44.546000 	 -81.042908 	 103.027471 	 109.096477
6:11:16.001 PM 10/14/2022 	 4.051402 	 297.647000 	 44.546000 	 -81.846703 	 4.070393 	 297.647000 	 44.546000 	 -81.846703 	 103.026458 	 109.096536
6:11:21.751 PM 10/14/2022 	 4.047329 	 297.647000 	 44.546000 	 -80.701122 	 4.068559 	 297.647000 	 44.546000 	 -80.701122 	 103.025267 	 109.096715
6:11:27.251 PM 10/14/2022 	 4.045982 	 297.647000 	 44.546000 	 -81.792303 	 4.066799 	 297.647000 	 44.546000 	 -81.792303 	 103.024374 	 109.096238
6:11:33.001 PM 10/14/2022 	 4.052926 	 297.647000 	 44.546000 	 -80.993357 	 4.072884 	 297.647000 	 44.546000 	 -80.993357 	 103.023659 	 109.096000
6:11:38.751 PM 10/14/2022 	 4.053659 	 297.647000 	 44.546000 	 -81.348480 	 4.072645 	 297.647000 	 44.546000 	 -81.348480 	 103.022230 	 109.095881
6:11:44.251 PM 10/14/2022 	 4.045456 	 297.647000 	 44.546000 	 -81.701185 	 4.073506 	 297.647000 	 44.546000 	 -81.701185 	 103.022170 	 109.095762
6:11:49.751 PM 10/14/2022 	 4.049019 	 297.647000 	 44.546000 	 -82.084196 	 4.076748 	 297.647000 	 44.546000 	 -82.084196 	 103.022051 	 109.096238
6:11:55.501 PM 10/14/2022 	 4.053316 	 297.647000 	 44.546000 	 -82.515914 	 4.079807 	 297.647000 	 44.546000 	 -82.515914 	 103.022349 	 109.095285
6:12:01.252 PM 10/14/2022 	 4.055850 	 297.647000 	 44.546000 	 -82.663504 	 4.076079 	 297.647000 	 44.546000 	 -82.663504 	 103.022527 	 109.095464
6:12:07.001 PM 10/14/2022 	 4.052039 	 297.647000 	 44.546000 	 -81.031781 	 4.069979 	 297.647000 	 44.546000 	 -81.031781 	 103.022587 	 109.095047
6:12:12.751 PM 10/14/2022 	 4.057799 	 297.647000 	 44.546000 	 -82.532166 	 4.066836 	 297.647000 	 44.546000 	 -82.532166 	 103.023182 	 109.095107
6:12:18.502 PM 10/14/2022 	 4.045493 	 297.647000 	 44.546000 	 -81.872293 	 4.081410 	 297.647000 	 44.546000 	 -81.872293 	 103.023361 	 109.094809
6:12:24.252 PM 10/14/2022 	 4.059477 	 297.647000 	 44.546000 	 -81.244667 	 4.078998 	 297.647000 	 44.546000 	 -81.244667 	 103.023957 	 109.094213
6:12:30.002 PM 10/14/2022 	 4.049109 	 297.647000 	 44.546000 	 -81.048389 	 4.077790 	 297.647000 	 44.546000 	 -81.048389 	 103.024314 	 109.093975
6:12:35.752 PM 10/14/2022 	 4.040243 	 297.647000 	 44.546000 	 -81.902591 	 4.069627 	 297.647000 	 44.546000 	 -81.902591 	 103.024552 	 109.093320
6:12:41.501 PM 10/14/2022 	 4.046785 	 297.647000 	 44.546000 	 -81.998557 	 4.073070 	 297.647000 	 44.546000 	 -81.998557 	 103.025386 	 109.092247
6:12:47.252 PM 10/14/2022 	 4.046820 	 297.647000 	 44.546000 	 -82.426279 	 4.086459 	 297.647000 	 44.546000 	 -82.426279 	 103.025446 	 109.091890
6:12:53.001 PM 10/14/2022 	 4.057092 	 297.647000 	 44.546000 	 -82.693581 	 4.071039 	 297.647000 	 44.546000 	 -82.693581 	 103.026041 	 109.091652
6:12:58.501 PM 10/14/2022 	 4.048083 	 297.647000 	 44.546000 	 -80.828864 	 4.068539 	 297.647000 	 44.546000 	 -80.828864 	 103.026280 	 109.091294
6:13:04.251 PM 10/14/2022 	 4.056283 	 297.647000 	 44.546000 	 -82.304635 	 4.081570 	 297.647000 	 44.546000 	 -82.304635 	 103.026756 	 109.091116
6:13:10.001 PM 10/14/2022 	 4.049232 	 297.647000 	 44.546000 	 -81.818159 	 4.071696 	 297.647000 	 44.546000 	 -81.818159 	 103.027530 	 109.090580
6:13:15.501 PM 10/14/2022 	 4.045607 	 297.647000 	 44.546000 	 -82.096720 	 4.073582 	 297.647000 	 44.546000 	 -82.096720 	 103.027411 	 109.090163
6:13:21.251 PM 10/14/2022 	 4.042829 	 297.647000 	 44.546000 	 -82.006093 	 4.072662 	 297.647000 	 44.546000 	 -82.006093 	 103.027947 	 109.089746
6:13:27.001 PM 10/14/2022 	 4.046712 	 297.647000 	 44.546000 	 -82.729349 	 4.066487 	 297.647000 	 44.546000 	 -82.729349 	 103.028186 	 109.089746
6:13:32.751 PM 10/14/2022 	 4.044376 	 297.647000 	 44.546000 	 -80.996811 	 4.071030 	 297.647000 	 44.546000 	 -80.996811 	 103.028841 	 109.089627
6:13:38.501 PM 10/14/2022 	 4.057412 	 297.647000 	 44.546000 	 -81.569305 	 4.081692 	 297.647000 	 44.546000 	 -81.569305 	 103.028722 	 109.089210
6:13:44.251 PM 10/14/2022 	 4.060111 	 297.647000 	 44.546000 	 -80.698282 	 4.070922 	 297.647000 	 44.546000 	 -80.698282 	 103.029019 	 109.089269
6:13:50.001 PM 10/14/2022 	 4.062980 	 297.647000 	 44.546000 	 -82.231358 	 4.080633 	 297.647000 	 44.546000 	 -82.231358 	 103.030091 	 109.089984
6:13:55.751 PM 10/14/2022 	 4.065045 	 297.647000 	 44.546000 	 -83.136012 	 4.076186 	 297.647000 	 44.546000 	 -83.136012 	 103.030091 	 109.089329
6:14:01.501 PM 10/14/2022 	 4.055198 	 297.647000 	 44.546000 	 -81.902151 	 4.083008 	 297.647000 	 44.546000 	 -81.902151 	 103.029853 	 109.089507
6:14:07.251 PM 10/14/2022 	 4.060172 	 297.647000 	 44.546000 	 -81.822424 	 4.072229 	 297.647000 	 44.546000 	 -81.822424 	 103.030449 	 109.088793
6:14:13.001 PM 10/14/2022 	 4.050026 	 297.647000 	 44.546000 	 -80.959868 	 4.076102 	 297.647000 	 44.546000 	 -80.959868 	 103.030627 	 109.089329
6:14:18.751 PM 10/14/2022 	 4.069897 	 297.647000 	 44.546000 	 -82.692523 	 4.075235 	 297.647000 	 44.546000 	 -82.692523 	 103.030866 	 109.088554
6:14:24.501 PM 10/14/2022 	 4.055663 	 297.647000 	 44.546000 	 -80.814474 	 4.089913 	 297.647000 	 44.546000 	 -80.814474 	 103.031104 	 109.088495
6:14:30.251 PM 10/14/2022 	 4.048059 	 297.647000 	 44.546000 	 -82.782546 	 4.071955 	 297.647000 	 44.546000 	 -82.782546 	 103.031223 	 109.088554
6:14:36.001 PM 10/14/2022 	 3.995194 	 297.647000 	 44.546000 	 -82.660886 	 4.030487 	 297.647000 	 44.546000 	 -82.660886 	 103.031104 	 109.088316
6:14:41.751 PM 10/14/2022 	 3.996555 	 297.647000 	 44.546000 	 -81.078344 	 4.026730 	 297.647000 	 44.546000 	 -81.078344 	 103.031402 	 109.088316
6:14:47.501 PM 10/14/2022 	 4.000136 	 297.647000 	 44.546000 	 -81.735885 	 4.025895 	 297.647000 	 44.546000 	 -81.735885 	 103.031878 	 109.087720
6:14:53.251 PM 10/14/2022 	 4.001911 	 297.647000 	 44.546000 	 -81.332041 	 4.031406 	 297.647000 	 44.546000 	 -81.332041 	 103.031461 	 109.087601
6:14:59.002 PM 10/14/2022 	 3.998149 	 297.647000 	 44.546000 	 -82.328979 	 4.030301 	 297.647000 	 44.546000 	 -82.328979 	 103.031402 	 109.087482
6:15:04.752 PM 10/14/2022 	 4.007400 	 297.647000 	 44.546000 	 -80.699324 	 4.037215 	 297.647000 	 44.546000 	 -80.699324 	 103.030449 	 109.087482
6:15:10.501 PM 10/14/2022 	 4.021890 	 297.647000 	 44.546000 	 -82.338776 	 4.029949 	 297.647000 	 44.546000 	 -82.338776 	 103.031283 	 109.087482
6:15:16.251 PM 10/14/2022 	 4.001672 	 297.647000 	 44.546000 	 -82.443217 	 4.043451 	 297.647000 	 44.546000 	 -82.443217 	 103.031044 	 109.087959
6:15:22.001 PM 10/14/2022 	 4.006161 	 297.647000 	 44.546000 	 -81.204538 	 4.027306 	 297.647000 	 44.546000 	 -81.204538 	 103.030866 	 109.087840
6:15:27.751 PM 10/14/2022 	 4.019583 	 297.647000 	 44.546000 	 -81.366641 	 4.032102 	 297.647000 	 44.546000 	 -81.366641 	 103.030866 	 109.088078
6:15:33.501 PM 10/14/2022 	 4.011676 	 297.647000 	 44.546000 	 -81.918533 	 4.031968 	 297.647000 	 44.546000 	 -81.918533 	 103.030925 	 109.087840
6:15:39.251 PM 10/14/2022 	 3.987523 	 297.647000 	 44.546000 	 -81.602530 	 4.015721 	 297.647000 	 44.546000 	 -81.602530 	 103.031104 	 109.087780
6:15:45.002 PM 10/14/2022 	 4.000523 	 297.647000 	 44.546000 	 -80.986652 	 4.023308 	 297.647000 	 44.546000 	 -80.986652 	 103.031104 	 109.088495
6:15:51.001 PM 10/14/2022 	 3.996485 	 297.647000 	 44.546000 	 -81.035098 	 4.015666 	 297.647000 	 44.546000 	 -81.035098 	 103.030866 	 109.088376
6:15:56.751 PM 10/14/2022 	 3.989952 	 297.647000 	 44.546000 	 -81.682936 	 4.021728 	 297.647000 	 44.546000 	 -81.682936 	 103.031104 	 109.088912
6:16:02.501 PM 10/14/2022 	 3.989416 	 297.647000 	 44.546000 	 -81.679770 	 4.015014 	 297.647000 	 44.546000 	 -81.679770 	 103.030925 	 109.088673
6:16:08.251 PM 10/14/2022 	 3.989629 	 297.647000 	 44.546000 	 -82.555787 	 4.015881 	 297.647000 	 44.546000 	 -82.555787 	 103.030925 	 109.088435
6:16:14.002 PM 10/14/2022 	 4.000075 	 297.647000 	 44.546000 	 -80.393618 	 4.023861 	 297.647000 	 44.546000 	 -80.393618 	 103.030866 	 109.088614
6:16:19.751 PM 10/14/2022 	 3.996538 	 297.647000 	 44.546000 	 -82.347468 	 4.020761 	 297.647000 	 44.546000 	 -82.347468 	 103.031104 	 109.088614
6:16:25.501 PM 10/14/2022 	 3.999290 	 297.647000 	 44.546000 	 -81.413512 	 4.007786 	 297.647000 	 44.546000 	 -81.413512 	 103.030687 	 109.088733
6:16:31.251 PM 10/14/2022 	 3.990950 	 297.647000 	 44.546000 	 -81.796497 	 4.018899 	 297.647000 	 44.546000 	 -81.796497 	 103.031104 	 109.088852
6:16:37.001 PM 10/14/2022 	 3.994350 	 297.647000 	 44.546000 	 -82.797079 	 4.007701 	 297.647000 	 44.546000 	 -82.797079 	 103.030687 	 109.088495
6:16:42.751 PM 10/14/2022 	 3.991723 	 297.647000 	 44.546000 	 -83.126888 	 4.010105 	 297.647000 	 44.546000 	 -83.126888 	 103.030449 	 109.089150
6:16:48.501 PM 10/14/2022 	 3.997920 	 297.647000 	 44.546000 	 -82.368231 	 4.016201 	 297.647000 	 44.546000 	 -82.368231 	 103.030985 	 109.088376
6:16:54.251 PM 10/14/2022 	 3.992753 	 297.647000 	 44.546000 	 -83.502260 	 4.024230 	 297.647000 	 44.546000 	 -83.502260 	 103.030985 	 109.087959
6:17:00.001 PM 10/14/2022 	 4.003249 	 297.647000 	 44.546000 	 -82.469493 	 4.015090 	 297.647000 	 44.546000 	 -82.469493 	 103.030925 	 109.087780
6:17:05.751 PM 10/14/2022 	 4.001396 	 297.647000 	 44.546000 	 -82.752525 	 4.017671 	 297.647000 	 44.546000 	 -82.752525 	 103.031461 	 109.087542
6:17:11.752 PM 10/14/2022 	 3.992422 	 297.647000 	 44.546000 	 -81.733490 	 4.019324 	 297.647000 	 44.546000 	 -81.733490 	 103.030687 	 109.087184
6:17:17.501 PM 10/14/2022 	 3.995531 	 297.647000 	 44.546000 	 -82.878758 	 4.010666 	 297.647000 	 44.546000 	 -82.878758 	 103.031044 	 109.086767
6:17:23.501 PM 10/14/2022 	 3.983869 	 297.647000 	 44.546000 	 -83.012633 	 4.018713 	 297.647000 	 44.546000 	 -83.012633 	 103.030747 	 109.086410
6:17:29.501 PM 10/14/2022 	 3.998225 	 297.647000 	 44.546000 	 -82.223787 	 4.025182 	 297.647000 	 44.546000 	 -82.223787 	 103.030627 	 109.085338
6:17:35.502 PM 10/14/2022 	 4.000765 	 297.647000 	 44.546000 	 -82.707127 	 4.012206 	 297.647000 	 44.546000 	 -82.707127 	 103.030866 	 109.085219
6:17:41.251 PM 10/14/2022 	 3.999101 	 297.647000 	 44.546000 	 -81.102392 	 4.017889 	 297.647000 	 44.546000 	 -81.102392 	 103.031044 	 109.084980
6:17:47.251 PM 10/14/2022 	 3.992814 	 297.647000 	 44.546000 	 -81.411207 	 4.027091 	 297.647000 	 44.546000 	 -81.411207 	 103.030866 	 109.084325
6:17:53.251 PM 10/14/2022 	 3.990187 	 297.647000 	 44.546000 	 -81.525320 	 4.020060 	 297.647000 	 44.546000 	 -81.525320 	 103.030925 	 109.084147
6:17:59.001 PM 10/14/2022 	 3.990787 	 297.647000 	 44.546000 	 -83.252307 	 4.012113 	 297.647000 	 44.546000 	 -83.252307 	 103.030806 	 109.083849
6:18:05.001 PM 10/14/2022 	 4.006897 	 297.647000 	 44.546000 	 -82.170358 	 4.020002 	 297.647000 	 44.546000 	 -82.170358 	 103.030687 	 109.083432
6:18:11.002 PM 10/14/2022 	 3.989062 	 297.647000 	 44.546000 	 -81.303295 	 4.013562 	 297.647000 	 44.546000 	 -81.303295 	 103.030508 	 109.083193
6:18:16.751 PM 10/14/2022 	 3.986179 	 297.647000 	 44.546000 	 -81.985785 	 4.016524 	 297.647000 	 44.546000 	 -81.985785 	 103.030806 	 109.082657
6:18:22.501 PM 10/14/2022 	 3.998516 	 297.647000 	 44.546000 	 -82.935966 	 4.016874 	 297.647000 	 44.546000 	 -82.935966 	 103.030330 	 109.082717
6:18:28.251 PM 10/14/2022 	 3.995368 	 297.647000 	 44.546000 	 -81.217931 	 4.011054 	 297.647000 	 44.546000 	 -81.217931 	 103.030449 	 109.081883
6:18:34.252 PM 10/14/2022 	 3.991438 	 297.647000 	 44.546000 	 -81.702907 	 4.013684 	 297.647000 	 44.546000 	 -81.702907 	 103.030389 	 109.081585
6:18:40.251 PM 10/14/2022 	 3.993376 	 297.647000 	 44.546000 	 -82.162089 	 4.013667 	 297.647000 	 44.546000 	 -82.162089 	 103.030330 	 109.081109
6:18:46.252 PM 10/14/2022 	 3.986932 	 297.647000 	 44.546000 	 -81.815043 	 4.020124 	 297.647000 	 44.546000 	 -81.815043 	 103.030211 	 109.081287
6:18:52.251 PM 10/14/2022 	 3.988922 	 297.647000 	 44.546000 	 -81.729222 	 4.017258 	 297.647000 	 44.546000 	 -81.729222 	 103.030389 	 109.080394
6:18:58.251 PM 10/14/2022 	 4.005748 	 297.647000 	 44.546000 	 -81.921125 	 4.011851 	 297.647000 	 44.546000 	 -81.921125 	 103.030747 	 109.080096
6:19:04.252 PM 10/14/2022 	 4.001463 	 297.647000 	 44.546000 	 -80.786041 	 4.025080 	 297.647000 	 44.546000 	 -80.786041 	 103.029972 	 109.080275
6:19:10.251 PM 10/14/2022 	 3.989606 	 297.647000 	 44.546000 	 -81.107330 	 4.023410 	 297.647000 	 44.546000 	 -81.107330 	 103.030151 	 109.080096
6:19:16.251 PM 10/14/2022 	 3.992922 	 297.647000 	 44.546000 	 -81.441938 	 4.025723 	 297.647000 	 44.546000 	 -81.441938 	 103.029555 	 109.079917
6:19:22.251 PM 10/14/2022 	 3.989722 	 297.647000 	 44.546000 	 -81.448432 	 4.022915 	 297.647000 	 44.546000 	 -81.448432 	 103.029972 	 109.079560
6:19:28.251 PM 10/14/2022 	 3.999374 	 297.647000 	 44.546000 	 -82.085364 	 4.011961 	 297.647000 	 44.546000 	 -82.085364 	 103.029972 	 109.079560
6:19:34.251 PM 10/14/2022 	 4.002961 	 297.647000 	 44.546000 	 -81.361012 	 4.018625 	 297.647000 	 44.546000 	 -81.361012 	 103.030032 	 109.079381
6:19:40.252 PM 10/14/2022 	 3.993248 	 297.647000 	 44.546000 	 -80.774935 	 4.008449 	 297.647000 	 44.546000 	 -80.774935 	 103.029853 	 109.079500
6:19:46.251 PM 10/14/2022 	 3.998414 	 297.647000 	 44.546000 	 -81.876240 	 4.018544 	 297.647000 	 44.546000 	 -81.876240 	 103.029555 	 109.080096
6:19:52.251 PM 10/14/2022 	 3.997108 	 297.647000 	 44.546000 	 -82.036285 	 4.021547 	 297.647000 	 44.546000 	 -82.036285 	 103.028900 	 109.080453
6:19:58.252 PM 10/14/2022 	 3.992465 	 297.647000 	 44.546000 	 -82.791358 	 4.014170 	 297.647000 	 44.546000 	 -82.791358 	 103.029555 	 109.080453
6:20:04.251 PM 10/14/2022 	 3.982281 	 297.647000 	 44.546000 	 -81.511088 	 4.026660 	 297.647000 	 44.546000 	 -81.511088 	 103.029496 	 109.080870
6:20:10.252 PM 10/14/2022 	 3.999647 	 297.647000 	 44.546000 	 -81.403087 	 4.018463 	 297.647000 	 44.546000 	 -81.403087 	 103.029436 	 109.080692
6:20:16.251 PM 10/14/2022 	 3.988256 	 297.647000 	 44.546000 	 -82.096460 	 4.021847 	 297.647000 	 44.546000 	 -82.096460 	 103.029198 	 109.081287
6:20:22.251 PM 10/14/2022 	 3.999775 	 297.647000 	 44.546000 	 -81.745775 	 4.011740 	 297.647000 	 44.546000 	 -81.745775 	 103.029377 	 109.081228
6:20:28.251 PM 10/14/2022 	 3.996000 	 297.647000 	 44.546000 	 -82.433107 	 4.017988 	 297.647000 	 44.546000 	 -82.433107 	 103.028841 	 109.082121
6:20:34.251 PM 10/14/2022 	 3.993827 	 297.647000 	 44.546000 	 -82.261002 	 4.024027 	 297.647000 	 44.546000 	 -82.261002 	 103.029377 	 109.081228
6:20:40.251 PM 10/14/2022 	 3.998449 	 297.647000 	 44.546000 	 -81.207311 	 4.033513 	 297.647000 	 44.546000 	 -81.207311 	 103.029377 	 109.081883
6:20:46.251 PM 10/14/2022 	 3.993844 	 297.647000 	 44.546000 	 -80.070223 	 4.015369 	 297.647000 	 44.546000 	 -80.070223 	 103.029675 	 109.081526
6:20:52.251 PM 10/14/2022 	 4.000686 	 297.647000 	 44.546000 	 -81.581021 	 4.023456 	 297.647000 	 44.546000 	 -81.581021 	 103.029377 	 109.080930
6:20:58.252 PM 10/14/2022 	 3.989099 	 297.647000 	 44.546000 	 -80.905040 	 4.014944 	 297.647000 	 44.546000 	 -80.905040 	 103.029675 	 109.081823
6:21:04.251 PM 10/14/2022 	 3.986979 	 297.647000 	 44.546000 	 -82.137340 	 4.021172 	 297.647000 	 44.546000 	 -82.137340 	 103.029258 	 109.081347
6:21:10.251 PM 10/14/2022 	 3.997806 	 297.647000 	 44.546000 	 -81.329134 	 4.013812 	 297.647000 	 44.546000 	 -81.329134 	 103.029317 	 109.081764
6:21:16.252 PM 10/14/2022 	 3.999284 	 297.647000 	 44.546000 	 -82.498571 	 4.008135 	 297.647000 	 44.546000 	 -82.498571 	 103.029019 	 109.081645
6:21:22.251 PM 10/14/2022 	 3.995005 	 297.647000 	 44.546000 	 -82.262364 	 4.020549 	 297.647000 	 44.546000 	 -82.262364 	 103.029079 	 109.081287
6:21:28.251 PM 10/14/2022 	 3.988547 	 297.647000 	 44.546000 	 -80.334378 	 4.020089 	 297.647000 	 44.546000 	 -80.334378 	 103.029317 	 109.081168
6:21:34.251 PM 10/14/2022 	 4.040449 	 297.647000 	 44.546000 	 -81.320339 	 4.057681 	 297.647000 	 44.546000 	 -81.320339 	 103.028960 	 109.080751
6:21:40.251 PM 10/14/2022 	 4.127414 	 297.647000 	 44.546000 	 -80.966848 	 4.148405 	 297.647000 	 44.546000 	 -80.966848 	 103.029675 	 109.080870
6:21:46.251 PM 10/14/2022 	 4.149517 	 297.647000 	 44.546000 	 -81.915755 	 4.161626 	 297.647000 	 44.546000 	 -81.915755 	 103.029079 	 109.080453
6:21:52.251 PM 10/14/2022 	 4.056391 	 297.647000 	 44.546000 	 -81.514281 	 4.086529 	 297.647000 	 44.546000 	 -81.514281 	 103.028900 	 109.079798
6:21:58.251 PM 10/14/2022 	 4.046846 	 297.647000 	 44.546000 	 -80.937474 	 4.075817 	 297.647000 	 44.546000 	 -80.937474 	 103.029019 	 109.079858
6:22:04.251 PM 10/14/2022 	 4.059282 	 297.647000 	 44.546000 	 -81.376048 	 4.074676 	 297.647000 	 44.546000 	 -81.376048 	 103.029138 	 109.079679
6:22:10.251 PM 10/14/2022 	 4.062860 	 297.647000 	 44.546000 	 -80.058380 	 4.080886 	 297.647000 	 44.546000 	 -80.058380 	 103.028602 	 109.079798
6:22:16.251 PM 10/14/2022 	 4.057758 	 297.647000 	 44.546000 	 -80.787564 	 4.083240 	 297.647000 	 44.546000 	 -80.787564 	 103.028841 	 109.079381
6:22:22.502 PM 10/14/2022 	 4.060629 	 297.647000 	 44.546000 	 -80.753715 	 4.078951 	 297.647000 	 44.546000 	 -80.753715 	 103.028662 	 109.079798
6:22:28.501 PM 10/14/2022 	 4.058343 	 297.647000 	 44.546000 	 -81.460353 	 4.084733 	 297.647000 	 44.546000 	 -81.460353 	 103.028781 	 109.079620
6:22:34.501 PM 10/14/2022 	 4.056807 	 297.647000 	 44.546000 	 -80.684408 	 4.078482 	 297.647000 	 44.546000 	 -80.684408 	 103.029019 	 109.079500
6:22:40.501 PM 10/14/2022 	 4.047876 	 297.647000 	 44.546000 	 -80.888380 	 4.070299 	 297.647000 	 44.546000 	 -80.888380 	 103.028483 	 109.079739
6:22:46.501 PM 10/14/2022 	 4.061417 	 297.647000 	 44.546000 	 -80.147531 	 4.077307 	 297.647000 	 44.546000 	 -80.147531 	 103.028602 	 109.079203
6:22:52.751 PM 10/14/2022 	 4.059896 	 297.647000 	 44.546000 	 -81.551090 	 4.090725 	 297.647000 	 44.546000 	 -81.551090 	 103.028602 	 109.079679
6:22:58.751 PM 10/14/2022 	 4.050666 	 297.647000 	 44.546000 	 -80.792072 	 4.075130 	 297.647000 	 44.546000 	 -80.792072 	 103.028543 	 109.079679
6:23:04.751 PM 10/14/2022 	 4.052117 	 297.647000 	 44.546000 	 -80.627618 	 4.081026 	 297.647000 	 44.546000 	 -80.627618 	 103.028364 	 109.080156
6:23:11.001 PM 10/14/2022 	 4.047219 	 297.647000 	 44.546000 	 -80.716708 	 4.071920 	 297.647000 	 44.546000 	 -80.716708 	 103.028781 	 109.079977
6:23:17.251 PM 10/14/2022 	 4.047975 	 297.647000 	 44.546000 	 -81.479362 	 4.070480 	 297.647000 	 44.546000 	 -81.479362 	 103.028662 	 109.080096
6:23:23.501 PM 10/14/2022 	 4.058945 	 297.647000 	 44.546000 	 -81.281445 	 4.072895 	 297.647000 	 44.546000 	 -81.281445 	 103.028424 	 109.079977
6:23:29.752 PM 10/14/2022 	 4.050910 	 297.647000 	 44.546000 	 -81.306442 	 4.071498 	 297.647000 	 44.546000 	 -81.306442 	 103.028305 	 109.079977
6:23:36.001 PM 10/14/2022 	 4.044824 	 297.647000 	 44.546000 	 -81.682941 	 4.073710 	 297.647000 	 44.546000 	 -81.682941 	 103.028543 	 109.079977
6:23:42.251 PM 10/14/2022 	 4.049330 	 297.647000 	 44.546000 	 -81.254448 	 4.078049 	 297.647000 	 44.546000 	 -81.254448 	 103.028186 	 109.080453
6:23:48.501 PM 10/14/2022 	 4.046712 	 297.647000 	 44.546000 	 -81.449548 	 4.076134 	 297.647000 	 44.546000 	 -81.449548 	 103.028305 	 109.079977
6:23:54.501 PM 10/14/2022 	 4.051597 	 297.647000 	 44.546000 	 -81.480184 	 4.066420 	 297.647000 	 44.546000 	 -81.480184 	 103.028543 	 109.079977
6:24:00.751 PM 10/14/2022 	 4.033127 	 297.647000 	 44.546000 	 -81.363689 	 4.071501 	 297.647000 	 44.546000 	 -81.363689 	 103.027947 	 109.080453
6:24:07.001 PM 10/14/2022 	 4.042628 	 297.647000 	 44.546000 	 -81.495904 	 4.064989 	 297.647000 	 44.546000 	 -81.495904 	 103.028483 	 109.080751
6:24:13.251 PM 10/14/2022 	 4.048120 	 297.647000 	 44.546000 	 -81.458415 	 4.068623 	 297.647000 	 44.546000 	 -81.458415 	 103.028483 	 109.080811
6:24:19.501 PM 10/14/2022 	 4.033628 	 297.647000 	 44.546000 	 -79.901702 	 4.070890 	 297.647000 	 44.546000 	 -79.901702 	 103.028602 	 109.079977
6:24:25.751 PM 10/14/2022 	 4.033011 	 297.647000 	 44.546000 	 -80.414007 	 4.063487 	 297.647000 	 44.546000 	 -80.414007 	 103.028602 	 109.079798
6:24:32.002 PM 10/14/2022 	 4.042555 	 297.647000 	 44.546000 	 -81.322162 	 4.069819 	 297.647000 	 44.546000 	 -81.322162 	 103.028126 	 109.079262
6:24:38.251 PM 10/14/2022 	 4.036714 	 297.647000 	 44.546000 	 -80.809829 	 4.066508 	 297.647000 	 44.546000 	 -80.809829 	 103.028483 	 109.079143
6:24:44.501 PM 10/14/2022 	 4.033753 	 297.647000 	 44.546000 	 -81.970747 	 4.058057 	 297.647000 	 44.546000 	 -81.970747 	 103.028722 	 109.078964
6:24:50.751 PM 10/14/2022 	 4.033852 	 297.647000 	 44.546000 	 -81.397129 	 4.066938 	 297.647000 	 44.546000 	 -81.397129 	 103.028602 	 109.078488
6:24:57.001 PM 10/14/2022 	 4.030233 	 297.647000 	 44.546000 	 -80.848917 	 4.056992 	 297.647000 	 44.546000 	 -80.848917 	 103.028424 	 109.078071
6:25:03.252 PM 10/14/2022 	 4.029107 	 297.647000 	 44.546000 	 -80.640115 	 4.057789 	 297.647000 	 44.546000 	 -80.640115 	 103.028424 	 109.078190
6:25:09.502 PM 10/14/2022 	 4.036234 	 297.647000 	 44.546000 	 -81.096005 	 4.051983 	 297.647000 	 44.546000 	 -81.096005 	 103.028186 	 109.077416
6:25:15.752 PM 10/14/2022 	 4.040839 	 297.647000 	 44.546000 	 -80.917832 	 4.061601 	 297.647000 	 44.546000 	 -80.917832 	 103.027947 	 109.077535
6:25:22.001 PM 10/14/2022 	 4.033823 	 297.647000 	 44.546000 	 -81.460792 	 4.049836 	 297.647000 	 44.546000 	 -81.460792 	 103.028305 	 109.076701
6:25:28.251 PM 10/14/2022 	 4.035134 	 297.647000 	 44.546000 	 -80.405899 	 4.056139 	 297.647000 	 44.546000 	 -80.405899 	 103.028364 	 109.077118
6:25:34.751 PM 10/14/2022 	 4.022576 	 297.647000 	 44.546000 	 -80.964968 	 4.063365 	 297.647000 	 44.546000 	 -80.964968 	 103.028364 	 109.076463
6:25:41.002 PM 10/14/2022 	 4.030946 	 297.647000 	 44.546000 	 -80.900469 	 4.057702 	 297.647000 	 44.546000 	 -80.900469 	 103.028662 	 109.075926
6:25:47.251 PM 10/14/2022 	 4.036449 	 297.647000 	 44.546000 	 -80.637245 	 4.048017 	 297.647000 	 44.546000 	 -80.637245 	 103.028424 	 109.075867
6:25:53.501 PM 10/14/2022 	 4.034474 	 297.647000 	 44.546000 	 -81.482520 	 4.052615 	 297.647000 	 44.546000 	 -81.482520 	 103.028483 	 109.075152
6:25:59.751 PM 10/14/2022 	 4.028790 	 297.647000 	 44.546000 	 -81.401893 	 4.057353 	 297.647000 	 44.546000 	 -81.401893 	 103.028305 	 109.074795
6:26:06.002 PM 10/14/2022 	 4.030003 	 297.647000 	 44.546000 	 -79.791965 	 4.050427 	 297.647000 	 44.546000 	 -79.791965 	 103.028543 	 109.074199
6:26:12.251 PM 10/14/2022 	 4.027091 	 297.647000 	 44.546000 	 -80.686788 	 4.052938 	 297.647000 	 44.546000 	 -80.686788 	 103.028424 	 109.073901
6:26:18.501 PM 10/14/2022 	 4.022597 	 297.647000 	 44.546000 	 -81.862610 	 4.056002 	 297.647000 	 44.546000 	 -81.862610 	 103.028364 	 109.073186
6:26:25.001 PM 10/14/2022 	 4.026111 	 297.647000 	 44.546000 	 -81.038259 	 4.059753 	 297.647000 	 44.546000 	 -81.038259 	 103.028186 	 109.073365
6:26:31.251 PM 10/14/2022 	 4.036083 	 297.647000 	 44.546000 	 -81.746899 	 4.045567 	 297.647000 	 44.546000 	 -81.746899 	 103.028722 	 109.072591
6:26:37.501 PM 10/14/2022 	 4.028109 	 297.647000 	 44.546000 	 -81.955691 	 4.052842 	 297.647000 	 44.546000 	 -81.955691 	 103.028722 	 109.072174
6:26:43.751 PM 10/14/2022 	 4.034195 	 297.647000 	 44.546000 	 -82.095967 	 4.046772 	 297.647000 	 44.546000 	 -82.095967 	 103.028841 	 109.071578
6:26:50.251 PM 10/14/2022 	 4.025040 	 297.647000 	 44.546000 	 -80.542023 	 4.057289 	 297.647000 	 44.546000 	 -80.542023 	 103.027828 	 109.071280
6:26:56.751 PM 10/14/2022 	 4.033651 	 297.647000 	 44.546000 	 -79.646383 	 4.050357 	 297.647000 	 44.546000 	 -79.646383 	 103.028424 	 109.070983
6:27:03.251 PM 10/14/2022 	 4.026876 	 297.647000 	 44.546000 	 -81.244985 	 4.041208 	 297.647000 	 44.546000 	 -81.244985 	 103.028007 	 109.070387
6:27:09.501 PM 10/14/2022 	 4.024767 	 297.647000 	 44.546000 	 -80.491200 	 4.046550 	 297.647000 	 44.546000 	 -80.491200 	 103.028662 	 109.069791
6:27:15.751 PM 10/14/2022 	 4.018382 	 297.647000 	 44.546000 	 -79.765653 	 4.041007 	 297.647000 	 44.546000 	 -79.765653 	 103.028722 	 109.069255
6:27:22.001 PM 10/14/2022 	 4.033153 	 297.647000 	 44.546000 	 -81.433603 	 4.046315 	 297.647000 	 44.546000 	 -81.433603 	 103.028543 	 109.069196
6:27:28.501 PM 10/14/2022 	 4.019039 	 297.647000 	 44.546000 	 -82.055990 	 4.032838 	 297.647000 	 44.546000 	 -82.055990 	 103.028543 	 109.068540
6:27:35.001 PM 10/14/2022 	 4.030035 	 297.647000 	 44.546000 	 -80.765656 	 4.043117 	 297.647000 	 44.546000 	 -80.765656 	 103.028305 	 109.068421
6:27:41.251 PM 10/14/2022 	 4.021264 	 297.647000 	 44.546000 	 -79.901047 	 4.036822 	 297.647000 	 44.546000 	 -79.901047 	 103.029019 	 109.067885
6:27:47.751 PM 10/14/2022 	 4.019845 	 297.647000 	 44.546000 	 -79.956260 	 4.032052 	 297.647000 	 44.546000 	 -79.956260 	 103.028483 	 109.067647
6:27:54.251 PM 10/14/2022 	 4.021683 	 297.647000 	 44.546000 	 -80.017516 	 4.041848 	 297.647000 	 44.546000 	 -80.017516 	 103.028483 	 109.067766
6:28:00.751 PM 10/14/2022 	 4.023161 	 297.647000 	 44.546000 	 -80.669280 	 4.043352 	 297.647000 	 44.546000 	 -80.669280 	 103.028305 	 109.067528
6:28:07.251 PM 10/14/2022 	 4.024680 	 297.647000 	 44.546000 	 -81.142084 	 4.038498 	 297.647000 	 44.546000 	 -81.142084 	 103.028543 	 109.068243
6:28:13.751 PM 10/14/2022 	 4.022274 	 297.647000 	 44.546000 	 -81.436746 	 4.044251 	 297.647000 	 44.546000 	 -81.436746 	 103.028483 	 109.067826
6:28:20.251 PM 10/14/2022 	 4.024872 	 297.647000 	 44.546000 	 -80.818383 	 4.037526 	 297.647000 	 44.546000 	 -80.818383 	 103.028186 	 109.067409
6:28:26.751 PM 10/14/2022 	 4.017215 	 297.647000 	 44.546000 	 -80.504771 	 4.044857 	 297.647000 	 44.546000 	 -80.504771 	 103.028722 	 109.067647
6:28:33.251 PM 10/14/2022 	 4.027193 	 297.647000 	 44.546000 	 -80.576903 	 4.039950 	 297.647000 	 44.546000 	 -80.576903 	 103.029079 	 109.067647
6:28:39.501 PM 10/14/2022 	 4.013843 	 297.647000 	 44.546000 	 -78.501106 	 4.035387 	 297.647000 	 44.546000 	 -78.501106 	 103.028781 	 109.068183
6:28:46.001 PM 10/14/2022 	 4.023990 	 297.647000 	 44.546000 	 -80.091156 	 4.040413 	 297.647000 	 44.546000 	 -80.091156 	 103.028662 	 109.068064
6:28:52.501 PM 10/14/2022 	 4.021660 	 297.647000 	 44.546000 	 -80.249542 	 4.048352 	 297.647000 	 44.546000 	 -80.249542 	 103.028483 	 109.067706
6:28:59.001 PM 10/14/2022 	 4.027830 	 297.647000 	 44.546000 	 -81.463629 	 4.045488 	 297.647000 	 44.546000 	 -81.463629 	 103.028841 	 109.067706
6:29:05.501 PM 10/14/2022 	 4.019403 	 297.647000 	 44.546000 	 -81.103249 	 4.046000 	 297.647000 	 44.546000 	 -81.103249 	 103.029079 	 109.067349
6:29:12.001 PM 10/14/2022 	 4.020595 	 297.647000 	 44.546000 	 -79.679544 	 4.047194 	 297.647000 	 44.546000 	 -79.679544 	 103.028126 	 109.068064
6:29:18.501 PM 10/14/2022 	 4.019813 	 297.647000 	 44.546000 	 -80.511476 	 4.043588 	 297.647000 	 44.546000 	 -80.511476 	 103.029198 	 109.068302
6:29:25.001 PM 10/14/2022 	 4.030076 	 297.647000 	 44.546000 	 -80.377628 	 4.047956 	 297.647000 	 44.546000 	 -80.377628 	 103.028841 	 109.067766
6:29:31.751 PM 10/14/2022 	 4.034599 	 297.647000 	 44.546000 	 -79.615410 	 4.060690 	 297.647000 	 44.546000 	 -79.615410 	 103.029317 	 109.067885
6:29:38.251 PM 10/14/2022 	 4.028028 	 297.647000 	 44.546000 	 -80.336078 	 4.057152 	 297.647000 	 44.546000 	 -80.336078 	 103.029019 	 109.068302
6:29:44.751 PM 10/14/2022 	 4.017046 	 297.647000 	 44.546000 	 -80.479544 	 4.048509 	 297.647000 	 44.546000 	 -80.479544 	 103.028960 	 109.068362
6:29:51.251 PM 10/14/2022 	 4.020156 	 297.647000 	 44.546000 	 -79.659276 	 4.049338 	 297.647000 	 44.546000 	 -79.659276 	 103.029317 	 109.067468
6:29:57.752 PM 10/14/2022 	 4.129232 	 297.647000 	 44.546000 	 -81.117185 	 4.144456 	 297.647000 	 44.546000 	 -81.117185 	 103.029258 	 109.067170
6:30:04.251 PM 10/14/2022 	 4.292137 	 297.647000 	 44.546000 	 -79.538721 	 4.317099 	 297.647000 	 44.546000 	 -79.538721 	 103.029436 	 109.067409
6:30:10.752 PM 10/14/2022 	 4.327679 	 297.647000 	 44.546000 	 -80.137670 	 4.352622 	 297.647000 	 44.546000 	 -80.137670 	 103.029436 	 109.066753
6:30:17.251 PM 10/14/2022 	 4.332319 	 297.647000 	 44.546000 	 -78.601984 	 4.338947 	 297.647000 	 44.546000 	 -78.601984 	 103.028602 	 109.066396
6:30:23.752 PM 10/14/2022 	 3.984509 	 297.647000 	 44.546000 	 -80.992575 	 4.012087 	 297.647000 	 44.546000 	 -80.992575 	 103.029377 	 109.066456
6:30:30.251 PM 10/14/2022 	 3.977510 	 297.647000 	 44.546000 	 -80.651531 	 4.011286 	 297.647000 	 44.546000 	 -80.651531 	 103.028960 	 109.065681
6:30:36.751 PM 10/14/2022 	 3.979695 	 297.647000 	 44.546000 	 -80.376211 	 4.017982 	 297.647000 	 44.546000 	 -80.376211 	 103.029377 	 109.065383
6:30:43.251 PM 10/14/2022 	 3.991304 	 297.647000 	 44.546000 	 -80.133148 	 4.020663 	 297.647000 	 44.546000 	 -80.133148 	 103.029377 	 109.064966
6:30:49.751 PM 10/14/2022 	 4.000927 	 297.647000 	 44.546000 	 -79.214560 	 4.010195 	 297.647000 	 44.546000 	 -79.214560 	 103.029317 	 109.064371
6:30:56.251 PM 10/14/2022 	 3.997390 	 297.647000 	 44.546000 	 -79.035173 	 4.012069 	 297.647000 	 44.546000 	 -79.035173 	 103.029734 	 109.064728
6:31:02.751 PM 10/14/2022 	 3.996712 	 297.647000 	 44.546000 	 -78.684918 	 4.016644 	 297.647000 	 44.546000 	 -78.684918 	 103.029019 	 109.064847
6:31:09.251 PM 10/14/2022 	 3.996933 	 297.647000 	 44.546000 	 -79.231837 	 4.016274 	 297.647000 	 44.546000 	 -79.231837 	 103.029913 	 109.063894
6:31:16.001 PM 10/14/2022 	 3.989568 	 297.647000 	 44.546000 	 -81.086754 	 4.016507 	 297.647000 	 44.546000 	 -81.086754 	 103.029198 	 109.063716
6:31:22.751 PM 10/14/2022 	 4.001419 	 297.647000 	 44.546000 	 -79.813803 	 4.019565 	 297.647000 	 44.546000 	 -79.813803 	 103.029198 	 109.063596
6:31:29.251 PM 10/14/2022 	 3.988820 	 297.647000 	 44.546000 	 -79.914553 	 4.011857 	 297.647000 	 44.546000 	 -79.914553 	 103.029198 	 109.063179
6:31:35.752 PM 10/14/2022 	 3.993437 	 297.647000 	 44.546000 	 -79.518317 	 4.016618 	 297.647000 	 44.546000 	 -79.518317 	 103.029436 	 109.063120
6:31:42.251 PM 10/14/2022 	 3.991287 	 297.647000 	 44.546000 	 -79.718607 	 4.016501 	 297.647000 	 44.546000 	 -79.718607 	 103.029555 	 109.062941
6:31:49.001 PM 10/14/2022 	 3.995272 	 297.647000 	 44.546000 	 -80.469895 	 4.016129 	 297.647000 	 44.546000 	 -80.469895 	 103.029258 	 109.063418
6:31:55.751 PM 10/14/2022 	 3.996334 	 297.647000 	 44.546000 	 -78.698019 	 4.015704 	 297.647000 	 44.546000 	 -78.698019 	 103.029496 	 109.062703
6:32:02.501 PM 10/14/2022 	 3.987043 	 297.647000 	 44.546000 	 -79.057514 	 4.009051 	 297.647000 	 44.546000 	 -79.057514 	 103.029734 	 109.062941
6:32:09.251 PM 10/14/2022 	 3.994615 	 297.647000 	 44.546000 	 -79.558472 	 4.016056 	 297.647000 	 44.546000 	 -79.558472 	 103.029972 	 109.062703
6:32:16.001 PM 10/14/2022 	 3.985649 	 297.647000 	 44.546000 	 -79.167497 	 4.010765 	 297.647000 	 44.546000 	 -79.167497 	 103.029615 	 109.063179
6:32:22.751 PM 10/14/2022 	 3.998472 	 297.647000 	 44.546000 	 -79.842598 	 4.016204 	 297.647000 	 44.546000 	 -79.842598 	 103.029972 	 109.063120
6:32:29.501 PM 10/14/2022 	 3.997786 	 297.647000 	 44.546000 	 -78.885302 	 4.011193 	 297.647000 	 44.546000 	 -78.885302 	 103.029794 	 109.063120
6:32:36.001 PM 10/14/2022 	 3.997707 	 297.647000 	 44.546000 	 -80.258526 	 4.021649 	 297.647000 	 44.546000 	 -80.258526 	 103.029615 	 109.063060
6:32:42.501 PM 10/14/2022 	 4.057039 	 297.647000 	 44.546000 	 -79.883239 	 4.085755 	 297.647000 	 44.546000 	 -79.883239 	 103.029913 	 109.063120
6:32:49.251 PM 10/14/2022 	 4.151972 	 297.647000 	 44.546000 	 -80.585361 	 4.168942 	 297.647000 	 44.546000 	 -80.585361 	 103.030508 	 109.063239
6:32:56.001 PM 10/14/2022 	 4.295974 	 297.647000 	 44.546000 	 -79.406360 	 4.320757 	 297.647000 	 44.546000 	 -79.406360 	 103.030687 	 109.062703
6:33:02.751 PM 10/14/2022 	 4.471506 	 297.647000 	 44.546000 	 -79.727569 	 4.500752 	 297.647000 	 44.546000 	 -79.727569 	 103.030866 	 109.063001
6:33:09.501 PM 10/14/2022 	 4.499852 	 297.647000 	 44.546000 	 -80.355934 	 4.527941 	 297.647000 	 44.546000 	 -80.355934 	 103.032474 	 109.062465
6:33:16.252 PM 10/14/2022 	 4.660345 	 297.647000 	 44.546000 	 -79.576375 	 4.668314 	 297.647000 	 44.546000 	 -79.576375 	 103.035333 	 109.062405
6:33:23.002 PM 10/14/2022 	 4.659202 	 297.647000 	 44.546000 	 -79.665823 	 4.674579 	 297.647000 	 44.546000 	 -79.665823 	 103.038013 	 109.062286
6:33:29.751 PM 10/14/2022 	 4.659001 	 297.647000 	 44.546000 	 -78.683951 	 4.691967 	 297.647000 	 44.546000 	 -78.683951 	 103.041646 	 109.062524
6:33:36.502 PM 10/14/2022 	 4.672798 	 297.647000 	 44.546000 	 -79.663331 	 4.679221 	 297.647000 	 44.546000 	 -79.663331 	 103.044565 	 109.062286
6:33:43.251 PM 10/14/2022 	 4.649296 	 297.647000 	 44.546000 	 -78.734672 	 4.680839 	 297.647000 	 44.546000 	 -78.734672 	 103.046947 	 109.062703
6:33:50.001 PM 10/14/2022 	 4.678107 	 297.647000 	 44.546000 	 -78.154661 	 4.699475 	 297.647000 	 44.546000 	 -78.154661 	 103.048615 	 109.061929
6:33:56.751 PM 10/14/2022 	 4.721396 	 297.647000 	 44.546000 	 -77.438054 	 4.742578 	 297.647000 	 44.546000 	 -77.438054 	 103.050461 	 109.062405
6:34:03.502 PM 10/14/2022 	 4.711584 	 297.647000 	 44.546000 	 -77.572250 	 4.729742 	 297.647000 	 44.546000 	 -77.572250 	 103.050878 	 109.061571
6:34:10.251 PM 10/14/2022 	 4.712081 	 297.647000 	 44.546000 	 -77.238921 	 4.722804 	 297.647000 	 44.546000 	 -77.238921 	 103.051950 	 109.061512
6:34:17.001 PM 10/14/2022 	 4.709117 	 297.647000 	 44.546000 	 -77.715247 	 4.733263 	 297.647000 	 44.546000 	 -77.715247 	 103.052426 	 109.061512
6:34:23.751 PM 10/14/2022 	 4.709874 	 297.647000 	 44.546000 	 -78.589009 	 4.732990 	 297.647000 	 44.546000 	 -78.589009 	 103.052724 	 109.061393
6:34:30.501 PM 10/14/2022 	 4.692004 	 297.647000 	 44.546000 	 -78.937628 	 4.718288 	 297.647000 	 44.546000 	 -78.937628 	 103.052903 	 109.061988
6:34:37.251 PM 10/14/2022 	 4.706586 	 297.647000 	 44.546000 	 -78.533726 	 4.712608 	 297.647000 	 44.546000 	 -78.533726 	 103.053022 	 109.061571
6:34:44.001 PM 10/14/2022 	 4.705952 	 297.647000 	 44.546000 	 -78.586941 	 4.726340 	 297.647000 	 44.546000 	 -78.586941 	 103.052784 	 109.060976
6:34:50.751 PM 10/14/2022 	 4.698275 	 297.647000 	 44.546000 	 -78.008138 	 4.725982 	 297.647000 	 44.546000 	 -78.008138 	 103.052129 	 109.061333
6:34:57.501 PM 10/14/2022 	 4.688716 	 297.647000 	 44.546000 	 -78.798078 	 4.710454 	 297.647000 	 44.546000 	 -78.798078 	 103.052129 	 109.062048
6:35:04.251 PM 10/14/2022 	 4.694017 	 297.647000 	 44.546000 	 -77.566392 	 4.714476 	 297.647000 	 44.546000 	 -77.566392 	 103.051473 	 109.061869
6:35:11.002 PM 10/14/2022 	 4.692385 	 297.647000 	 44.546000 	 -79.101159 	 4.716766 	 297.647000 	 44.546000 	 -79.101159 	 103.051176 	 109.061869
6:35:17.751 PM 10/14/2022 	 4.696300 	 297.647000 	 44.546000 	 -77.881961 	 4.714051 	 297.647000 	 44.546000 	 -77.881961 	 103.050997 	 109.061869
6:35:24.501 PM 10/14/2022 	 4.688792 	 297.647000 	 44.546000 	 -78.949618 	 4.719734 	 297.647000 	 44.546000 	 -78.949618 	 103.050699 	 109.062048
6:35:31.251 PM 10/14/2022 	 4.692271 	 297.647000 	 44.546000 	 -77.937589 	 4.726879 	 297.647000 	 44.546000 	 -77.937589 	 103.050044 	 109.062048
6:35:38.001 PM 10/14/2022 	 4.684332 	 297.647000 	 44.546000 	 -78.086708 	 4.707308 	 297.647000 	 44.546000 	 -78.086708 	 103.049627 	 109.062286
6:35:44.751 PM 10/14/2022 	 4.699803 	 297.647000 	 44.546000 	 -78.937543 	 4.710154 	 297.647000 	 44.546000 	 -78.937543 	 103.049151 	 109.061631
6:35:51.501 PM 10/14/2022 	 4.691689 	 297.647000 	 44.546000 	 -77.906541 	 4.713661 	 297.647000 	 44.546000 	 -77.906541 	 103.048853 	 109.061690
6:35:58.251 PM 10/14/2022 	 4.692012 	 297.647000 	 44.546000 	 -78.188306 	 4.709171 	 297.647000 	 44.546000 	 -78.188306 	 103.048198 	 109.061690
6:36:05.001 PM 10/14/2022 	 4.692006 	 297.647000 	 44.546000 	 -78.480080 	 4.713434 	 297.647000 	 44.546000 	 -78.480080 	 103.048198 	 109.061512
6:36:12.002 PM 10/14/2022 	 4.677968 	 297.647000 	 44.546000 	 -76.917589 	 4.701832 	 297.647000 	 44.546000 	 -76.917589 	 103.047364 	 109.060618
6:36:19.001 PM 10/14/2022 	 4.683806 	 297.647000 	 44.546000 	 -78.819898 	 4.715186 	 297.647000 	 44.546000 	 -78.819898 	 103.047304 	 109.060976
6:36:25.751 PM 10/14/2022 	 4.689004 	 297.647000 	 44.546000 	 -78.040825 	 4.694786 	 297.647000 	 44.546000 	 -78.040825 	 103.047066 	 109.060499
6:36:32.501 PM 10/14/2022 	 4.677950 	 297.647000 	 44.546000 	 -79.971872 	 4.704183 	 297.647000 	 44.546000 	 -79.971872 	 103.046887 	 109.060261
6:36:39.251 PM 10/14/2022 	 4.686895 	 297.647000 	 44.546000 	 -78.200465 	 4.701203 	 297.647000 	 44.546000 	 -78.200465 	 103.045994 	 109.059784
