Timestamp                   	PTD1 (MPa)	PTD2 (MPa)	RTD0_PVtop (K)	RTD1_room (K)	TC0_bath (K)	TC1_PVtop (K)	TC2_PTD2 (K)	TC3_PVside (K)
2:11:35.828 PM 4/14/2023 	 -0.159630 	 -0.063623 	 296.179386 	 297.203622 	 298.178508 	 296.017953 	 296.103079 	 296.094144
2:11:45.828 PM 4/14/2023 	 -0.440676 	 -0.076615 	 296.184597 	 297.217271 	 298.165463 	 296.010964 	 296.097972 	 296.097502
2:11:55.828 PM 4/14/2023 	 -1.064744 	 -0.139781 	 296.186130 	 297.229540 	 298.173436 	 296.017092 	 296.117266 	 296.080115
2:12:06.328 PM 4/14/2023 	 0.168549 	 -0.810074 	 296.189502 	 297.241195 	 298.178780 	 296.032337 	 296.100061 	 296.079839
2:12:16.828 PM 4/14/2023 	 -0.010792 	 -0.977556 	 296.193640 	 297.256225 	 298.158995 	 296.056674 	 296.132858 	 296.069372
2:12:27.328 PM 4/14/2023 	 -1.147336 	 -0.553850 	 296.196705 	 297.275088 	 298.172713 	 296.035650 	 296.127356 	 296.079389
2:12:37.828 PM 4/14/2023 	 -0.861105 	 -0.516593 	 296.201456 	 297.294412 	 298.163331 	 296.023873 	 296.115582 	 296.100063
2:12:48.328 PM 4/14/2023 	 -0.189423 	 -1.211379 	 296.202529 	 297.313122 	 298.178944 	 296.045201 	 296.102107 	 296.091291
2:12:58.828 PM 4/14/2023 	 -0.987347 	 -0.132085 	 296.207893 	 297.332600 	 298.198120 	 296.035304 	 296.126540 	 296.091270
2:13:09.328 PM 4/14/2023 	 -0.465114 	 -0.579577 	 296.210805 	 297.347783 	 298.179033 	 296.041997 	 296.116303 	 296.107368
2:13:19.828 PM 4/14/2023 	 -0.435687 	 -0.366844 	 296.213717 	 297.362659 	 298.179557 	 296.044406 	 296.132349 	 296.083912
2:13:29.828 PM 4/14/2023 	 0.300671 	 -0.118695 	 296.214330 	 297.379223 	 298.194050 	 296.032156 	 296.151606 	 296.092355
2:13:40.328 PM 4/14/2023 	 -0.289800 	 -0.861722 	 296.216936 	 297.399007 	 298.187291 	 296.011725 	 296.141526 	 296.090739
2:13:50.328 PM 4/14/2023 	 -0.632777 	 -0.967091 	 296.219695 	 297.416491 	 298.172440 	 296.037257 	 296.138837 	 296.097455
2:14:00.328 PM 4/14/2023 	 -0.433841 	 -0.946933 	 296.222453 	 297.433055 	 298.181755 	 296.048025 	 296.127973 	 296.085649
2:14:10.828 PM 4/14/2023 	 0.398953 	 -0.709452 	 296.223986 	 297.451766 	 298.183111 	 296.048916 	 296.106762 	 296.076664
2:14:21.328 PM 4/14/2023 	 0.034884 	 -0.280599 	 296.224139 	 297.468024 	 298.187484 	 296.049547 	 296.141720 	 296.091874
2:14:31.328 PM 4/14/2023 	 -0.227376 	 -0.673202 	 296.226285 	 297.483361 	 298.215265 	 296.049705 	 296.133415 	 296.092032
2:14:41.828 PM 4/14/2023 	 -1.497916 	 0.125990 	 296.229657 	 297.498238 	 298.204424 	 296.039755 	 296.131460 	 296.086315
2:14:52.329 PM 4/14/2023 	 -0.206647 	 -0.189513 	 296.231802 	 297.510661 	 298.197872 	 296.051516 	 296.132874 	 296.100427
2:15:02.828 PM 4/14/2023 	 -0.451225 	 -0.594041 	 296.234715 	 297.523084 	 298.211714 	 296.062128 	 296.117621 	 296.069183
2:15:12.829 PM 4/14/2023 	 -0.187122 	 -0.142359 	 296.235634 	 297.533361 	 298.195851 	 296.050426 	 296.106861 	 296.086639
2:15:23.328 PM 4/14/2023 	 -0.234646 	 -0.634038 	 296.238086 	 297.541489 	 298.194218 	 296.052548 	 296.130144 	 296.096756
2:15:33.828 PM 4/14/2023 	 -0.407636 	 -1.118529 	 296.240539 	 297.548085 	 298.203405 	 296.050960 	 296.121032 	 296.078238
2:15:44.328 PM 4/14/2023 	 -0.658433 	 -1.508438 	 296.242531 	 297.558821 	 298.199950 	 296.073827 	 296.126026 	 296.088405
2:15:54.329 PM 4/14/2023 	 0.903304 	 -1.285553 	 296.243757 	 297.567717 	 298.213872 	 296.046894 	 296.115557 	 296.067118
2:16:04.828 PM 4/14/2023 	 -0.212395 	 -0.466398 	 296.247129 	 297.576152 	 298.185188 	 296.058528 	 296.145057 	 296.109319
2:16:15.328 PM 4/14/2023 	 -0.322612 	 0.367456 	 296.248662 	 297.581981 	 298.196040 	 296.046854 	 296.129153 	 296.087770
2:16:25.329 PM 4/14/2023 	 -0.097148 	 -0.752200 	 296.251880 	 297.588422 	 298.194799 	 296.044196 	 296.142954 	 296.087464
2:16:35.828 PM 4/14/2023 	 0.335711 	 -0.448644 	 296.254333 	 297.594864 	 298.172386 	 296.051312 	 296.151009 	 296.065892
2:16:46.328 PM 4/14/2023 	 0.081183 	 0.258815 	 296.255099 	 297.603300 	 298.193282 	 296.056781 	 296.142841 	 296.106162
2:16:56.828 PM 4/14/2023 	 0.143569 	 -0.778081 	 296.257245 	 297.608362 	 298.197946 	 296.052061 	 296.138121 	 296.070403
2:17:07.328 PM 4/14/2023 	 -0.600000 	 -0.932519 	 296.258624 	 297.614343 	 298.184014 	 296.031951 	 296.141527 	 296.078512
2:17:17.828 PM 4/14/2023 	 0.389614 	 0.039130 	 296.258777 	 297.617564 	 298.177235 	 296.030315 	 296.134719 	 296.068881
2:17:27.828 PM 4/14/2023 	 -1.137859 	 -1.271656 	 296.259697 	 297.622012 	 298.186114 	 296.040175 	 296.126708 	 296.077800
2:17:41.673 PM 4/14/2023 	 0.092731 	 -0.409976 	 296.260003 	 297.626614 	 298.191618 	 296.055110 	 296.125652 	 296.089441
2:17:52.173 PM 4/14/2023 	 -0.732233 	 -0.304215 	 296.258777 	 297.629835 	 298.196860 	 296.044385 	 296.148315 	 296.066960
2:18:02.673 PM 4/14/2023 	 -0.051647 	 -0.267061 	 296.259390 	 297.631522 	 298.188056 	 296.024253 	 296.135242 	 296.084453
2:18:13.173 PM 4/14/2023 	 1.007744 	 -1.413216 	 296.259237 	 297.634589 	 298.190882 	 296.020036 	 296.115978 	 296.075064
2:18:23.173 PM 4/14/2023 	 -0.098543 	 0.007329 	 296.261230 	 297.638577 	 298.194280 	 296.024391 	 296.118921 	 296.055433
2:18:33.673 PM 4/14/2023 	 -0.837841 	 -1.362181 	 296.264142 	 297.645326 	 298.178222 	 296.043064 	 296.136180 	 296.082570
2:18:44.173 PM 4/14/2023 	 0.475102 	 0.069495 	 296.265981 	 297.651154 	 298.159978 	 296.028501 	 296.165821 	 296.065657
2:18:54.673 PM 4/14/2023 	 -0.224256 	 -0.050992 	 296.266900 	 297.657596 	 298.173784 	 296.050834 	 296.123258 	 296.081404
2:19:04.673 PM 4/14/2023 	 -0.686057 	 -0.931814 	 296.269353 	 297.665265 	 298.164126 	 296.046307 	 296.128606 	 296.059005
2:19:14.674 PM 4/14/2023 	 0.836085 	 -1.072415 	 296.270732 	 297.672321 	 298.184434 	 296.040839 	 296.143359 	 296.077053
2:19:25.173 PM 4/14/2023 	 -0.162107 	 -0.620407 	 296.271958 	 297.680910 	 298.159666 	 296.033361 	 296.149520 	 296.068635
2:19:35.173 PM 4/14/2023 	 -0.398760 	 -1.156082 	 296.273951 	 297.687659 	 298.169960 	 296.045112 	 296.135406 	 296.086969
2:19:45.672 PM 4/14/2023 	 -0.806177 	 -0.920007 	 296.275943 	 297.694408 	 298.192610 	 296.054226 	 296.153922 	 296.072097
2:19:55.673 PM 4/14/2023 	 -1.065538 	 -0.828700 	 296.275943 	 297.701003 	 298.199786 	 296.034155 	 296.132915 	 296.078835
2:20:06.173 PM 4/14/2023 	 -0.264543 	 -0.413416 	 296.276403 	 297.706065 	 298.201342 	 296.052179 	 296.140121 	 296.073814
2:20:16.673 PM 4/14/2023 	 -0.407657 	 -1.223732 	 296.276710 	 297.711740 	 298.188310 	 296.045673 	 296.143961 	 296.088941
2:20:27.173 PM 4/14/2023 	 -0.296945 	 -0.285937 	 296.275177 	 297.717108 	 298.188308 	 296.048493 	 296.137845 	 296.078122
2:20:37.673 PM 4/14/2023 	 0.108370 	 -0.450046 	 296.276710 	 297.722937 	 298.221108 	 296.043346 	 296.148217 	 296.070154
2:20:48.173 PM 4/14/2023 	 -0.328972 	 -0.189461 	 296.275177 	 297.731680 	 298.189456 	 296.050116 	 296.140879 	 296.062815
2:20:58.673 PM 4/14/2023 	 -0.539620 	 -0.289384 	 296.275483 	 297.737508 	 298.179439 	 296.064040 	 296.135992 	 296.086615
2:21:09.173 PM 4/14/2023 	 -0.371929 	 -0.943937 	 296.279928 	 297.743644 	 298.162638 	 296.044812 	 296.159087 	 296.072090
2:21:19.173 PM 4/14/2023 	 0.046325 	 -0.926146 	 296.281001 	 297.748705 	 298.096384 	 296.045052 	 296.139578 	 296.061983
2:21:29.673 PM 4/14/2023 	 0.203024 	 -0.766765 	 296.279928 	 297.753460 	 297.985023 	 296.054564 	 296.124165 	 296.060678
2:21:39.673 PM 4/14/2023 	 0.114989 	 -0.465011 	 296.278702 	 297.757602 	 297.891599 	 296.042132 	 296.141361 	 296.079286
2:21:50.173 PM 4/14/2023 	 0.188341 	 -1.093258 	 296.278549 	 297.761436 	 297.800632 	 296.058522 	 296.157277 	 296.081566
2:22:00.673 PM 4/14/2023 	 -0.163767 	 -1.847201 	 296.278549 	 297.763124 	 297.712090 	 296.038326 	 296.136145 	 296.079243
2:22:11.173 PM 4/14/2023 	 -0.368576 	 -0.891392 	 296.277782 	 297.768492 	 297.624426 	 296.059476 	 296.109797 	 296.056654
2:22:21.173 PM 4/14/2023 	 0.071444 	 0.368814 	 296.277936 	 297.770486 	 297.543960 	 296.036598 	 296.135357 	 296.053530
2:22:31.673 PM 4/14/2023 	 -0.202637 	 -0.619312 	 296.276710 	 297.772787 	 297.533003 	 296.035483 	 296.139416 	 296.067935
2:22:42.173 PM 4/14/2023 	 -0.119850 	 -1.055352 	 296.277629 	 297.776928 	 297.502046 	 296.071215 	 296.141755 	 296.068864
2:22:52.673 PM 4/14/2023 	 -1.529833 	 -0.582788 	 296.277629 	 297.780303 	 297.490568 	 296.056880 	 296.150463 	 296.076163
2:23:03.173 PM 4/14/2023 	 -0.492895 	 -0.792663 	 296.277629 	 297.783984 	 297.453589 	 296.047069 	 296.121844 	 296.084693
2:23:13.174 PM 4/14/2023 	 -0.651448 	 -0.801262 	 296.277629 	 297.785671 	 297.443266 	 296.041418 	 296.135945 	 296.067286
2:23:23.673 PM 4/14/2023 	 0.196172 	 -0.886846 	 296.278089 	 297.788432 	 297.443801 	 296.031137 	 296.131779 	 296.062649
2:23:33.674 PM 4/14/2023 	 -0.270740 	 -0.654104 	 296.278549 	 297.791807 	 297.401636 	 296.049991 	 296.134171 	 296.058457
2:23:44.173 PM 4/14/2023 	 -0.710603 	 -0.797467 	 296.279775 	 297.796715 	 297.399516 	 296.024819 	 296.142390 	 296.037047
2:23:54.173 PM 4/14/2023 	 -0.257825 	 -0.423007 	 296.278549 	 297.800550 	 297.386587 	 296.038662 	 296.146826 	 296.074876
2:24:04.673 PM 4/14/2023 	 -0.300119 	 0.564454 	 296.279775 	 297.805612 	 297.388461 	 296.050888 	 296.126133 	 296.051829
2:24:14.673 PM 4/14/2023 	 -0.762694 	 0.224626 	 296.278855 	 297.811900 	 297.382929 	 296.031231 	 296.135634 	 296.061802
2:24:24.674 PM 4/14/2023 	 -0.230685 	 0.249615 	 296.279468 	 297.816656 	 297.367864 	 296.062215 	 296.148273 	 296.086200
2:24:35.173 PM 4/14/2023 	 -1.333817 	 -0.491995 	 296.281921 	 297.822484 	 297.367807 	 296.038642 	 296.142574 	 296.055574
2:24:45.173 PM 4/14/2023 	 0.037202 	 -1.054526 	 296.281921 	 297.827393 	 297.347847 	 296.049668 	 296.145603 	 296.062837
2:24:55.174 PM 4/14/2023 	 0.548826 	 -0.331192 	 296.283913 	 297.830307 	 297.343439 	 296.031138 	 296.145417 	 296.067353
2:25:05.673 PM 4/14/2023 	 -0.778972 	 -0.836791 	 296.284373 	 297.835676 	 297.299539 	 296.043088 	 296.143727 	 296.063312
2:25:16.173 PM 4/14/2023 	 0.273918 	 -0.809758 	 296.286059 	 297.839664 	 297.308894 	 296.048235 	 296.152165 	 296.072691
2:25:26.673 PM 4/14/2023 	 -0.224759 	 -0.181284 	 296.288051 	 297.843959 	 297.319240 	 296.039796 	 296.137144 	 296.072247
2:25:36.674 PM 4/14/2023 	 -0.243180 	 -1.134633 	 296.288205 	 297.848100 	 297.300746 	 296.051353 	 296.150580 	 296.060289
2:25:47.173 PM 4/14/2023 	 0.258650 	 -1.308065 	 296.289278 	 297.852088 	 297.296035 	 296.042867 	 296.149619 	 296.048511
2:25:57.673 PM 4/14/2023 	 -0.067057 	 0.051158 	 296.290810 	 297.855770 	 297.274307 	 296.047890 	 296.137243 	 296.069054
2:26:07.673 PM 4/14/2023 	 0.125356 	 -0.124499 	 296.291423 	 297.859144 	 297.296257 	 296.054848 	 296.148431 	 296.070368
2:26:18.173 PM 4/14/2023 	 -0.212940 	 -0.392381 	 296.293876 	 297.862059 	 297.302391 	 296.046888 	 296.148467 	 296.055354
2:26:28.672 PM 4/14/2023 	 0.184891 	 0.314691 	 296.297094 	 297.862519 	 297.280691 	 296.031245 	 296.146464 	 296.073574
2:26:38.673 PM 4/14/2023 	 -0.293127 	 -1.485652 	 296.300006 	 297.862826 	 297.270751 	 296.061727 	 296.136029 	 296.075836
2:26:49.173 PM 4/14/2023 	 -1.452401 	 -1.072644 	 296.302612 	 297.862672 	 297.274542 	 296.054240 	 296.150645 	 296.041071
2:26:59.673 PM 4/14/2023 	 -0.241186 	 -1.039749 	 296.304145 	 297.864666 	 297.262100 	 296.047880 	 296.148988 	 296.063871
2:27:10.173 PM 4/14/2023 	 -1.016306 	 -0.248682 	 296.304451 	 297.866967 	 297.232927 	 296.044031 	 296.158776 	 296.049204
2:27:20.174 PM 4/14/2023 	 0.382367 	 -0.796334 	 296.305830 	 297.866967 	 297.245973 	 296.042059 	 296.155864 	 296.089089
2:27:30.672 PM 4/14/2023 	 0.086249 	 -1.467358 	 296.308130 	 297.869421 	 297.242320 	 296.051566 	 296.141858 	 296.078843
2:27:40.673 PM 4/14/2023 	 -0.160349 	 -1.116227 	 296.311655 	 297.869115 	 297.251435 	 296.028721 	 296.155226 	 296.047535
2:27:51.173 PM 4/14/2023 	 0.177385 	 -0.805729 	 296.312421 	 297.869575 	 297.251400 	 296.055025 	 296.150489 	 296.058787
2:28:01.673 PM 4/14/2023 	 -0.401865 	 -1.180521 	 296.315486 	 297.869268 	 297.241988 	 296.061580 	 296.159394 	 296.081333
2:28:12.174 PM 4/14/2023 	 -0.276086 	 -0.420442 	 296.315486 	 297.866814 	 297.234950 	 296.063931 	 296.174440 	 296.075688
2:28:22.673 PM 4/14/2023 	 -0.961364 	 -1.297047 	 296.317632 	 297.864053 	 297.228429 	 296.034818 	 296.153798 	 296.070092
2:28:32.673 PM 4/14/2023 	 -1.317513 	 -1.224551 	 296.319471 	 297.860371 	 297.220718 	 296.044020 	 296.159706 	 296.060481
2:28:43.173 PM 4/14/2023 	 -0.047822 	 -0.421892 	 296.321157 	 297.855309 	 297.222175 	 296.029489 	 296.145648 	 296.073698
2:28:53.674 PM 4/14/2023 	 -0.174639 	 -0.551357 	 296.324529 	 297.851015 	 297.217692 	 296.048981 	 296.164195 	 296.062620
2:29:04.173 PM 4/14/2023 	 0.344845 	 -1.026459 	 296.324529 	 297.845493 	 297.214934 	 296.040572 	 296.141682 	 296.041513
2:29:14.674 PM 4/14/2023 	 -0.015416 	 -0.947030 	 296.324989 	 297.843652 	 297.212877 	 296.042273 	 296.156079 	 296.055442
2:29:25.173 PM 4/14/2023 	 -0.136732 	 -0.548813 	 296.328208 	 297.844419 	 297.223020 	 296.059026 	 296.140382 	 296.070313
2:29:35.673 PM 4/14/2023 	 -0.025521 	 -0.525588 	 296.329127 	 297.845493 	 297.216697 	 296.047513 	 296.163668 	 296.053157
2:29:45.673 PM 4/14/2023 	 -0.202272 	 -0.953085 	 296.330047 	 297.848714 	 297.191205 	 296.057233 	 296.166803 	 296.060996
2:29:55.674 PM 4/14/2023 	 -0.516852 	 -0.327837 	 296.334185 	 297.850708 	 297.202527 	 296.039893 	 296.163104 	 296.061998
2:30:06.173 PM 4/14/2023 	 0.069068 	 -0.625457 	 296.337097 	 297.851168 	 297.190755 	 296.042202 	 296.160240 	 296.081708
2:30:16.173 PM 4/14/2023 	 -0.360778 	 -1.268424 	 296.339397 	 297.856230 	 297.187245 	 296.057026 	 296.171768 	 296.053734
2:30:26.173 PM 4/14/2023 	 -0.370664 	 -1.085519 	 296.342309 	 297.859604 	 297.189002 	 296.042796 	 296.156602 	 296.057846
2:30:36.673 PM 4/14/2023 	 -0.574661 	 0.253215 	 296.342769 	 297.863899 	 297.190238 	 296.036510 	 296.170066 	 296.068021
2:30:47.173 PM 4/14/2023 	 -0.342012 	 -0.228361 	 296.345221 	 297.868348 	 297.203185 	 296.034908 	 296.175988 	 296.050429
2:30:57.173 PM 4/14/2023 	 -0.615562 	 -0.875279 	 296.348899 	 297.873716 	 297.187876 	 296.053896 	 296.183215 	 296.073649
2:31:07.673 PM 4/14/2023 	 0.061277 	 -0.817526 	 296.352884 	 297.878625 	 297.203429 	 296.053966 	 296.166828 	 296.062431
2:31:17.673 PM 4/14/2023 	 0.087671 	 -1.289687 	 296.354724 	 297.882766 	 297.194975 	 296.051606 	 296.171522 	 296.078413
2:31:28.174 PM 4/14/2023 	 0.573716 	 -1.264272 	 296.358249 	 297.888595 	 297.187354 	 296.048670 	 296.177050 	 296.061839
2:31:38.673 PM 4/14/2023 	 -0.322682 	 -1.281000 	 296.359782 	 297.894577 	 297.202032 	 296.044100 	 296.164488 	 296.076081
2:31:48.673 PM 4/14/2023 	 -0.502347 	 -0.731818 	 296.361774 	 297.899026 	 297.192927 	 296.041087 	 296.162416 	 296.064133
2:31:58.673 PM 4/14/2023 	 -0.390153 	 -0.530119 	 296.363920 	 297.902861 	 297.204005 	 296.047489 	 296.173518 	 296.056425
2:32:09.173 PM 4/14/2023 	 -0.553940 	 -0.021780 	 296.362694 	 297.905622 	 297.188935 	 296.048844 	 296.165469 	 296.054017
2:32:19.173 PM 4/14/2023 	 0.584690 	 -0.360301 	 296.363307 	 297.910223 	 297.207674 	 296.059162 	 296.168261 	 296.051637
2:32:29.673 PM 4/14/2023 	 -1.127253 	 -1.058928 	 296.365759 	 297.913445 	 297.204706 	 296.056658 	 296.168109 	 296.078291
2:32:40.173 PM 4/14/2023 	 0.550297 	 -1.069812 	 296.367139 	 297.913598 	 297.201555 	 296.045503 	 296.156956 	 296.053968
2:32:50.674 PM 4/14/2023 	 -0.724072 	 -1.175465 	 296.368365 	 297.914212 	 297.187666 	 296.066384 	 296.179713 	 296.064973
2:33:01.173 PM 4/14/2023 	 -0.553535 	 -0.220704 	 296.369591 	 297.915132 	 297.165934 	 296.041778 	 296.177213 	 296.058239
2:33:11.673 PM 4/14/2023 	 -0.360974 	 -0.640241 	 296.370817 	 297.918200 	 297.184032 	 296.052864 	 296.169959 	 296.050042
2:33:22.173 PM 4/14/2023 	 0.779653 	 -0.798262 	 296.370204 	 297.920808 	 297.195217 	 296.052319 	 296.182579 	 296.058433
2:33:32.174 PM 4/14/2023 	 0.149629 	 -0.352248 	 296.371277 	 297.924796 	 297.166814 	 296.045012 	 296.164929 	 296.076522
2:33:42.673 PM 4/14/2023 	 -0.893125 	 -1.244032 	 296.371584 	 297.929398 	 297.184987 	 296.033598 	 296.192074 	 296.082040
2:33:52.673 PM 4/14/2023 	 0.018566 	 -0.139510 	 296.371737 	 297.934766 	 297.214057 	 296.042045 	 296.191585 	 296.058036
2:34:02.673 PM 4/14/2023 	 -0.043527 	 -1.363035 	 296.374649 	 297.939675 	 297.177886 	 296.045293 	 296.186369 	 296.063165
2:34:13.174 PM 4/14/2023 	 -0.446596 	 -0.192724 	 296.377714 	 297.945504 	 297.191696 	 296.073245 	 296.180931 	 296.064780
2:34:23.673 PM 4/14/2023 	 0.025637 	 -0.783403 	 296.378941 	 297.953480 	 297.187572 	 296.059706 	 296.197957 	 296.062528
2:34:34.173 PM 4/14/2023 	 -0.232732 	 -1.269769 	 296.382313 	 297.960997 	 297.188346 	 296.062362 	 296.191679 	 296.070828
2:34:44.173 PM 4/14/2023 	 -0.463461 	 -1.377241 	 296.383232 	 297.969740 	 297.169750 	 296.056421 	 296.194203 	 296.041841
2:34:54.674 PM 4/14/2023 	 0.100272 	 -1.027525 	 296.386604 	 297.979711 	 297.168915 	 296.043355 	 296.177849 	 296.078158
2:35:05.173 PM 4/14/2023 	 -1.002931 	 -1.145095 	 296.385838 	 297.990295 	 297.174720 	 296.048704 	 296.172382 	 296.060932
2:35:15.674 PM 4/14/2023 	 -0.880153 	 -1.132632 	 296.385685 	 297.996891 	 297.184120 	 296.066592 	 296.196378 	 296.076469
2:35:26.174 PM 4/14/2023 	 -0.378140 	 -0.753827 	 296.385991 	 298.007169 	 297.161581 	 296.044000 	 296.178494 	 296.043059
2:35:36.674 PM 4/14/2023 	 -0.765065 	 -0.429965 	 296.385685 	 298.016679 	 297.147426 	 296.036866 	 296.169481 	 296.070729
2:35:47.173 PM 4/14/2023 	 -0.238109 	 -0.301329 	 296.384458 	 298.026650 	 297.182089 	 296.049506 	 296.183058 	 296.056561
2:35:57.674 PM 4/14/2023 	 -0.715246 	 -0.587197 	 296.385225 	 298.035241 	 297.182562 	 296.044336 	 296.196697 	 296.053743
2:36:08.173 PM 4/14/2023 	 0.378006 	 -1.059019 	 296.383692 	 298.042757 	 297.186674 	 296.042815 	 296.190474 	 296.069152
2:36:18.173 PM 4/14/2023 	 0.412222 	 -0.581655 	 296.385225 	 298.050734 	 297.157121 	 296.027770 	 296.203175 	 296.054579
2:36:28.673 PM 4/14/2023 	 0.008948 	 -0.304540 	 296.383539 	 298.058711 	 297.181058 	 296.055527 	 296.188608 	 296.062112
2:36:39.174 PM 4/14/2023 	 -0.562147 	 -1.121053 	 296.382466 	 298.068528 	 297.181103 	 296.060746 	 296.193825 	 296.067800
2:36:49.672 PM 4/14/2023 	 -0.252396 	 -0.534553 	 296.382466 	 298.080340 	 297.187921 	 296.046887 	 296.169155 	 296.053471
2:36:59.673 PM 4/14/2023 	 -0.382138 	 -0.722424 	 296.382772 	 298.090158 	 297.190225 	 296.046374 	 296.199675 	 296.044493
2:37:09.673 PM 4/14/2023 	 -0.330337 	 -0.144115 	 296.382313 	 298.102123 	 297.191716 	 296.035169 	 296.189414 	 296.061978
2:37:20.173 PM 4/14/2023 	 0.017036 	 -0.302972 	 296.381853 	 298.113014 	 297.187693 	 296.050891 	 296.183502 	 296.065941
2:37:30.174 PM 4/14/2023 	 -0.400576 	 -0.183809 	 296.382313 	 298.126360 	 297.173819 	 296.051093 	 296.178062 	 296.055325
2:37:40.673 PM 4/14/2023 	 -0.305548 	 -0.875214 	 296.382466 	 298.140473 	 297.173712 	 296.048164 	 296.182186 	 296.046753
2:37:50.673 PM 4/14/2023 	 0.306782 	 -0.460024 	 296.382926 	 298.151672 	 297.186601 	 296.048855 	 296.172533 	 296.053558
2:38:01.173 PM 4/14/2023 	 -0.290689 	 -0.374048 	 296.383232 	 298.166859 	 297.174095 	 296.040552 	 296.196675 	 296.052310
2:38:11.673 PM 4/14/2023 	 -1.426962 	 -0.577200 	 296.382006 	 298.179745 	 297.159153 	 296.047210 	 296.175591 	 296.074488
2:38:21.674 PM 4/14/2023 	 -0.536270 	 -0.774054 	 296.383999 	 298.189563 	 297.181787 	 296.063313 	 296.191219 	 296.060961
2:38:31.674 PM 4/14/2023 	 -0.156294 	 -0.314067 	 296.382159 	 298.201068 	 297.118038 	 296.036570 	 296.186113 	 296.057735
2:38:42.173 PM 4/14/2023 	 -0.455479 	 0.072278 	 296.381853 	 298.212267 	 297.006109 	 296.039160 	 296.178827 	 296.056091
2:38:52.174 PM 4/14/2023 	 0.311977 	 -0.892652 	 296.383539 	 298.225307 	 296.897644 	 296.035839 	 296.182561 	 296.065940
2:39:02.674 PM 4/14/2023 	 0.370277 	 -0.748931 	 296.384458 	 298.234051 	 296.845876 	 296.053588 	 296.177265 	 296.067698
2:39:13.173 PM 4/14/2023 	 -0.478365 	 0.011458 	 296.383999 	 298.244329 	 296.718613 	 296.050763 	 296.181493 	 296.044648
2:39:23.674 PM 4/14/2023 	 0.099452 	 0.010002 	 296.384458 	 298.250312 	 296.623426 	 296.036345 	 296.185417 	 296.071619
2:39:34.173 PM 4/14/2023 	 -0.797656 	 -0.552966 	 296.384765 	 298.258596 	 296.565563 	 296.060721 	 296.182515 	 296.066365
2:39:44.173 PM 4/14/2023 	 -0.720694 	 -0.182431 	 296.385378 	 298.269028 	 296.521052 	 296.036858 	 296.207088 	 296.053319
2:39:54.673 PM 4/14/2023 	 -0.665563 	 -0.964503 	 296.383845 	 298.278693 	 296.504144 	 296.035453 	 296.177003 	 296.046271
2:40:05.173 PM 4/14/2023 	 -0.178192 	 -0.776582 	 296.384612 	 298.290045 	 296.465659 	 296.056664 	 296.192094 	 296.048668
2:40:15.174 PM 4/14/2023 	 -0.096418 	 -1.878169 	 296.388750 	 298.299863 	 296.470057 	 296.061066 	 296.190383 	 296.063888
2:40:25.673 PM 4/14/2023 	 -0.434877 	 -1.126194 	 296.391662 	 298.312136 	 296.443588 	 296.046332 	 296.192580 	 296.050095
2:40:36.173 PM 4/14/2023 	 0.688494 	 -0.568178 	 296.394115 	 298.321648 	 296.422342 	 296.037297 	 296.188720 	 296.046233
2:40:46.173 PM 4/14/2023 	 0.335978 	 -0.122250 	 296.395954 	 298.332387 	 296.420407 	 296.045707 	 296.184432 	 296.066401
2:40:56.174 PM 4/14/2023 	 -0.381400 	 -0.201513 	 296.397946 	 298.341745 	 296.405367 	 296.046647 	 296.185842 	 296.055583
2:41:06.674 PM 4/14/2023 	 -1.089267 	 -1.222732 	 296.397487 	 298.355398 	 296.398399 	 296.047669 	 296.199558 	 296.051431
2:41:17.173 PM 4/14/2023 	 -0.477888 	 -0.589081 	 296.397027 	 298.370433 	 296.365877 	 296.042873 	 296.178307 	 296.053220
2:41:27.174 PM 4/14/2023 	 0.190918 	 -0.650830 	 296.396720 	 298.383933 	 296.387690 	 296.024253 	 296.179912 	 296.044948
2:41:37.673 PM 4/14/2023 	 -0.428697 	 -0.265185 	 296.395034 	 298.396667 	 296.355182 	 296.046751 	 296.176543 	 296.056158
2:41:48.173 PM 4/14/2023 	 -0.511396 	 -0.045960 	 296.393501 	 298.406639 	 296.344712 	 296.050384 	 296.185346 	 296.055087
2:41:58.173 PM 4/14/2023 	 -0.368763 	 -1.200593 	 296.392582 	 298.415690 	 296.328137 	 296.052141 	 296.193686 	 296.062018
2:42:08.673 PM 4/14/2023 	 -1.600252 	 -0.917124 	 296.396567 	 298.427350 	 296.329742 	 296.029290 	 296.200933 	 296.057980
2:42:18.673 PM 4/14/2023 	 -0.094030 	 -0.977774 	 296.397027 	 298.437169 	 296.309568 	 296.033561 	 296.179343 	 296.050963
2:42:29.173 PM 4/14/2023 	 0.154225 	 0.306345 	 296.397487 	 298.446067 	 296.285163 	 296.042537 	 296.176091 	 296.053354
2:42:39.673 PM 4/14/2023 	 0.267606 	 0.082199 	 296.395341 	 298.455272 	 296.273693 	 296.051284 	 296.201292 	 296.049403
2:42:49.673 PM 4/14/2023 	 -0.926062 	 -0.634067 	 296.393655 	 298.461716 	 296.294647 	 296.044030 	 296.187458 	 296.068957
2:43:00.173 PM 4/14/2023 	 -0.125803 	 -0.397514 	 296.397487 	 298.468773 	 296.291184 	 296.048561 	 296.199510 	 296.080542
2:43:10.173 PM 4/14/2023 	 -0.948077 	 -0.530330 	 296.400092 	 298.473682 	 296.267308 	 296.015736 	 296.189735 	 296.058066
2:43:20.673 PM 4/14/2023 	 -1.037229 	 -0.815155 	 296.404997 	 298.479205 	 296.289678 	 296.032473 	 296.178726 	 296.050346
2:43:31.173 PM 4/14/2023 	 0.311898 	 -0.442853 	 296.406223 	 298.482427 	 296.286945 	 296.032561 	 296.168939 	 296.048082
2:43:41.174 PM 4/14/2023 	 0.005285 	 -0.552977 	 296.406683 	 298.485956 	 296.235202 	 296.033941 	 296.201351 	 296.066393
2:43:51.673 PM 4/14/2023 	 -0.981504 	 -0.687061 	 296.403924 	 298.489791 	 296.265327 	 296.045266 	 296.189164 	 296.036330
2:44:02.173 PM 4/14/2023 	 -0.375526 	 -0.435131 	 296.404690 	 298.491632 	 296.254755 	 296.040333 	 296.196927 	 296.068552
2:44:12.173 PM 4/14/2023 	 -0.263144 	 -0.681376 	 296.405917 	 298.493473 	 296.243176 	 296.029690 	 296.188638 	 296.063083
2:44:22.673 PM 4/14/2023 	 0.140212 	 -1.082182 	 296.403311 	 298.493934 	 296.233130 	 296.042216 	 296.189876 	 296.050682
2:44:33.173 PM 4/14/2023 	 -0.794709 	 -0.955454 	 296.403464 	 298.491939 	 296.216369 	 296.037207 	 296.208847 	 296.079064
2:44:43.173 PM 4/14/2023 	 -0.929097 	 -0.887399 	 296.402851 	 298.489638 	 296.244206 	 296.031661 	 296.201422 	 296.059410
2:44:53.173 PM 4/14/2023 	 0.029992 	 -1.149598 	 296.401012 	 298.490098 	 296.232055 	 296.043962 	 296.187860 	 296.049135
2:45:03.674 PM 4/14/2023 	 -1.054667 	 -0.282051 	 296.399632 	 298.489024 	 296.224473 	 296.018504 	 296.202845 	 296.060833
2:45:14.173 PM 4/14/2023 	 -0.620451 	 -0.947957 	 296.398866 	 298.486570 	 296.238034 	 296.028779 	 296.184436 	 296.041949
2:45:24.173 PM 4/14/2023 	 -0.134715 	 -0.830213 	 296.397027 	 298.482888 	 296.231059 	 296.037322 	 296.190155 	 296.058016
2:45:34.673 PM 4/14/2023 	 -1.536488 	 0.069829 	 296.395341 	 298.478592 	 296.222259 	 296.068966 	 296.210505 	 296.066144
2:45:45.173 PM 4/14/2023 	 -0.422607 	 -0.206605 	 296.394421 	 298.473836 	 296.208569 	 296.050098 	 296.214682 	 296.062797
2:45:55.673 PM 4/14/2023 	 -0.471231 	 -0.910027 	 296.393042 	 298.470921 	 296.202082 	 296.050664 	 296.207254 	 296.053486
2:46:05.673 PM 4/14/2023 	 -0.258450 	 -0.872496 	 296.394115 	 298.469080 	 296.192628 	 296.037444 	 296.188866 	 296.056257
2:46:16.173 PM 4/14/2023 	 -0.460743 	 -1.443805 	 296.393808 	 298.468313 	 296.182502 	 296.054593 	 296.204130 	 296.050361
2:46:26.173 PM 4/14/2023 	 -0.386860 	 -0.650332 	 296.393348 	 298.468466 	 296.184641 	 296.040272 	 296.195455 	 296.051560
2:46:36.174 PM 4/14/2023 	 -0.222381 	 -1.360328 	 296.393808 	 298.469080 	 296.162400 	 296.025550 	 296.193903 	 296.084339
2:46:46.673 PM 4/14/2023 	 -0.096348 	 -1.255740 	 296.392275 	 298.468159 	 296.165134 	 296.047098 	 296.203219 	 296.049920
2:46:57.173 PM 4/14/2023 	 -0.728109 	 -0.885271 	 296.393808 	 298.468620 	 296.192536 	 296.051461 	 296.188774 	 296.084853
2:47:07.673 PM 4/14/2023 	 -1.003130 	 -0.979339 	 296.393348 	 298.466932 	 296.185372 	 296.020309 	 296.203239 	 296.069222
2:47:17.673 PM 4/14/2023 	 -0.029562 	 -1.282017 	 296.392735 	 298.466932 	 296.190701 	 296.055270 	 296.206217 	 296.044923
2:47:28.173 PM 4/14/2023 	 -0.554861 	 -0.003360 	 296.392735 	 298.470154 	 296.166359 	 296.040327 	 296.197861 	 296.055848
2:47:38.673 PM 4/14/2023 	 0.030747 	 -1.554280 	 296.393348 	 298.468926 	 296.186016 	 296.031300 	 296.212345 	 296.059049
2:47:49.173 PM 4/14/2023 	 -0.066925 	 -0.883354 	 296.392582 	 298.468313 	 296.173577 	 296.018387 	 296.185802 	 296.038612
2:47:59.673 PM 4/14/2023 	 -0.436316 	 -0.316483 	 296.390589 	 298.466165 	 296.188331 	 296.057602 	 296.212779 	 296.069360
2:48:10.174 PM 4/14/2023 	 -0.473937 	 -0.735993 	 296.393042 	 298.462329 	 296.206538 	 296.066408 	 296.216881 	 296.069230
2:48:20.673 PM 4/14/2023 	 -0.190030 	 -1.109770 	 296.395034 	 298.460182 	 296.178573 	 296.031380 	 296.214306 	 296.084525
2:48:30.674 PM 4/14/2023 	 0.336410 	 -0.798389 	 296.397640 	 298.457267 	 296.193734 	 296.032907 	 296.211601 	 296.067710
2:48:41.173 PM 4/14/2023 	 -0.181524 	 -0.897155 	 296.398253 	 298.449135 	 296.188367 	 296.040707 	 296.202943 	 296.049643
2:48:51.673 PM 4/14/2023 	 0.094604 	 -1.664076 	 296.397946 	 298.441771 	 296.190016 	 296.030127 	 296.219166 	 296.067753
2:49:02.173 PM 4/14/2023 	 -0.510882 	 -0.042168 	 296.397180 	 298.434100 	 296.206160 	 296.035459 	 296.224496 	 296.063679
2:49:12.173 PM 4/14/2023 	 0.608784 	 -0.265627 	 296.398866 	 298.425663 	 296.195289 	 296.051394 	 296.191058 	 296.071617
2:49:22.673 PM 4/14/2023 	 0.364562 	 -0.827442 	 296.401778 	 298.419066 	 296.181220 	 296.044376 	 296.221185 	 296.055663
2:49:33.173 PM 4/14/2023 	 -0.677859 	 -0.665490 	 296.402391 	 298.416764 	 296.195407 	 296.041164 	 296.232549 	 296.074086
2:49:43.174 PM 4/14/2023 	 -0.605312 	 -0.518552 	 296.401318 	 298.414617 	 296.170391 	 296.036835 	 296.228222 	 296.062232
2:49:53.673 PM 4/14/2023 	 -0.456641 	 0.053799 	 296.403158 	 298.417992 	 296.180727 	 296.038238 	 296.198123 	 296.058932
2:50:04.174 PM 4/14/2023 	 -0.758740 	 -0.574248 	 296.404077 	 298.418912 	 296.195992 	 296.061033 	 296.213388 	 296.052567
2:50:14.174 PM 4/14/2023 	 -0.407846 	 -0.083372 	 296.405457 	 298.423975 	 296.167850 	 296.042290 	 296.220510 	 296.055929
2:50:24.674 PM 4/14/2023 	 0.271598 	 0.085449 	 296.408982 	 298.428731 	 296.157604 	 296.051324 	 296.220138 	 296.057908
2:50:34.674 PM 4/14/2023 	 0.431326 	 -0.999103 	 296.412354 	 298.437629 	 296.145710 	 296.037546 	 296.212007 	 296.073760
2:50:44.674 PM 4/14/2023 	 0.208542 	 -0.974102 	 296.412507 	 298.443919 	 296.159358 	 296.045554 	 296.208258 	 296.055901
2:50:55.173 PM 4/14/2023 	 0.118400 	 -0.433701 	 296.415573 	 298.450823 	 296.167605 	 296.029345 	 296.224966 	 296.065090
2:51:05.173 PM 4/14/2023 	 0.077017 	 -1.317160 	 296.419711 	 298.456806 	 296.156466 	 296.043601 	 296.208657 	 296.049245
2:51:15.673 PM 4/14/2023 	 -1.023807 	 -0.195411 	 296.422010 	 298.460642 	 296.160819 	 296.055010 	 296.234636 	 296.044192
2:51:26.173 PM 4/14/2023 	 -0.392681 	 -0.262000 	 296.424156 	 298.464477 	 296.160507 	 296.054698 	 296.222571 	 296.080565
2:51:36.673 PM 4/14/2023 	 -0.243078 	 -0.304280 	 296.426455 	 298.469233 	 296.149887 	 296.053482 	 296.226996 	 296.077467
2:51:46.673 PM 4/14/2023 	 0.111081 	 -1.325232 	 296.427835 	 298.473069 	 296.170656 	 296.064379 	 296.215323 	 296.063908
2:51:56.673 PM 4/14/2023 	 -0.449312 	 -0.700043 	 296.430900 	 298.473222 	 296.185812 	 296.039092 	 296.215903 	 296.086122
2:52:06.674 PM 4/14/2023 	 -0.304313 	 -0.671867 	 296.432586 	 298.477978 	 296.186273 	 296.039553 	 296.223886 	 296.054603
2:52:17.173 PM 4/14/2023 	 -0.054594 	 -1.236520 	 296.436112 	 298.481200 	 296.177955 	 296.059922 	 296.239546 	 296.065096
2:52:27.173 PM 4/14/2023 	 -0.238829 	 -0.487060 	 296.437338 	 298.483961 	 296.190988 	 296.046151 	 296.222959 	 296.069666
2:52:37.673 PM 4/14/2023 	 0.055886 	 -0.500551 	 296.437644 	 298.487950 	 296.186254 	 296.043296 	 296.230919 	 296.055525
2:52:47.673 PM 4/14/2023 	 -0.786353 	 -0.975705 	 296.444695 	 298.492706 	 296.181584 	 296.043799 	 296.219198 	 296.065434
2:52:58.173 PM 4/14/2023 	 -0.334046 	 -1.191180 	 296.453892 	 298.497616 	 296.177730 	 296.050761 	 296.234149 	 296.053582
2:53:08.173 PM 4/14/2023 	 -0.046153 	 -0.253995 	 296.470139 	 298.502986 	 296.180287 	 296.055670 	 296.232475 	 296.071191
2:53:18.674 PM 4/14/2023 	 -0.238051 	 -0.401168 	 296.488532 	 298.509889 	 296.167221 	 296.047304 	 296.245738 	 296.070349
2:53:29.173 PM 4/14/2023 	 -0.778996 	 -0.489338 	 296.495889 	 298.516793 	 296.162330 	 296.051348 	 296.210759 	 296.063106
2:53:39.673 PM 4/14/2023 	 -0.439337 	 -1.010893 	 296.498648 	 298.523084 	 296.176438 	 296.039122 	 296.235679 	 296.062638
2:53:50.173 PM 4/14/2023 	 0.100736 	 -0.127282 	 296.498189 	 298.533516 	 296.180736 	 296.040129 	 296.215529 	 296.063174
2:54:00.173 PM 4/14/2023 	 -0.118326 	 -0.239384 	 296.497422 	 298.542261 	 296.182532 	 296.052742 	 296.241302 	 296.048980
2:54:10.173 PM 4/14/2023 	 -0.705651 	 -0.678497 	 296.495889 	 298.552387 	 296.178016 	 296.043522 	 296.243838 	 296.059513
2:54:20.673 PM 4/14/2023 	 -0.011422 	 -0.194872 	 296.496809 	 298.565735 	 296.165627 	 296.042887 	 296.236152 	 296.051823
2:54:30.674 PM 4/14/2023 	 -0.258133 	 -0.740862 	 296.496503 	 298.576628 	 296.189561 	 296.032494 	 296.238457 	 296.066357
2:54:41.173 PM 4/14/2023 	 0.064073 	 -0.946759 	 296.497882 	 298.589976 	 296.169542 	 296.047274 	 296.225493 	 296.052918
2:54:51.173 PM 4/14/2023 	 0.058032 	 -0.504178 	 296.496809 	 298.596113 	 296.154542 	 296.049202 	 296.228830 	 296.063311
2:55:01.673 PM 4/14/2023 	 -1.052300 	 -0.828714 	 296.499262 	 298.607006 	 296.190406 	 296.043687 	 296.244944 	 296.059678
2:55:11.674 PM 4/14/2023 	 -0.296593 	 -0.474091 	 296.499415 	 298.614524 	 296.181350 	 296.039332 	 296.229777 	 296.061437
2:55:22.174 PM 4/14/2023 	 -0.743661 	 -1.229200 	 296.499262 	 298.623423 	 296.179503 	 296.037955 	 296.234512 	 296.058649
2:55:32.673 PM 4/14/2023 	 -0.536594 	 -1.454706 	 296.499721 	 298.630787 	 296.177394 	 296.024086 	 296.246977 	 296.061712
2:55:43.173 PM 4/14/2023 	 -0.216997 	 -0.883703 	 296.498802 	 298.641067 	 296.191707 	 296.041226 	 296.230260 	 296.048281
2:55:53.173 PM 4/14/2023 	 -0.509901 	 -0.643702 	 296.497882 	 298.651193 	 296.166117 	 296.040086 	 296.244165 	 296.076770
2:56:03.674 PM 4/14/2023 	 0.123018 	 -1.342401 	 296.495736 	 298.661319 	 296.154001 	 296.037843 	 296.222177 	 296.069825
2:56:14.173 PM 4/14/2023 	 -0.885154 	 -0.266981 	 296.495276 	 298.669451 	 296.157449 	 296.052580 	 296.238789 	 296.060105
2:56:24.673 PM 4/14/2023 	 -0.530651 	 -1.365913 	 296.495736 	 298.680037 	 296.158090 	 296.053691 	 296.236609 	 296.069682
2:56:34.673 PM 4/14/2023 	 0.002602 	 -0.455983 	 296.493284 	 298.687862 	 296.157099 	 296.038591 	 296.237029 	 296.074334
2:56:45.174 PM 4/14/2023 	 -0.279884 	 -1.196955 	 296.490985 	 298.694613 	 296.161111 	 296.044485 	 296.241510 	 296.052480
2:56:55.674 PM 4/14/2023 	 -0.135262 	 -0.997445 	 296.489452 	 298.702438 	 296.174854 	 296.032364 	 296.227043 	 296.053058
2:57:06.173 PM 4/14/2023 	 -0.315622 	 -0.306102 	 296.488226 	 298.707194 	 296.180163 	 296.052724 	 296.249276 	 296.054605
2:57:16.174 PM 4/14/2023 	 -0.908238 	 -0.039042 	 296.486233 	 298.713025 	 296.169050 	 296.047723 	 296.233933 	 296.062773
2:57:26.673 PM 4/14/2023 	 0.109046 	 -0.553521 	 296.484700 	 298.721617 	 296.169359 	 296.049443 	 296.243175 	 296.072958
2:57:36.673 PM 4/14/2023 	 0.241484 	 -1.125133 	 296.485467 	 298.729902 	 296.146957 	 296.065131 	 296.238171 	 296.071715
2:57:46.673 PM 4/14/2023 	 -0.332058 	 -1.176386 	 296.486080 	 298.735426 	 296.045669 	 296.046139 	 296.230940 	 296.062600
2:57:56.674 PM 4/14/2023 	 0.156078 	 -0.747196 	 296.482401 	 298.744478 	 295.956503 	 296.042581 	 296.235375 	 296.075502
2:58:07.172 PM 4/14/2023 	 -0.755674 	 -1.051185 	 296.483321 	 298.751996 	 295.829202 	 296.041368 	 296.223820 	 296.076641
2:58:17.173 PM 4/14/2023 	 0.002921 	 -0.302778 	 296.482401 	 298.761663 	 295.717346 	 296.037280 	 296.225376 	 296.075846
2:58:27.673 PM 4/14/2023 	 -0.059873 	 0.054867 	 296.481175 	 298.770562 	 295.615514 	 296.047938 	 296.228977 	 296.061577
2:58:37.673 PM 4/14/2023 	 -0.290271 	 -0.453448 	 296.479335 	 298.779614 	 295.548373 	 296.044827 	 296.241852 	 296.089506
2:58:48.173 PM 4/14/2023 	 -0.679505 	 -0.933000 	 296.477190 	 298.788667 	 295.502072 	 296.064423 	 296.234642 	 296.056427
2:58:58.173 PM 4/14/2023 	 -0.159979 	 -0.384515 	 296.476423 	 298.798947 	 295.480548 	 296.041983 	 296.244651 	 296.059855
2:59:08.673 PM 4/14/2023 	 -0.510746 	 -1.213680 	 296.476576 	 298.808920 	 295.449307 	 296.045114 	 296.241199 	 296.078506
2:59:19.173 PM 4/14/2023 	 -0.395622 	 -0.928712 	 296.474890 	 298.819968 	 295.423483 	 296.056009 	 296.252559 	 296.064945
2:59:29.674 PM 4/14/2023 	 -0.591218 	 -0.366615 	 296.471672 	 298.830708 	 295.451088 	 296.037487 	 296.228873 	 296.060532
2:59:40.173 PM 4/14/2023 	 -0.768868 	 -0.401113 	 296.471978 	 298.842676 	 295.396061 	 296.053081 	 296.234118 	 296.069071
2:59:50.673 PM 4/14/2023 	 0.270347 	 -0.818577 	 296.469066 	 298.854184 	 295.414443 	 296.031930 	 296.233192 	 296.069556
3:00:01.173 PM 4/14/2023 	 -0.240014 	 -0.625317 	 296.469679 	 298.865231 	 295.401415 	 296.066892 	 296.233350 	 296.067833
3:00:11.174 PM 4/14/2023 	 -1.049416 	 -0.148485 	 296.469219 	 298.875205 	 295.392686 	 296.047829 	 296.264128 	 296.084043
3:00:21.673 PM 4/14/2023 	 0.543829 	 0.348949 	 296.469526 	 298.884104 	 295.394759 	 296.044725 	 296.219654 	 296.050369
