Timestamp	PTD1 (MPa)	PTD2 (MPa)	RTD0_PVtop (K)	RTD1_room (K)	TC0_bath (K)	TC1_PVtop (K)	TC2_PTD2 (K)	TC3_PVside (K)
8:34:15.824 AM 2024-08-26 	 3.777654 	 1.638804 	 272.554417 	 293.931940 	 -66501.646100 	 -66501.646100 	 -66501.646100 	 -66501.646100
8:34:22.198 AM 2024-08-26 	 3.228403 	 0.427225 	 272.554407 	 293.932553 	 -66501.300167 	 -66501.300167 	 -66501.300167 	 -66501.300167
8:34:27.357 AM 2024-08-26 	 2.051402 	 1.386160 	 272.554418 	 293.931634 	 -66500.818352 	 -66500.818352 	 -66500.818352 	 -66500.818352
8:34:32.535 AM 2024-08-26 	 2.437362 	 0.864249 	 272.554414 	 293.932706 	 -66500.756583 	 -66500.756583 	 -66500.756583 	 -66500.756583
8:34:37.653 AM 2024-08-26 	 2.440633 	 0.564755 	 272.554421 	 293.933319 	 -66500.824529 	 -66500.824529 	 -66500.824529 	 -66500.824529
8:34:42.762 AM 2024-08-26 	 2.108768 	 0.397502 	 272.554407 	 293.932400 	 -66501.077788 	 -66501.077788 	 -66501.077788 	 -66501.077788
8:34:47.901 AM 2024-08-26 	 2.906603 	 1.299007 	 272.554417 	 293.934085 	 -66501.380472 	 -66501.380472 	 -66501.380472 	 -66501.380472
8:34:53.046 AM 2024-08-26 	 2.991645 	 1.213114 	 272.554411 	 293.934544 	 -66501.195154 	 -66501.195154 	 -66501.195154 	 -66501.195154
8:34:58.219 AM 2024-08-26 	 2.220480 	 0.449894 	 272.554414 	 293.934851 	 -66500.935715 	 -66500.935715 	 -66500.935715 	 -66500.935715
8:35:03.386 AM 2024-08-26 	 2.269542 	 1.763488 	 272.554410 	 293.935617 	 -66500.731876 	 -66500.731876 	 -66500.731876 	 -66500.731876
8:35:08.529 AM 2024-08-26 	 2.765956 	 1.324700 	 272.554396 	 293.935157 	 -66500.515687 	 -66500.515687 	 -66500.515687 	 -66500.515687
8:35:13.654 AM 2024-08-26 	 2.780298 	 1.401022 	 272.554398 	 293.935617 	 -66500.138913 	 -66500.138913 	 -66500.138913 	 -66500.138913
8:35:18.781 AM 2024-08-26 	 2.482902 	 1.180368 	 272.554390 	 293.935770 	 -66500.003031 	 -66500.003031 	 -66500.003031 	 -66500.003031
8:35:23.936 AM 2024-08-26 	 2.226015 	 1.551147 	 272.554403 	 293.934544 	 -66499.823917 	 -66499.823917 	 -66499.823917 	 -66499.823917
8:35:29.092 AM 2024-08-26 	 1.741930 	 0.849892 	 272.554403 	 293.936536 	 -66499.681864 	 -66499.681864 	 -66499.681864 	 -66499.681864
8:35:34.246 AM 2024-08-26 	 2.185255 	 0.636291 	 272.554403 	 293.937149 	 -66499.354531 	 -66499.354531 	 -66499.354531 	 -66499.354531
8:35:39.392 AM 2024-08-26 	 3.619144 	 1.328730 	 272.554393 	 293.936383 	 -66498.780183 	 -66498.780183 	 -66498.780183 	 -66498.780183
8:35:44.503 AM 2024-08-26 	 2.792626 	 1.467268 	 272.554403 	 293.934391 	 -66498.279973 	 -66498.279973 	 -66498.279973 	 -66498.279973
8:35:49.662 AM 2024-08-26 	 2.136444 	 0.744855 	 272.554390 	 293.936689 	 -66497.680992 	 -66497.680992 	 -66497.680992 	 -66497.680992
8:35:54.775 AM 2024-08-26 	 2.352572 	 1.209083 	 272.554393 	 293.936230 	 -66496.705415 	 -66496.705415 	 -66496.705415 	 -66496.705415
8:35:59.921 AM 2024-08-26 	 2.466045 	 0.580120 	 272.554397 	 293.936996 	 -66495.853411 	 -66495.853411 	 -66495.853411 	 -66495.853411
8:36:05.032 AM 2024-08-26 	 2.227021 	 0.671555 	 272.554390 	 293.936689 	 -66495.161988 	 -66495.161988 	 -66495.161988 	 -66495.161988
8:36:10.176 AM 2024-08-26 	 2.173178 	 0.835786 	 272.554387 	 293.937455 	 -66494.495307 	 -66494.495307 	 -66494.495307 	 -66494.495307
8:36:15.296 AM 2024-08-26 	 2.583544 	 1.186917 	 272.554388 	 293.937608 	 -66493.797811 	 -66493.797811 	 -66493.797811 	 -66493.797811
8:36:20.417 AM 2024-08-26 	 1.810366 	 0.352918 	 272.554386 	 293.938221 	 -66493.026307 	 -66493.026307 	 -66493.026307 	 -66493.026307
8:36:25.587 AM 2024-08-26 	 2.433085 	 0.620170 	 272.554383 	 293.937302 	 -66492.291894 	 -66492.291894 	 -66492.291894 	 -66492.291894
8:36:30.744 AM 2024-08-26 	 3.546179 	 1.119915 	 272.554381 	 293.939140 	 -66491.576051 	 -66491.576051 	 -66491.576051 	 -66491.576051
8:36:35.839 AM 2024-08-26 	 2.395847 	 0.579113 	 272.554378 	 293.938068 	 -66490.668985 	 -66490.668985 	 -66490.668985 	 -66490.668985
8:36:40.989 AM 2024-08-26 	 2.238092 	 1.014878 	 272.554384 	 293.937915 	 -66489.490548 	 -66489.490548 	 -66489.490548 	 -66489.490548
8:36:46.140 AM 2024-08-26 	 2.238595 	 1.506563 	 272.554378 	 293.938528 	 -66488.540503 	 -66488.540503 	 -66488.540503 	 -66488.540503
8:36:51.243 AM 2024-08-26 	 2.551590 	 1.537041 	 272.554376 	 293.938681 	 -66487.738592 	 -66487.738592 	 -66487.738592 	 -66487.738592
8:36:56.367 AM 2024-08-26 	 3.513973 	 0.664251 	 272.554378 	 293.938068 	 -66486.671541 	 -66486.671541 	 -66486.671541 	 -66486.671541
8:37:01.494 AM 2024-08-26 	 3.036178 	 1.326211 	 272.554378 	 293.938374 	 -66485.623112 	 -66485.623112 	 -66485.623112 	 -66485.623112
8:37:06.671 AM 2024-08-26 	 2.640909 	 0.141836 	 272.554376 	 293.939140 	 -66484.876950 	 -66484.876950 	 -66484.876950 	 -66484.876950
8:37:11.830 AM 2024-08-26 	 2.070776 	 0.977851 	 272.554383 	 293.940826 	 -66484.254165 	 -66484.254165 	 -66484.254165 	 -66484.254165
8:37:16.913 AM 2024-08-26 	 2.720416 	 1.750390 	 272.554378 	 293.939600 	 -66483.434127 	 -66483.434127 	 -66483.434127 	 -66483.434127
8:37:22.059 AM 2024-08-26 	 2.648961 	 1.051654 	 272.554360 	 293.942511 	 -66482.607996 	 -66482.607996 	 -66482.607996 	 -66482.607996
8:37:27.180 AM 2024-08-26 	 2.628581 	 0.438811 	 272.554371 	 293.940826 	 -66481.670980 	 -66481.670980 	 -66481.670980 	 -66481.670980
8:37:32.277 AM 2024-08-26 	 1.744949 	 1.630743 	 272.554373 	 293.942204 	 -66480.555315 	 -66480.555315 	 -66480.555315 	 -66480.555315
8:37:37.412 AM 2024-08-26 	 2.917673 	 1.503288 	 272.554365 	 293.941898 	 -66479.365830 	 -66479.365830 	 -66479.365830 	 -66479.365830
8:37:42.564 AM 2024-08-26 	 2.475857 	 1.494472 	 272.554371 	 293.942970 	 -66478.256602 	 -66478.256602 	 -66478.256602 	 -66478.256602
8:37:47.712 AM 2024-08-26 	 2.624052 	 0.890698 	 272.554360 	 293.943736 	 -66477.517190 	 -66477.517190 	 -66477.517190 	 -66477.517190
8:37:52.830 AM 2024-08-26 	 2.345527 	 1.216892 	 272.554358 	 293.943736 	 -66476.777837 	 -66476.777837 	 -66476.777837 	 -66476.777837
8:37:57.970 AM 2024-08-26 	 1.981960 	 1.177346 	 272.554365 	 293.943890 	 -66475.909171 	 -66475.909171 	 -66475.909171 	 -66475.909171
8:38:03.096 AM 2024-08-26 	 1.458373 	 1.369284 	 272.554350 	 293.944043 	 -66475.151466 	 -66475.151466 	 -66475.151466 	 -66475.151466
8:38:08.222 AM 2024-08-26 	 2.138960 	 1.305556 	 272.554348 	 293.944962 	 -66474.387662 	 -66474.387662 	 -66474.387662 	 -66474.387662
8:38:13.353 AM 2024-08-26 	 2.804955 	 0.549894 	 272.554347 	 293.945422 	 -66473.611603 	 -66473.611603 	 -66473.611603 	 -66473.611603
8:38:18.473 AM 2024-08-26 	 2.762685 	 0.546115 	 272.554351 	 293.946188 	 -66472.866400 	 -66472.866400 	 -66472.866400 	 -66472.866400
8:38:23.532 AM 2024-08-26 	 2.295709 	 0.456695 	 272.554344 	 293.947260 	 -66472.176679 	 -66472.176679 	 -66472.176679 	 -66472.176679
8:38:28.631 AM 2024-08-26 	 1.925097 	 1.104298 	 272.554344 	 293.946034 	 -66471.567058 	 -66471.567058 	 -66471.567058 	 -66471.567058
8:38:33.763 AM 2024-08-26 	 2.962962 	 0.905307 	 272.554345 	 293.947260 	 -66470.902061 	 -66470.902061 	 -66470.902061 	 -66470.902061
8:38:38.858 AM 2024-08-26 	 2.564673 	 1.987668 	 272.554341 	 293.947413 	 -66470.058569 	 -66470.058569 	 -66470.058569 	 -66470.058569
8:38:43.955 AM 2024-08-26 	 2.299986 	 -0.054888 	 272.554335 	 293.947413 	 -66469.547585 	 -66469.547585 	 -66469.547585 	 -66469.547585
8:38:49.064 AM 2024-08-26 	 2.987116 	 1.103543 	 272.554331 	 293.947873 	 -66468.790396 	 -66468.790396 	 -66468.790396 	 -66468.790396
8:38:54.206 AM 2024-08-26 	 2.835902 	 0.978606 	 272.554337 	 293.949098 	 -66467.897853 	 -66467.897853 	 -66467.897853 	 -66467.897853
8:38:59.369 AM 2024-08-26 	 2.251427 	 1.227723 	 272.554324 	 293.949711 	 -66467.017704 	 -66467.017704 	 -66467.017704 	 -66467.017704
1:18:57.271 PM 2024-08-26 	 2.935034 	 0.574075 	 272.549475 	 293.977441 	 -66677.976253 	 -66677.976253 	 -66677.976253 	 -66677.976253
1:19:02.490 PM 2024-08-26 	 2.267530 	 1.382634 	 272.548964 	 293.977594 	 -66678.436094 	 -66678.436094 	 -66678.436094 	 -66678.436094
1:19:07.672 PM 2024-08-26 	 2.441136 	 0.461733 	 272.545193 	 293.979432 	 -66678.883359 	 -66678.883359 	 -66678.883359 	 -66678.883359
1:19:12.822 PM 2024-08-26 	 2.386538 	 0.868028 	 272.536075 	 293.981118 	 -66679.198348 	 -66679.198348 	 -66679.198348 	 -66679.198348
1:19:17.947 PM 2024-08-26 	 1.997811 	 1.142333 	 272.526564 	 293.983109 	 -66679.689752 	 -66679.689752 	 -66679.689752 	 -66679.689752
1:19:23.054 PM 2024-08-26 	 3.123736 	 1.148127 	 272.518363 	 293.984641 	 -66679.740154 	 -66679.740154 	 -66679.740154 	 -66679.740154
1:19:28.213 PM 2024-08-26 	 2.577002 	 -0.077054 	 272.511389 	 293.995519 	 -66679.677152 	 -66679.677152 	 -66679.677152 	 -66679.677152
1:19:33.360 PM 2024-08-26 	 2.017184 	 0.558458 	 272.505579 	 294.047302 	 -66679.670851 	 -66679.670851 	 -66679.670851 	 -66679.670851
1:19:38.508 PM 2024-08-26 	 0.258224 	 1.360216 	 272.500667 	 294.174005 	 -66679.696052 	 -66679.696052 	 -66679.696052 	 -66679.696052
1:19:43.623 PM 2024-08-26 	 1.536118 	 0.457955 	 272.497092 	 294.263788 	 -66679.551148 	 -66679.551148 	 -66679.551148 	 -66679.551148
1:19:48.768 PM 2024-08-26 	 1.458876 	 0.422439 	 272.495781 	 295.008194 	 -66679.280247 	 -66679.280247 	 -66679.280247 	 -66679.280247
1:19:53.917 PM 2024-08-26 	 2.417989 	 0.758205 	 272.495779 	 296.163294 	 -66678.845562 	 -66678.845562 	 -66678.845562 	 -66678.845562
1:19:59.044 PM 2024-08-26 	 2.194061 	 0.175841 	 272.496298 	 297.261294 	 -66678.429795 	 -66678.429795 	 -66678.429795 	 -66678.429795
1:20:04.203 PM 2024-08-26 	 2.190287 	 2.152654 	 272.497078 	 298.207641 	 -66677.969954 	 -66677.969954 	 -66677.969954 	 -66677.969954
1:20:09.328 PM 2024-08-26 	 2.455477 	 1.495228 	 272.497961 	 299.006038 	 -66677.579422 	 -66677.579422 	 -66677.579422 	 -66677.579422
1:20:14.443 PM 2024-08-26 	 1.869744 	 0.627727 	 272.498804 	 299.629518 	 -66677.119623 	 -66677.119623 	 -66677.119623 	 -66677.119623
1:20:19.576 PM 2024-08-26 	 2.646696 	 1.149386 	 272.499694 	 300.204307 	 -66676.981058 	 -66676.981058 	 -66676.981058 	 -66676.981058
1:20:24.710 PM 2024-08-26 	 2.266020 	 0.094481 	 272.500572 	 300.697831 	 -66676.672444 	 -66676.672444 	 -66676.672444 	 -66676.672444
1:20:29.818 PM 2024-08-26 	 2.690978 	 0.451406 	 272.501423 	 301.122644 	 -66676.275670 	 -66676.275670 	 -66676.275670 	 -66676.275670
1:20:34.958 PM 2024-08-26 	 1.465921 	 0.162995 	 272.502240 	 301.491617 	 -66675.954484 	 -66675.954484 	 -66675.954484 	 -66675.954484
1:20:40.100 PM 2024-08-26 	 2.478373 	 0.823696 	 272.503044 	 301.818093 	 -66675.734069 	 -66675.734069 	 -66675.734069 	 -66675.734069
1:20:45.237 PM 2024-08-26 	 1.223878 	 -0.083855 	 272.503733 	 302.084857 	 -66675.627012 	 -66675.627012 	 -66675.627012 	 -66675.627012
1:20:50.378 PM 2024-08-26 	 2.478625 	 0.889186 	 272.504447 	 302.343042 	 -66675.482172 	 -66675.482172 	 -66675.482172 	 -66675.482172
1:20:55.552 PM 2024-08-26 	 2.477115 	 1.359712 	 272.505155 	 302.592645 	 -66675.268066 	 -66675.268066 	 -66675.268066 	 -66675.268066
1:21:00.696 PM 2024-08-26 	 3.710727 	 0.947876 	 272.505838 	 302.836276 	 -66674.865055 	 -66674.865055 	 -66674.865055 	 -66674.865055
1:21:05.861 PM 2024-08-26 	 2.275581 	 0.339316 	 272.506505 	 303.068096 	 -66674.147236 	 -66674.147236 	 -66674.147236 	 -66674.147236
1:21:11.016 PM 2024-08-26 	 1.716518 	 0.359467 	 272.507146 	 303.279498 	 -66673.454657 	 -66673.454657 	 -66673.454657 	 -66673.454657
1:21:16.155 PM 2024-08-26 	 2.195319 	 1.395228 	 272.507801 	 303.378136 	 -66672.925814 	 -66672.925814 	 -66672.925814 	 -66672.925814
1:21:21.295 PM 2024-08-26 	 2.309044 	 1.525202 	 272.508436 	 303.296552 	 -66672.403297 	 -66672.403297 	 -66672.403297 	 -66672.403297
1:21:26.407 PM 2024-08-26 	 1.651604 	 0.338560 	 272.509015 	 303.148138 	 -66671.811566 	 -66671.811566 	 -66671.811566 	 -66671.811566
1:21:31.534 PM 2024-08-26 	 2.626819 	 1.762480 	 272.509619 	 303.202371 	 -66671.427591 	 -66671.427591 	 -66671.427591 	 -66671.427591
1:21:36.651 PM 2024-08-26 	 1.363770 	 1.803790 	 272.509945 	 303.296859 	 -66670.924042 	 -66670.924042 	 -66670.924042 	 -66670.924042
1:21:41.744 PM 2024-08-26 	 2.630090 	 0.910849 	 272.505847 	 303.199606 	 -66670.451989 	 -66670.451989 	 -66670.451989 	 -66670.451989
1:21:46.880 PM 2024-08-26 	 1.478501 	 0.081131 	 272.501025 	 303.038138 	 -66670.017722 	 -66670.017722 	 -66670.017722 	 -66670.017722
1:21:51.979 PM 2024-08-26 	 1.917298 	 0.612614 	 272.498585 	 302.831821 	 -66669.665289 	 -66669.665289 	 -66669.665289 	 -66669.665289
1:21:57.164 PM 2024-08-26 	 1.962083 	 1.229486 	 272.498230 	 302.615686 	 -66668.866071 	 -66668.866071 	 -66668.866071 	 -66668.866071
1:22:02.320 PM 2024-08-26 	 2.277342 	 1.083643 	 272.498731 	 302.399719 	 -66667.878157 	 -66667.878157 	 -66667.878157 	 -66667.878157
1:22:07.458 PM 2024-08-26 	 2.293445 	 0.534025 	 272.499603 	 302.188835 	 -66666.714192 	 -66666.714192 	 -66666.714192 	 -66666.714192
1:22:12.550 PM 2024-08-26 	 2.027751 	 0.413623 	 272.500620 	 301.979654 	 -66666.009593 	 -66666.009593 	 -66666.009593 	 -66666.009593
1:22:17.670 PM 2024-08-26 	 2.016681 	 1.151653 	 272.501628 	 301.792140 	 -66665.581827 	 -66665.581827 	 -66665.581827 	 -66665.581827
1:22:22.780 PM 2024-08-26 	 2.510075 	 1.039311 	 272.502676 	 301.596037 	 -66665.147791 	 -66665.147791 	 -66665.147791 	 -66665.147791
1:22:27.865 PM 2024-08-26 	 3.290801 	 0.544856 	 272.503753 	 301.399946 	 -66664.392994 	 -66664.392994 	 -66664.392994 	 -66664.392994
1:22:32.972 PM 2024-08-26 	 1.975670 	 1.151401 	 272.504847 	 301.211083 	 -66663.883542 	 -66663.883542 	 -66663.883542 	 -66663.883542
1:22:38.106 PM 2024-08-26 	 2.037816 	 1.318906 	 272.505830 	 301.040195 	 -66663.430719 	 -66663.430719 	 -66663.430719 	 -66663.430719
1:22:43.191 PM 2024-08-26 	 2.286651 	 1.315380 	 272.506879 	 300.868087 	 -66662.902453 	 -66662.902453 	 -66662.902453 	 -66662.902453
1:22:48.308 PM 2024-08-26 	 2.961955 	 0.380122 	 272.507921 	 300.703818 	 -66662.367930 	 -66662.367930 	 -66662.367930 	 -66662.367930
1:22:53.440 PM 2024-08-26 	 1.965605 	 1.690692 	 272.508921 	 300.546772 	 -66661.883742 	 -66661.883742 	 -66661.883742 	 -66661.883742
1:22:58.672 PM 2024-08-26 	 3.050520 	 0.681631 	 272.509867 	 300.394186 	 -66661.613362 	 -66661.613362 	 -66661.613362 	 -66661.613362
1:23:03.831 PM 2024-08-26 	 3.082473 	 0.766769 	 272.510780 	 300.248207 	 -66661.336703 	 -66661.336703 	 -66661.336703 	 -66661.336703
1:23:09.101 PM 2024-08-26 	 2.454723 	 1.092460 	 272.511680 	 300.103615 	 -66660.946879 	 -66660.946879 	 -66660.946879 	 -66660.946879
1:23:14.220 PM 2024-08-26 	 1.613109 	 1.091200 	 272.512513 	 299.959491 	 -66660.777122 	 -66660.777122 	 -66660.777122 	 -66660.777122
1:23:19.373 PM 2024-08-26 	 2.500766 	 1.328226 	 272.513253 	 299.828419 	 -66660.626230 	 -66660.626230 	 -66660.626230 	 -66660.626230
1:23:24.483 PM 2024-08-26 	 3.352192 	 0.687676 	 272.514068 	 299.687223 	 -66660.557071 	 -66660.557071 	 -66660.557071 	 -66660.557071
1:23:29.634 PM 2024-08-26 	 2.758408 	 0.370802 	 272.514878 	 299.551558 	 -66660.311878 	 -66660.311878 	 -66660.311878 	 -66660.311878
1:23:34.741 PM 2024-08-26 	 3.026114 	 0.395739 	 272.515615 	 299.420195 	 -66660.167281 	 -66660.167281 	 -66660.167281 	 -66660.167281
1:23:39.916 PM 2024-08-26 	 2.587821 	 1.192711 	 272.516349 	 299.294515 	 -66660.098126 	 -66660.098126 	 -66660.098126 	 -66660.098126
1:23:45.016 PM 2024-08-26 	 2.491457 	 1.600013 	 272.517066 	 299.172369 	 -66659.859232 	 -66659.859232 	 -66659.859232 	 -66659.859232
1:23:50.121 PM 2024-08-26 	 2.949878 	 0.844098 	 272.517724 	 299.064345 	 -66659.431752 	 -66659.431752 	 -66659.431752 	 -66659.431752
1:23:55.231 PM 2024-08-26 	 0.691988 	 0.516897 	 272.518360 	 298.952795 	 -66659.035723 	 -66659.035723 	 -66659.035723 	 -66659.035723
1:24:00.372 PM 2024-08-26 	 2.898551 	 0.709339 	 272.519007 	 298.839561 	 -66658.708855 	 -66658.708855 	 -66658.708855 	 -66658.708855
1:24:05.523 PM 2024-08-26 	 2.172172 	 1.440064 	 272.519650 	 298.729093 	 -66658.369427 	 -66658.369427 	 -66658.369427 	 -66658.369427
1:24:10.651 PM 2024-08-26 	 2.243376 	 0.913367 	 272.520287 	 298.621697 	 -66658.187147 	 -66658.187147 	 -66658.187147 	 -66658.187147
1:24:15.795 PM 2024-08-26 	 2.490954 	 1.107825 	 272.520880 	 298.525197 	 -66658.469997 	 -66658.469997 	 -66658.469997 	 -66658.469997
1:24:20.930 PM 2024-08-26 	 1.558008 	 -0.156651 	 272.521456 	 298.425478 	 -66659.243165 	 -66659.243165 	 -66659.243165 	 -66659.243165
1:24:26.058 PM 2024-08-26 	 2.236079 	 0.198007 	 272.522036 	 298.326682 	 -66659.727214 	 -66659.727214 	 -66659.727214 	 -66659.727214
1:24:31.191 PM 2024-08-26 	 3.289291 	 0.599768 	 272.522594 	 298.229117 	 -66660.487914 	 -66660.487914 	 -66660.487914 	 -66660.487914
1:24:36.311 PM 2024-08-26 	 1.588452 	 0.951906 	 272.523129 	 298.135543 	 -66661.217239 	 -66661.217239 	 -66661.217239 	 -66661.217239
1:24:41.446 PM 2024-08-26 	 1.923588 	 1.641574 	 272.523665 	 298.047341 	 -66662.078672 	 -66662.078672 	 -66662.078672 	 -66662.078672
1:24:46.533 PM 2024-08-26 	 2.806464 	 0.212868 	 272.524116 	 297.969572 	 -66662.682352 	 -66662.682352 	 -66662.682352 	 -66662.682352
1:24:51.709 PM 2024-08-26 	 2.920944 	 0.951906 	 272.524587 	 297.884901 	 -66663.003073 	 -66663.003073 	 -66663.003073 	 -66663.003073
1:24:56.834 PM 2024-08-26 	 2.855275 	 0.656694 	 272.525060 	 297.803608 	 -66663.550211 	 -66663.550211 	 -66663.550211 	 -66663.550211
1:25:01.951 PM 2024-08-26 	 2.021965 	 1.123694 	 272.525520 	 297.725844 	 -66664.405574 	 -66664.405574 	 -66664.405574 	 -66664.405574
1:25:07.065 PM 2024-08-26 	 1764.457515 	 1.011604 	 272.525964 	 297.650997 	 -66665.374242 	 -66665.374242 	 -66665.374242 	 -66665.374242
1:25:12.192 PM 2024-08-26 	 1764.457515 	 0.278863 	 274.522670 	 297.586426 	 -66666.236065 	 -66666.236065 	 -66666.236065 	 -66666.236065
1:25:17.309 PM 2024-08-26 	 1764.457515 	 0.400273 	 274.522673 	 297.517256 	 -66666.475126 	 -66666.475126 	 -66666.475126 	 -66666.475126
1:25:22.466 PM 2024-08-26 	 1764.457515 	 1.077598 	 274.522670 	 297.453456 	 -66666.588367 	 -66666.588367 	 -66666.588367 	 -66666.588367
1:25:27.646 PM 2024-08-26 	 1764.457515 	 0.931755 	 274.522672 	 297.391957 	 -66667.123136 	 -66667.123136 	 -66667.123136 	 -66667.123136
1:25:32.796 PM 2024-08-26 	 1764.457515 	 1.299007 	 274.522675 	 297.326625 	 -66667.733440 	 -66667.733440 	 -66667.733440 	 -66667.733440
1:25:37.911 PM 2024-08-26 	 1764.457515 	 1.088429 	 274.522674 	 297.271723 	 -66668.507389 	 -66668.507389 	 -66668.507389 	 -66668.507389
1:25:43.011 PM 2024-08-26 	 1764.457515 	 1.316891 	 272.528593 	 297.221575 	 -66669.061149 	 -66669.061149 	 -66669.061149 	 -66669.061149
1:25:48.171 PM 2024-08-26 	 1764.457515 	 0.639314 	 272.528897 	 297.167135 	 -66669.507957 	 -66669.507957 	 -66669.507957 	 -66669.507957
1:25:53.284 PM 2024-08-26 	 1764.457515 	 0.678608 	 272.529190 	 297.118523 	 -66669.772276 	 -66669.772276 	 -66669.772276 	 -66669.772276
1:25:58.430 PM 2024-08-26 	 1764.457515 	 1.016138 	 272.529491 	 297.069451 	 -66669.791157 	 -66669.791157 	 -66669.791157 	 -66669.791157
1:26:03.589 PM 2024-08-26 	 1764.457515 	 1.025961 	 272.529781 	 297.020074 	 -66670.093246 	 -66670.093246 	 -66670.093246 	 -66670.093246
1:26:08.740 PM 2024-08-26 	 1764.457515 	 0.413623 	 272.530072 	 296.975604 	 -66670.672277 	 -66670.672277 	 -66670.672277 	 -66670.672277
1:26:13.863 PM 2024-08-26 	 1764.457515 	 0.379366 	 272.530265 	 296.931595 	 -66671.219874 	 -66671.219874 	 -66671.219874 	 -66671.219874
1:26:19.026 PM 2024-08-26 	 1764.457515 	 0.130249 	 272.530588 	 296.891726 	 -66671.729734 	 -66671.729734 	 -66671.729734 	 -66671.729734
1:26:24.156 PM 2024-08-26 	 1764.457515 	 0.857952 	 272.530830 	 296.853392 	 -66672.459954 	 -66672.459954 	 -66672.459954 	 -66672.459954
1:26:29.272 PM 2024-08-26 	 1764.457515 	 1.183895 	 272.531080 	 296.815518 	 -66673.221711 	 -66673.221711 	 -66673.221711 	 -66673.221711
1:26:34.385 PM 2024-08-26 	 1764.457515 	 0.931503 	 272.531316 	 296.775344 	 -66673.467249 	 -66673.467249 	 -66673.467249 	 -66673.467249
1:26:39.533 PM 2024-08-26 	 1764.457515 	 0.951402 	 272.531556 	 296.738391 	 -66673.385402 	 -66673.385402 	 -66673.385402 	 -66673.385402
1:26:44.633 PM 2024-08-26 	 1764.457515 	 1.110595 	 272.531765 	 296.703891 	 -66673.032840 	 -66673.032840 	 -66673.032840 	 -66673.032840
1:26:49.770 PM 2024-08-26 	 1764.457515 	 0.706820 	 272.532018 	 296.666632 	 -66673.133570 	 -66673.133570 	 -66673.133570 	 -66673.133570
1:26:54.879 PM 2024-08-26 	 1764.457515 	 1.354171 	 272.532230 	 296.631674 	 -66673.800940 	 -66673.800940 	 -66673.800940 	 -66673.800940
1:27:00.037 PM 2024-08-26 	 1764.457515 	 0.616896 	 272.532433 	 296.598709 	 -66674.090569 	 -66674.090569 	 -66674.090569 	 -66674.090569
1:27:05.207 PM 2024-08-26 	 1764.457515 	 0.902788 	 272.532621 	 296.566817 	 -66674.550215 	 -66674.550215 	 -66674.550215 	 -66674.550215
1:27:10.359 PM 2024-08-26 	 1764.457515 	 0.695485 	 272.532801 	 Inf 	 -66675.079152 	 -66675.079152 	 -66675.079152 	 -66675.079152
1:27:15.493 PM 2024-08-26 	 1764.457515 	 0.453421 	 272.532997 	 Inf 	 -66675.564038 	 -66675.564038 	 -66675.564038 	 -66675.564038
1:27:20.620 PM 2024-08-26 	 1764.457515 	 0.645359 	 272.533168 	 296.475131 	 -66676.080438 	 -66676.080438 	 -66676.080438 	 -66676.080438
1:27:25.746 PM 2024-08-26 	 1764.457515 	 0.875081 	 272.533334 	 296.452286 	 -66676.804706 	 -66676.804706 	 -66676.804706 	 -66676.804706
1:27:30.894 PM 2024-08-26 	 1764.457515 	 0.629994 	 272.533513 	 296.428522 	 -66677.655007 	 -66677.655007 	 -66677.655007 	 -66677.655007
1:27:35.988 PM 2024-08-26 	 1764.457515 	 1.183139 	 272.533679 	 296.402918 	 -66678.568382 	 -66678.568382 	 -66678.568382 	 -66678.568382
1:27:41.111 PM 2024-08-26 	 1764.457515 	 1.010344 	 272.533832 	 296.379921 	 -66679.166849 	 -66679.166849 	 -66679.166849 	 -66679.166849
1:27:46.226 PM 2024-08-26 	 1764.457515 	 0.580876 	 272.533971 	 296.355697 	 -66679.570049 	 -66679.570049 	 -66679.570049 	 -66679.570049
1:27:51.376 PM 2024-08-26 	 1764.457515 	 1.143593 	 272.534110 	 296.334540 	 -66680.521419 	 -66680.521419 	 -66680.521419 	 -66680.521419
1:27:56.509 PM 2024-08-26 	 1764.457515 	 0.825207 	 272.533481 	 296.310317 	 -66681.888792 	 -66681.888792 	 -66681.888792 	 -66681.888792
1:28:01.678 PM 2024-08-26 	 1764.457515 	 1.934519 	 271.691909 	 296.289620 	 -66683.451755 	 -66683.451755 	 -66683.451755 	 -66683.451755
1:28:06.860 PM 2024-08-26 	 1764.457515 	 1.310342 	 272.534604 	 296.268463 	 -66685.071720 	 -66685.071720 	 -66685.071720 	 -66685.071720
1:28:12.021 PM 2024-08-26 	 1764.457515 	 0.416897 	 272.534746 	 296.247766 	 -66686.439774 	 -66686.439774 	 -66686.439774 	 -66686.439774
1:28:17.159 PM 2024-08-26 	 1764.457515 	 0.605309 	 272.534823 	 296.227223 	 -66687.322497 	 -66687.322497 	 -66687.322497 	 -66687.322497
1:28:22.333 PM 2024-08-26 	 1764.457515 	 1.058707 	 272.534919 	 296.213578 	 -66687.978290 	 -66687.978290 	 -66687.978290 	 -66687.978290
1:28:27.506 PM 2024-08-26 	 1764.457515 	 0.879111 	 272.535019 	 296.195948 	 -66688.262061 	 -66688.262061 	 -66688.262061 	 -66688.262061
1:28:32.647 PM 2024-08-26 	 1764.457515 	 1.438301 	 272.535105 	 296.177705 	 -66688.236837 	 -66688.236837 	 -66688.236837 	 -66688.236837
1:28:37.804 PM 2024-08-26 	 1764.457515 	 0.620674 	 274.522679 	 296.158235 	 -66688.779177 	 -66688.779177 	 -66688.779177 	 -66688.779177
1:28:42.892 PM 2024-08-26 	 1764.457515 	 1.122434 	 274.522663 	 296.144744 	 -66689.712584 	 -66689.712584 	 -66689.712584 	 -66689.712584
1:28:48.007 PM 2024-08-26 	 1764.457515 	 0.404555 	 272.561566 	 296.128494 	 -66690.734394 	 -66690.734394 	 -66690.734394 	 -66690.734394
1:28:53.113 PM 2024-08-26 	 1764.457515 	 1.527721 	 270.994397 	 296.114697 	 -66691.743702 	 -66691.743702 	 -66691.743702 	 -66691.743702
1:28:58.233 PM 2024-08-26 	 1764.457515 	 0.322943 	 270.994397 	 296.098140 	 -66693.087515 	 -66693.087515 	 -66693.087515 	 -66693.087515
1:29:03.417 PM 2024-08-26 	 1764.457515 	 0.527728 	 275.656192 	 296.084190 	 -66694.860641 	 -66694.860641 	 -66694.860641 	 -66694.860641
1:29:08.570 PM 2024-08-26 	 1764.457515 	 0.861227 	 275.656192 	 296.067940 	 -66696.286964 	 -66696.286964 	 -66696.286964 	 -66696.286964
1:29:13.739 PM 2024-08-26 	 1764.457515 	 0.890949 	 274.132780 	 296.052916 	 -66697.511507 	 -66697.511507 	 -66697.511507 	 -66697.511507
1:29:18.880 PM 2024-08-26 	 1764.457515 	 1.179361 	 270.994397 	 296.039886 	 -66698.799347 	 -66698.799347 	 -66698.799347 	 -66698.799347
1:29:23.946 PM 2024-08-26 	 1764.457515 	 0.714124 	 275.656192 	 296.029002 	 -66699.986341 	 -66699.986341 	 -66699.986341 	 -66699.986341
1:29:29.076 PM 2024-08-26 	 1764.457515 	 1.117648 	 272.307816 	 296.014132 	 -66701.173489 	 -66701.173489 	 -66701.173489 	 -66701.173489
1:29:34.157 PM 2024-08-26 	 1764.457515 	 1.940061 	 272.262216 	 296.000795 	 -66702.215528 	 -66702.215528 	 -66702.215528 	 -66702.215528
1:29:39.295 PM 2024-08-26 	 1764.457515 	 0.532262 	 272.536238 	 295.986998 	 -66703.213470 	 -66703.213470 	 -66703.213470 	 -66703.213470
1:29:44.421 PM 2024-08-26 	 1764.457515 	 1.119915 	 272.536347 	 295.974735 	 -66703.851453 	 -66703.851453 	 -66703.851453 	 -66703.851453
1:29:49.531 PM 2024-08-26 	 1764.457515 	 1.220166 	 272.248777 	 295.962471 	 -66704.495797 	 -66704.495797 	 -66704.495797 	 -66704.495797
1:29:54.675 PM 2024-08-26 	 1764.457515 	 1.332508 	 272.111924 	 295.949747 	 -66705.304450 	 -66705.304450 	 -66705.304450 	 -66705.304450
1:29:59.775 PM 2024-08-26 	 1764.457515 	 0.687928 	 271.319311 	 295.937944 	 -66706.271137 	 -66706.271137 	 -66706.271137 	 -66706.271137
1:30:04.865 PM 2024-08-26 	 1764.457515 	 0.688936 	 271.221309 	 295.926447 	 -66707.541254 	 -66707.541254 	 -66707.541254 	 -66707.541254
1:30:09.979 PM 2024-08-26 	 1764.457515 	 0.912864 	 271.295090 	 295.913110 	 -66708.672501 	 -66708.672501 	 -66708.672501 	 -66708.672501
1:30:15.117 PM 2024-08-26 	 1764.457515 	 0.746114 	 271.320696 	 295.901613 	 -66709.784926 	 -66709.784926 	 -66709.784926 	 -66709.784926
1:30:20.266 PM 2024-08-26 	 1764.457515 	 0.310349 	 270.994397 	 295.883678 	 -66710.606691 	 -66710.606691 	 -66710.606691 	 -66710.606691
1:30:25.384 PM 2024-08-26 	 1764.457515 	 0.548382 	 270.994397 	 295.872181 	 -66711.447495 	 -66711.447495 	 -66711.447495 	 -66711.447495
1:30:30.469 PM 2024-08-26 	 1764.457515 	 0.941075 	 270.994397 	 295.859458 	 -66712.433801 	 -66712.433801 	 -66712.433801 	 -66712.433801
1:30:35.583 PM 2024-08-26 	 1764.457515 	 0.503295 	 270.994397 	 295.848881 	 -66713.420213 	 -66713.420213 	 -66713.420213 	 -66713.420213
1:30:40.724 PM 2024-08-26 	 1764.457515 	 -0.076802 	 270.994397 	 295.839070 	 -66714.362463 	 -66714.362463 	 -66714.362463 	 -66714.362463
1:30:45.804 PM 2024-08-26 	 1764.457515 	 0.238309 	 274.909862 	 295.825121 	 -66715.222587 	 -66715.222587 	 -66715.222587 	 -66715.222587
1:30:50.944 PM 2024-08-26 	 1764.457515 	 0.214128 	 274.924738 	 295.813318 	 -66715.975263 	 -66715.975263 	 -66715.975263 	 -66715.975263
1:30:56.071 PM 2024-08-26 	 1764.457515 	 0.519415 	 274.909848 	 295.801361 	 -66716.892472 	 -66716.892472 	 -66716.892472 	 -66716.892472
1:31:01.194 PM 2024-08-26 	 1764.457515 	 1.034022 	 274.909845 	 295.792624 	 -66717.733856 	 -66717.733856 	 -66717.733856 	 -66717.733856
1:31:06.317 PM 2024-08-26 	 1764.457515 	 1.670289 	 274.909839 	 295.779748 	 -66718.189374 	 -66718.189374 	 -66718.189374 	 -66718.189374
1:31:11.442 PM 2024-08-26 	 1764.457515 	 1.017397 	 274.909823 	 295.767332 	 -66718.657569 	 -66718.657569 	 -66718.657569 	 -66718.657569
1:31:16.581 PM 2024-08-26 	 1764.457515 	 0.984652 	 274.909817 	 295.755375 	 -66719.600360 	 -66719.600360 	 -66719.600360 	 -66719.600360
1:31:21.693 PM 2024-08-26 	 1764.457515 	 0.807827 	 274.523698 	 295.744186 	 -66720.866003 	 -66720.866003 	 -66720.866003 	 -66720.866003
1:31:26.837 PM 2024-08-26 	 1764.457515 	 1.491953 	 274.523697 	 295.733916 	 -66721.973585 	 -66721.973585 	 -66721.973585 	 -66721.973585
1:31:32.001 PM 2024-08-26 	 1764.457515 	 0.615636 	 274.522686 	 295.725025 	 -66723.518095 	 -66723.518095 	 -66723.518095 	 -66723.518095
1:31:37.143 PM 2024-08-26 	 1764.457515 	 0.392212 	 272.538054 	 295.715215 	 -66725.081861 	 -66725.081861 	 -66725.081861 	 -66725.081861
1:31:42.282 PM 2024-08-26 	 1764.457515 	 1.453666 	 272.538080 	 295.706938 	 -66726.474915 	 -66726.474915 	 -66726.474915 	 -66726.474915
1:31:47.385 PM 2024-08-26 	 1764.457515 	 1.477344 	 272.538141 	 295.697741 	 -66727.443846 	 -66727.443846 	 -66727.443846 	 -66727.443846
1:31:52.497 PM 2024-08-26 	 1764.457515 	 1.073316 	 272.538205 	 295.688390 	 -66728.108858 	 -66728.108858 	 -66728.108858 	 -66728.108858
1:31:57.604 PM 2024-08-26 	 1764.457515 	 1.075583 	 272.538262 	 295.679500 	 -66727.887182 	 -66727.887182 	 -66727.887182 	 -66727.887182
1:32:02.710 PM 2024-08-26 	 1764.457515 	 1.664496 	 272.538322 	 295.673215 	 -66727.424846 	 -66727.424846 	 -66727.424846 	 -66727.424846
1:32:07.820 PM 2024-08-26 	 1764.457515 	 0.923695 	 272.538355 	 295.666931 	 -66726.861208 	 -66726.861208 	 -66726.861208 	 -66726.861208
1:32:12.912 PM 2024-08-26 	 1764.457515 	 0.866013 	 274.522681 	 295.659573 	 -66726.880207 	 -66726.880207 	 -66726.880207 	 -66726.880207
1:32:18.021 PM 2024-08-26 	 1764.457515 	 1.662733 	 274.522684 	 295.652063 	 -66727.272850 	 -66727.272850 	 -66727.272850 	 -66727.272850
1:32:23.118 PM 2024-08-26 	 1764.457515 	 0.790446 	 274.522684 	 295.645778 	 -66727.735178 	 -66727.735178 	 -66727.735178 	 -66727.735178
1:32:28.260 PM 2024-08-26 	 1764.457515 	 -0.010052 	 275.656192 	 295.636428 	 -66728.026520 	 -66728.026520 	 -66728.026520 	 -66728.026520
1:32:33.345 PM 2024-08-26 	 1764.457515 	 1.146363 	 270.994397 	 295.627844 	 -66728.248200 	 -66728.248200 	 -66728.248200 	 -66728.248200
1:32:38.451 PM 2024-08-26 	 1764.457515 	 0.720674 	 270.994397 	 295.622786 	 -66728.311538 	 -66728.311538 	 -66728.311538 	 -66728.311538
1:32:43.586 PM 2024-08-26 	 1764.457515 	 0.647878 	 270.994397 	 295.614816 	 -66728.457217 	 -66728.457217 	 -66728.457217 	 -66728.457217
1:32:48.693 PM 2024-08-26 	 1764.457515 	 0.227478 	 270.994397 	 295.607918 	 -66728.685241 	 -66728.685241 	 -66728.685241 	 -66728.685241
1:32:53.841 PM 2024-08-26 	 1764.457515 	 1.501021 	 270.994397 	 295.601634 	 -66729.597394 	 -66729.597394 	 -66729.597394 	 -66729.597394
1:32:58.976 PM 2024-08-26 	 1764.457515 	 0.830496 	 275.656192 	 295.597648 	 -66730.522309 	 -66730.522309 	 -66730.522309 	 -66730.522309
1:33:04.101 PM 2024-08-26 	 1764.457515 	 0.691706 	 275.656192 	 295.592744 	 -66731.035488 	 -66731.035488 	 -66731.035488 	 -66731.035488
1:33:09.210 PM 2024-08-26 	 1764.457515 	 1.468528 	 275.656192 	 295.587685 	 -66731.536023 	 -66731.536023 	 -66731.536023 	 -66731.536023
1:33:14.358 PM 2024-08-26 	 1764.457515 	 0.326470 	 275.656192 	 295.583087 	 -66731.757788 	 -66731.757788 	 -66731.757788 	 -66731.757788
1:33:19.484 PM 2024-08-26 	 1764.457515 	 0.989438 	 270.994397 	 295.576343 	 -66732.055595 	 -66732.055595 	 -66732.055595 	 -66732.055595
1:33:24.614 PM 2024-08-26 	 1764.457515 	 0.775081 	 275.656192 	 295.571285 	 -66732.486481 	 -66732.486481 	 -66732.486481 	 -66732.486481
1:33:29.729 PM 2024-08-26 	 1764.457515 	 1.025457 	 270.994397 	 295.563468 	 -66732.651238 	 -66732.651238 	 -66732.651238 	 -66732.651238
1:33:34.915 PM 2024-08-26 	 1764.457515 	 1.761221 	 270.994397 	 295.556110 	 -66732.454798 	 -66732.454798 	 -66732.454798 	 -66732.454798
1:33:40.042 PM 2024-08-26 	 1764.457515 	 0.655687 	 270.994397 	 295.546607 	 -66732.416778 	 -66732.416778 	 -66732.416778 	 -66732.416778
1:33:45.208 PM 2024-08-26 	 1764.457515 	 0.454932 	 270.994397 	 295.539097 	 -66732.429451 	 -66732.429451 	 -66732.429451 	 -66732.429451
1:33:50.329 PM 2024-08-26 	 1764.457515 	 1.085155 	 270.994397 	 295.531739 	 -66732.600543 	 -66732.600543 	 -66732.600543 	 -66732.600543
1:33:55.430 PM 2024-08-26 	 1764.457515 	 0.792965 	 275.656192 	 295.525149 	 -66733.006107 	 -66733.006107 	 -66733.006107 	 -66733.006107
1:34:00.599 PM 2024-08-26 	 1764.457515 	 0.178108 	 270.994397 	 295.516259 	 -66733.677863 	 -66733.677863 	 -66733.677863 	 -66733.677863
1:34:05.755 PM 2024-08-26 	 1764.457515 	 0.568030 	 270.994397 	 295.508902 	 -66733.906018 	 -66733.906018 	 -66733.906018 	 -66733.906018
1:34:10.877 PM 2024-08-26 	 1764.457515 	 1.340065 	 275.656192 	 295.501391 	 -66733.753914 	 -66733.753914 	 -66733.753914 	 -66733.753914
1:34:16.001 PM 2024-08-26 	 1764.457515 	 0.454932 	 275.656192 	 295.495413 	 -66733.316630 	 -66733.316630 	 -66733.316630 	 -66733.316630
1:34:21.139 PM 2024-08-26 	 1764.457515 	 1.810339 	 275.656192 	 295.487597 	 -66733.443377 	 -66733.443377 	 -66733.443377 	 -66733.443377
1:34:26.311 PM 2024-08-26 	 1764.457515 	 1.808324 	 270.994397 	 295.479933 	 -66733.823628 	 -66733.823628 	 -66733.823628 	 -66733.823628
1:34:31.411 PM 2024-08-26 	 1764.457515 	 0.343346 	 270.994397 	 295.470890 	 -66734.235584 	 -66734.235584 	 -66734.235584 	 -66734.235584
1:34:36.550 PM 2024-08-26 	 1764.457515 	 0.461481 	 270.994397 	 295.461540 	 -66734.432062 	 -66734.432062 	 -66734.432062 	 -66734.432062
1:34:41.688 PM 2024-08-26 	 1764.457515 	 0.629994 	 270.994397 	 295.452804 	 -66734.837708 	 -66734.837708 	 -66734.837708 	 -66734.837708
1:34:46.807 PM 2024-08-26 	 1764.457515 	 1.569786 	 275.656192 	 295.445600 	 -66735.129277 	 -66735.129277 	 -66735.129277 	 -66735.129277
1:34:51.939 PM 2024-08-26 	 1764.457515 	 0.756693 	 275.656192 	 295.435484 	 -66735.617359 	 -66735.617359 	 -66735.617359 	 -66735.617359
1:34:57.095 PM 2024-08-26 	 1764.457515 	 0.990949 	 275.656192 	 295.424908 	 -66736.948625 	 -66736.948625 	 -66736.948625 	 -66736.948625
1:35:02.235 PM 2024-08-26 	 1764.457515 	 0.929488 	 270.994397 	 295.416785 	 -66738.311789 	 -66738.311789 	 -66738.311789 	 -66738.311789
1:35:07.339 PM 2024-08-26 	 1764.457515 	 0.949639 	 270.994397 	 295.409275 	 -66739.916145 	 -66739.916145 	 -66739.916145 	 -66739.916145
1:35:12.460 PM 2024-08-26 	 1764.457515 	 1.074324 	 275.656192 	 295.401611 	 -66741.812567 	 -66741.812567 	 -66741.812567 	 -66741.812567
1:35:17.610 PM 2024-08-26 	 1764.457515 	 0.362741 	 270.994397 	 295.394868 	 -66743.614217 	 -66743.614217 	 -66743.614217 	 -66743.614217
1:35:22.732 PM 2024-08-26 	 1764.457515 	 1.409082 	 275.656192 	 295.390576 	 -66745.828703 	 -66745.828703 	 -66745.828703 	 -66745.828703
1:35:27.860 PM 2024-08-26 	 1764.457515 	 1.312861 	 270.994397 	 295.385058 	 -66747.637494 	 -66747.637494 	 -66747.637494 	 -66747.637494
1:35:32.958 PM 2024-08-26 	 1764.457515 	 -0.219371 	 270.994397 	 295.378928 	 -66749.522827 	 -66749.522827 	 -66749.522827 	 -66749.522827
1:35:38.093 PM 2024-08-26 	 1764.457515 	 0.275588 	 270.994397 	 295.374636 	 -66751.046614 	 -66751.046614 	 -66751.046614 	 -66751.046614
1:35:43.215 PM 2024-08-26 	 1764.457515 	 1.885653 	 274.909476 	 295.368965 	 -66752.907249 	 -66752.907249 	 -66752.907249 	 -66752.907249
1:35:48.344 PM 2024-08-26 	 1764.457515 	 0.869539 	 274.492130 	 295.363294 	 -66754.450659 	 -66754.450659 	 -66754.450659 	 -66754.450659
1:35:53.455 PM 2024-08-26 	 1764.457515 	 1.650642 	 274.643248 	 295.357011 	 -66755.683033 	 -66755.683033 	 -66755.683033 	 -66755.683033
1:35:58.570 PM 2024-08-26 	 1764.457515 	 0.339568 	 274.122764 	 295.351340 	 -66755.676681 	 -66755.676681 	 -66755.676681 	 -66755.676681
1:36:03.733 PM 2024-08-26 	 1764.457515 	 1.535278 	 271.508833 	 295.345516 	 -66755.339984 	 -66755.339984 	 -66755.339984 	 -66755.339984
1:36:08.887 PM 2024-08-26 	 1764.457515 	 0.576594 	 271.387456 	 295.339078 	 -66754.882606 	 -66754.882606 	 -66754.882606 	 -66754.882606
1:36:14.050 PM 2024-08-26 	 1764.457515 	 0.338812 	 271.288817 	 295.333561 	 -66754.171174 	 -66754.171174 	 -66754.171174 	 -66754.171174
1:36:19.150 PM 2024-08-26 	 1764.457515 	 0.575838 	 271.208235 	 295.328196 	 -66753.059673 	 -66753.059673 	 -66753.059673 	 -66753.059673
1:36:24.323 PM 2024-08-26 	 1764.457515 	 0.713873 	 271.144507 	 295.322526 	 -66752.164220 	 -66752.164220 	 -66752.164220 	 -66752.164220
1:36:29.477 PM 2024-08-26 	 1764.457515 	 1.050898 	 271.094967 	 295.315782 	 -66751.675250 	 -66751.675250 	 -66751.675250 	 -66751.675250
1:36:34.621 PM 2024-08-26 	 1764.457515 	 0.399013 	 271.053936 	 295.311337 	 -66751.141859 	 -66751.141859 	 -66751.141859 	 -66751.141859
1:36:39.753 PM 2024-08-26 	 1764.457515 	 0.518660 	 271.015919 	 295.304440 	 -66750.849777 	 -66750.849777 	 -66750.849777 	 -66750.849777
1:36:44.908 PM 2024-08-26 	 1764.457515 	 1.416387 	 270.994397 	 295.300762 	 -66750.697390 	 -66750.697390 	 -66750.697390 	 -66750.697390
1:36:50.021 PM 2024-08-26 	 1764.457515 	 0.805560 	 270.994397 	 295.294632 	 -66750.475164 	 -66750.475164 	 -66750.475164 	 -66750.475164
1:36:55.158 PM 2024-08-26 	 1764.457515 	 0.129745 	 270.994397 	 295.290187 	 -66750.246594 	 -66750.246594 	 -66750.246594 	 -66750.246594
1:37:00.279 PM 2024-08-26 	 1764.457515 	 0.866516 	 270.994397 	 295.285129 	 -66750.030728 	 -66750.030728 	 -66750.030728 	 -66750.030728
1:37:05.429 PM 2024-08-26 	 1764.457515 	 1.048379 	 270.994397 	 295.281451 	 -66749.979936 	 -66749.979936 	 -66749.979936 	 -66749.979936
1:37:10.549 PM 2024-08-26 	 1764.457515 	 0.761227 	 270.994397 	 295.277159 	 -66749.954541 	 -66749.954541 	 -66749.954541 	 -66749.954541
1:37:15.735 PM 2024-08-26 	 1764.457515 	 0.149645 	 270.994397 	 295.274247 	 -66749.637102 	 -66749.637102 	 -66749.637102 	 -66749.637102
1:37:20.900 PM 2024-08-26 	 1764.457515 	 1.888676 	 270.994397 	 295.269650 	 -66749.503782 	 -66749.503782 	 -66749.503782 	 -66749.503782
1:37:26.031 PM 2024-08-26 	 1764.457515 	 -0.277305 	 270.994397 	 295.268883 	 -66749.059393 	 -66749.059393 	 -66749.059393 	 -66749.059393
1:37:31.163 PM 2024-08-26 	 1764.457515 	 1.672808 	 270.994397 	 295.266278 	 -66748.449980 	 -66748.449980 	 -66748.449980 	 -66748.449980
1:37:36.330 PM 2024-08-26 	 1764.457515 	 0.360474 	 270.994397 	 295.264285 	 -66748.113552 	 -66748.113552 	 -66748.113552 	 -66748.113552
1:37:41.474 PM 2024-08-26 	 1764.457515 	 0.883393 	 270.994397 	 295.259841 	 -66747.973906 	 -66747.973906 	 -66747.973906 	 -66747.973906
1:37:46.632 PM 2024-08-26 	 1764.457515 	 0.699011 	 270.994397 	 295.258921 	 -66747.726356 	 -66747.726356 	 -66747.726356 	 -66747.726356
1:37:51.765 PM 2024-08-26 	 1764.457515 	 0.965256 	 270.994397 	 295.256622 	 -66747.688272 	 -66747.688272 	 -66747.688272 	 -66747.688272
1:37:56.894 PM 2024-08-26 	 1764.457515 	 0.353422 	 270.994397 	 295.256929 	 -66747.637494 	 -66747.637494 	 -66747.637494 	 -66747.637494
1:38:02.017 PM 2024-08-26 	 1764.457515 	 0.717147 	 270.994397 	 295.256469 	 -66747.586716 	 -66747.586716 	 -66747.586716 	 -66747.586716
1:38:07.112 PM 2024-08-26 	 1764.457515 	 1.019664 	 270.994397 	 295.256009 	 -66747.548633 	 -66747.548633 	 -66747.548633 	 -66747.548633
1:38:12.252 PM 2024-08-26 	 1764.457515 	 1.170545 	 270.994397 	 295.255549 	 -66747.593063 	 -66747.593063 	 -66747.593063 	 -66747.593063
1:38:17.444 PM 2024-08-26 	 1764.457515 	 0.808582 	 270.994397 	 295.254170 	 -66747.783482 	 -66747.783482 	 -66747.783482 	 -66747.783482
1:38:22.564 PM 2024-08-26 	 1764.457515 	 0.742336 	 270.994397 	 295.254630 	 -66748.132594 	 -66748.132594 	 -66748.132594 	 -66748.132594
1:38:27.729 PM 2024-08-26 	 1764.457515 	 0.970798 	 270.994397 	 295.255396 	 -66748.145290 	 -66748.145290 	 -66748.145290 	 -66748.145290
1:38:32.878 PM 2024-08-26 	 1764.457515 	 0.597501 	 270.994397 	 295.256622 	 -66747.751746 	 -66747.751746 	 -66747.751746 	 -66747.751746
1:38:38.016 PM 2024-08-26 	 1764.457515 	 1.134525 	 270.994397 	 295.256929 	 -66747.612105 	 -66747.612105 	 -66747.612105 	 -66747.612105
1:38:43.191 PM 2024-08-26 	 1764.457515 	 -0.518613 	 270.994397 	 295.258155 	 -66747.504203 	 -66747.504203 	 -66747.504203 	 -66747.504203
1:38:48.358 PM 2024-08-26 	 1764.457515 	 0.206571 	 270.994397 	 295.259841 	 -66747.504203 	 -66747.504203 	 -66747.504203 	 -66747.504203
1:38:53.516 PM 2024-08-26 	 1764.457515 	 0.456695 	 270.994397 	 295.261527 	 -66747.415343 	 -66747.415343 	 -66747.415343 	 -66747.415343
1:38:58.625 PM 2024-08-26 	 1764.457515 	 1.204801 	 270.994397 	 295.261373 	 -66747.301095 	 -66747.301095 	 -66747.301095 	 -66747.301095
1:39:03.746 PM 2024-08-26 	 1764.457515 	 0.936037 	 270.994397 	 295.262293 	 -66747.288401 	 -66747.288401 	 -66747.288401 	 -66747.288401
1:39:08.882 PM 2024-08-26 	 1764.457515 	 0.708835 	 270.994397 	 295.263979 	 -66746.863161 	 -66746.863161 	 -66746.863161 	 -66746.863161
1:39:14.000 PM 2024-08-26 	 1764.457515 	 0.268535 	 270.994397 	 295.265358 	 -66746.088893 	 -66746.088893 	 -66746.088893 	 -66746.088893
1:39:19.161 PM 2024-08-26 	 1764.457515 	 1.613111 	 270.994397 	 295.267657 	 -66745.270272 	 -66745.270272 	 -66745.270272 	 -66745.270272
1:39:24.279 PM 2024-08-26 	 1764.457515 	 0.940068 	 270.994397 	 295.267810 	 -66744.921270 	 -66744.921270 	 -66744.921270 	 -66744.921270
1:39:29.425 PM 2024-08-26 	 1764.457515 	 1.058455 	 270.994397 	 295.269190 	 -66744.959342 	 -66744.959342 	 -66744.959342 	 -66744.959342
1:39:34.520 PM 2024-08-26 	 1764.457515 	 0.262994 	 270.994397 	 295.271182 	 -66745.029142 	 -66745.029142 	 -66745.029142 	 -66745.029142
1:39:39.691 PM 2024-08-26 	 1764.457515 	 0.777852 	 270.994397 	 295.271182 	 -66744.997414 	 -66744.997414 	 -66744.997414 	 -66744.997414
1:39:44.865 PM 2024-08-26 	 1764.457515 	 0.701782 	 270.994397 	 295.272562 	 -66744.711875 	 -66744.711875 	 -66744.711875 	 -66744.711875
1:39:49.980 PM 2024-08-26 	 1764.457515 	 0.315890 	 270.994397 	 295.272408 	 -66744.451724 	 -66744.451724 	 -66744.451724 	 -66744.451724
1:39:55.127 PM 2024-08-26 	 1764.457515 	 0.839061 	 270.994397 	 295.275014 	 -66744.692839 	 -66744.692839 	 -66744.692839 	 -66744.692839
1:40:00.254 PM 2024-08-26 	 1764.457515 	 1.201275 	 270.994397 	 295.277619 	 -66744.756291 	 -66744.756291 	 -66744.756291 	 -66744.756291
1:40:05.410 PM 2024-08-26 	 1764.457515 	 1.716385 	 270.994397 	 295.278999 	 -66744.559591 	 -66744.559591 	 -66744.559591 	 -66744.559591
1:40:10.534 PM 2024-08-26 	 1764.457515 	 1.334523 	 270.994397 	 295.281298 	 -66744.445379 	 -66744.445379 	 -66744.445379 	 -66744.445379
1:40:15.688 PM 2024-08-26 	 1764.457515 	 1.034777 	 270.994397 	 295.284056 	 -66744.369239 	 -66744.369239 	 -66744.369239 	 -66744.369239
1:40:20.832 PM 2024-08-26 	 1764.457515 	 1.526965 	 270.994397 	 295.286815 	 -66744.121788 	 -66744.121788 	 -66744.121788 	 -66744.121788
1:40:25.999 PM 2024-08-26 	 1764.457515 	 0.896743 	 275.656192 	 295.288654 	 -66743.963169 	 -66743.963169 	 -66743.963169 	 -66743.963169
1:40:31.135 PM 2024-08-26 	 1764.457515 	 0.495234 	 270.994397 	 295.290187 	 -66744.413654 	 -66744.413654 	 -66744.413654 	 -66744.413654
1:40:36.281 PM 2024-08-26 	 1764.457515 	 1.371803 	 270.994397 	 295.291106 	 -66745.117978 	 -66745.117978 	 -66745.117978 	 -66745.117978
1:40:41.457 PM 2024-08-26 	 1764.457515 	 0.742084 	 275.656192 	 295.293865 	 -66745.809665 	 -66745.809665 	 -66745.809665 	 -66745.809665
1:40:46.578 PM 2024-08-26 	 1764.457515 	 1.389687 	 275.656192 	 295.295858 	 -66746.831427 	 -66746.831427 	 -66746.831427 	 -66746.831427
1:40:51.782 PM 2024-08-26 	 1764.457515 	 1.488679 	 275.656192 	 295.295245 	 -66747.973906 	 -66747.973906 	 -66747.973906 	 -66747.973906
1:40:56.870 PM 2024-08-26 	 1764.457515 	 0.512866 	 270.994397 	 295.296317 	 -66748.875295 	 -66748.875295 	 -66748.875295 	 -66748.875295
1:41:02.013 PM 2024-08-26 	 1764.457515 	 0.554680 	 275.656192 	 295.298157 	 -66749.935494 	 -66749.935494 	 -66749.935494 	 -66749.935494
1:41:07.159 PM 2024-08-26 	 1764.457515 	 0.378358 	 275.656192 	 295.297390 	 -66750.881525 	 -66750.881525 	 -66750.881525 	 -66750.881525
1:41:12.223 PM 2024-08-26 	 1764.457515 	 1.204801 	 270.994397 	 295.298157 	 -66751.707001 	 -66751.707001 	 -66751.707001 	 -66751.707001
1:41:17.354 PM 2024-08-26 	 1764.457515 	 0.363245 	 270.994397 	 295.299076 	 -66752.596059 	 -66752.596059 	 -66752.596059 	 -66752.596059
1:41:22.507 PM 2024-08-26 	 1764.457515 	 0.999765 	 275.656192 	 295.301682 	 -66753.466149 	 -66753.466149 	 -66753.466149 	 -66753.466149
1:41:27.576 PM 2024-08-26 	 1764.457515 	 0.338812 	 270.994397 	 295.302141 	 -66754.266452 	 -66754.266452 	 -66754.266452 	 -66754.266452
1:41:32.695 PM 2024-08-26 	 1764.457515 	 0.877599 	 270.994397 	 295.303214 	 -66754.971539 	 -66754.971539 	 -66754.971539 	 -66754.971539
1:41:37.860 PM 2024-08-26 	 1764.457515 	 1.079613 	 275.656192 	 295.305667 	 -66755.746562 	 -66755.746562 	 -66755.746562 	 -66755.746562
1:41:42.965 PM 2024-08-26 	 1764.457515 	 0.616896 	 270.994397 	 295.305513 	 -66756.674136 	 -66756.674136 	 -66756.674136 	 -66756.674136
1:41:48.097 PM 2024-08-26 	 1764.457515 	 1.380115 	 275.656192 	 295.305973 	 -66757.576388 	 -66757.576388 	 -66757.576388 	 -66757.576388
1:41:53.223 PM 2024-08-26 	 1764.457515 	 0.293472 	 270.994397 	 295.306126 	 -66757.957648 	 -66757.957648 	 -66757.957648 	 -66757.957648
1:41:58.346 PM 2024-08-26 	 1764.457515 	 0.855181 	 275.656192 	 295.307812 	 -66758.402471 	 -66758.402471 	 -66758.402471 	 -66758.402471
1:42:03.449 PM 2024-08-26 	 1764.457515 	 0.778356 	 270.994397 	 295.308732 	 -66758.802831 	 -66758.802831 	 -66758.802831 	 -66758.802831
1:42:08.558 PM 2024-08-26 	 1764.457515 	 0.650901 	 275.656192 	 295.309345 	 -66759.393870 	 -66759.393870 	 -66759.393870 	 -66759.393870
1:42:13.692 PM 2024-08-26 	 1764.457515 	 0.872058 	 270.994397 	 295.310264 	 -66759.698938 	 -66759.698938 	 -66759.698938 	 -66759.698938
1:42:18.831 PM 2024-08-26 	 1764.457515 	 0.707575 	 270.994397 	 295.312104 	 -66759.927745 	 -66759.927745 	 -66759.927745 	 -66759.927745
1:42:23.967 PM 2024-08-26 	 1764.457515 	 0.345361 	 270.994397 	 295.311337 	 -66760.410802 	 -66760.410802 	 -66760.410802 	 -66760.410802
1:42:29.087 PM 2024-08-26 	 1764.457515 	 0.113877 	 270.994397 	 295.310264 	 -66761.090939 	 -66761.090939 	 -66761.090939 	 -66761.090939
1:42:34.214 PM 2024-08-26 	 1764.457515 	 1.234272 	 275.656192 	 295.311337 	 -66761.205359 	 -66761.205359 	 -66761.205359 	 -66761.205359
1:42:39.374 PM 2024-08-26 	 1764.457515 	 0.813116 	 275.656192 	 295.312410 	 -66761.542272 	 -66761.542272 	 -66761.542272 	 -66761.542272
1:42:44.531 PM 2024-08-26 	 1764.457515 	 0.299769 	 275.656192 	 295.312410 	 -66762.095346 	 -66762.095346 	 -66762.095346 	 -66762.095346
1:42:49.675 PM 2024-08-26 	 1764.457515 	 1.671549 	 270.994397 	 295.313790 	 -66762.699315 	 -66762.699315 	 -66762.699315 	 -66762.699315
1:42:54.815 PM 2024-08-26 	 1764.457515 	 1.154172 	 275.656192 	 295.315475 	 -66763.195235 	 -66763.195235 	 -66763.195235 	 -66763.195235
1:42:59.953 PM 2024-08-26 	 1764.457515 	 0.272818 	 270.994397 	 295.319001 	 -66763.761126 	 -66763.761126 	 -66763.761126 	 -66763.761126
1:43:05.075 PM 2024-08-26 	 1764.457515 	 0.971805 	 270.994397 	 295.324671 	 -66764.288898 	 -66764.288898 	 -66764.288898 	 -66764.288898
1:43:10.192 PM 2024-08-26 	 1764.457515 	 0.581380 	 275.656192 	 295.332028 	 -66764.498744 	 -66764.498744 	 -66764.498744 	 -66764.498744
1:43:15.323 PM 2024-08-26 	 1764.457515 	 0.362489 	 270.994397 	 295.336166 	 -66764.530539 	 -66764.530539 	 -66764.530539 	 -66764.530539
1:43:20.432 PM 2024-08-26 	 1764.457515 	 -0.086374 	 270.994397 	 295.342297 	 -66765.001122 	 -66765.001122 	 -66765.001122 	 -66765.001122
1:43:25.540 PM 2024-08-26 	 1764.457515 	 1.395228 	 274.523694 	 295.349194 	 -66765.866039 	 -66765.866039 	 -66765.866039 	 -66765.866039
1:43:30.694 PM 2024-08-26 	 1764.457515 	 1.103794 	 270.994397 	 295.357777 	 -66766.393934 	 -66766.393934 	 -66766.393934 	 -66766.393934
1:43:35.809 PM 2024-08-26 	 1764.457515 	 1.304549 	 270.994397 	 295.363294 	 -66767.157210 	 -66767.157210 	 -66767.157210 	 -66767.157210
1:43:40.920 PM 2024-08-26 	 1764.457515 	 1.391450 	 272.540513 	 295.369119 	 -66768.124117 	 -66768.124117 	 -66768.124117 	 -66768.124117
1:43:46.064 PM 2024-08-26 	 1764.457515 	 1.129487 	 270.994397 	 295.369425 	 -66768.970246 	 -66768.970246 	 -66768.970246 	 -66768.970246
1:43:51.163 PM 2024-08-26 	 1764.457515 	 1.252156 	 274.522673 	 295.373410 	 -66769.721012 	 -66769.721012 	 -66769.721012 	 -66769.721012
1:43:56.299 PM 2024-08-26 	 1764.457515 	 1.375581 	 272.540402 	 295.374330 	 -66770.796370 	 -66770.796370 	 -66770.796370 	 -66770.796370
1:44:01.415 PM 2024-08-26 	 1764.457515 	 1.003039 	 272.540392 	 295.376475 	 -66771.763665 	 -66771.763665 	 -66771.763665 	 -66771.763665
1:44:06.536 PM 2024-08-26 	 1764.457515 	 0.163750 	 272.540372 	 295.378928 	 -66772.495568 	 -66772.495568 	 -66772.495568 	 -66772.495568
1:44:11.656 PM 2024-08-26 	 1764.457515 	 1.110344 	 272.540368 	 295.379234 	 -66771.954591 	 -66771.954591 	 -66771.954591 	 -66771.954591
1:44:16.757 PM 2024-08-26 	 1764.457515 	 -0.007029 	 272.540360 	 295.380001 	 -66771.254550 	 -66771.254550 	 -66771.254550 	 -66771.254550
1:44:21.867 PM 2024-08-26 	 1764.457515 	 0.923443 	 272.540373 	 295.381840 	 -66770.191863 	 -66770.191863 	 -66770.191863 	 -66770.191863
1:44:27.051 PM 2024-08-26 	 1764.457515 	 1.315380 	 272.540379 	 295.380307 	 -66768.836641 	 -66768.836641 	 -66768.836641 	 -66768.836641
1:44:32.191 PM 2024-08-26 	 1764.457515 	 0.549894 	 272.540377 	 295.380001 	 -66768.047779 	 -66768.047779 	 -66768.047779 	 -66768.047779
1:44:37.347 PM 2024-08-26 	 1764.457515 	 1.028228 	 272.540369 	 295.381687 	 -66767.297150 	 -66767.297150 	 -66767.297150 	 -66767.297150
1:44:42.512 PM 2024-08-26 	 1764.457515 	 1.259209 	 272.540368 	 295.382300 	 -66766.508421 	 -66766.508421 	 -66766.508421 	 -66766.508421
1:44:47.611 PM 2024-08-26 	 1764.457515 	 0.612362 	 272.540353 	 295.383679 	 -66766.247647 	 -66766.247647 	 -66766.247647 	 -66766.247647
1:44:52.802 PM 2024-08-26 	 1764.457515 	 1.332760 	 272.540339 	 295.385825 	 -66765.929640 	 -66765.929640 	 -66765.929640 	 -66765.929640
1:44:57.964 PM 2024-08-26 	 1764.457515 	 0.378610 	 272.540332 	 295.386591 	 -66765.745200 	 -66765.745200 	 -66765.745200 	 -66765.745200
1:45:03.129 PM 2024-08-26 	 1764.457515 	 0.338812 	 272.540327 	 295.389043 	 -66765.287299 	 -66765.287299 	 -66765.287299 	 -66765.287299
1:45:08.281 PM 2024-08-26 	 1764.457515 	 0.416645 	 272.540327 	 272.540585 	 -66765.128310 	 -66765.128310 	 -66765.128310 	 -66765.128310
1:45:13.376 PM 2024-08-26 	 1764.457515 	 1.066263 	 272.540306 	 272.540577 	 -66765.363614 	 -66765.363614 	 -66765.363614 	 -66765.363614
1:45:18.570 PM 2024-08-26 	 1764.457515 	 0.647374 	 272.540315 	 272.540569 	 -66765.783360 	 -66765.783360 	 -66765.783360 	 -66765.783360
1:45:23.697 PM 2024-08-26 	 1764.457515 	 0.999009 	 272.540297 	 295.392722 	 -66765.980520 	 -66765.980520 	 -66765.980520 	 -66765.980520
1:45:28.786 PM 2024-08-26 	 1764.457515 	 1.346362 	 295.420430 	 295.393028 	 -66766.005960 	 -66766.005960 	 -66766.005960 	 -66766.005960
1:45:33.890 PM 2024-08-26 	 1764.457515 	 0.090703 	 295.420736 	 295.395021 	 -66765.859679 	 -66765.859679 	 -66765.859679 	 -66765.859679
1:45:38.983 PM 2024-08-26 	 1764.457515 	 0.305311 	 295.421196 	 295.395327 	 -66765.656162 	 -66765.656162 	 -66765.656162 	 -66765.656162
1:45:44.129 PM 2024-08-26 	 1764.457515 	 0.376343 	 295.887332 	 295.398546 	 -66765.026559 	 -66765.026559 	 -66765.026559 	 -66765.026559
1:45:49.265 PM 2024-08-26 	 1764.457515 	 -0.043805 	 296.370548 	 295.522236 	 -66764.734031 	 -66764.734031 	 -66764.734031 	 -66764.734031
1:45:54.420 PM 2024-08-26 	 1764.457515 	 0.931000 	 296.469253 	 296.140298 	 -66764.498744 	 -66764.498744 	 -66764.498744 	 -66764.498744
1:46:29.581 PM 2024-08-26 	 1764.457515 	 0.868532 	 296.027094 	 296.820578 	 -66767.489657 	 -66767.489657 	 -66767.489657 	 -66767.489657
1:46:34.714 PM 2024-08-26 	 1764.457515 	 2.144846 	 295.868943 	 296.752038 	 -66767.839352 	 -66767.839352 	 -66767.839352 	 -66767.839352
1:46:39.813 PM 2024-08-26 	 1764.457515 	 0.779363 	 295.715243 	 296.688405 	 -66768.360740 	 -66768.360740 	 -66768.360740 	 -66768.360740
1:46:44.871 PM 2024-08-26 	 1764.457515 	 1.331753 	 295.570898 	 296.627534 	 -66768.443402 	 -66768.443402 	 -66768.443402 	 -66768.443402
1:46:49.966 PM 2024-08-26 	 1764.457515 	 0.959463 	 295.438510 	 296.566357 	 -66768.551500 	 -66768.551500 	 -66768.551500 	 -66768.551500
1:46:55.089 PM 2024-08-26 	 1764.457515 	 0.941075 	 295.327272 	 296.513308 	 -66768.678675 	 -66768.678675 	 -66768.678675 	 -66768.678675
1:47:00.171 PM 2024-08-26 	 1764.457515 	 1.129739 	 295.217722 	 296.459952 	 -66768.678675 	 -66768.678675 	 -66768.678675 	 -66768.678675
1:47:05.292 PM 2024-08-26 	 1764.457515 	 0.520423 	 295.119514 	 296.410277 	 -66768.805852 	 -66768.805852 	 -66768.805852 	 -66768.805852
1:47:10.415 PM 2024-08-26 	 1764.457515 	 1.370543 	 295.029122 	 296.363976 	 -66769.002979 	 -66769.002979 	 -66769.002979 	 -66769.002979
1:47:15.570 PM 2024-08-26 	 1764.457515 	 0.649641 	 294.949304 	 296.319669 	 -66769.238266 	 -66769.238266 	 -66769.238266 	 -66769.238266
1:47:20.731 PM 2024-08-26 	 1764.457515 	 1.025709 	 294.881743 	 296.284100 	 -66769.174674 	 -66769.174674 	 -66769.174674 	 -66769.174674
1:47:25.817 PM 2024-08-26 	 1764.457515 	 0.537299 	 294.815869 	 296.247919 	 -66769.371810 	 -66769.371810 	 -66769.371810 	 -66769.371810
1:47:30.954 PM 2024-08-26 	 1764.457515 	 0.402540 	 294.761945 	 296.209746 	 -66769.734296 	 -66769.734296 	 -66769.734296 	 -66769.734296
1:47:36.063 PM 2024-08-26 	 1764.457515 	 0.995735 	 294.708022 	 296.172952 	 -66769.740656 	 -66769.740656 	 -66769.740656 	 -66769.740656
1:47:41.196 PM 2024-08-26 	 1764.457515 	 0.718155 	 294.658695 	 296.136926 	 -66769.467200 	 -66769.467200 	 -66769.467200 	 -66769.467200
1:47:46.310 PM 2024-08-26 	 1764.457515 	 0.496242 	 294.617029 	 296.105192 	 -66769.409966 	 -66769.409966 	 -66769.409966 	 -66769.409966
1:47:51.463 PM 2024-08-26 	 1764.457515 	 1.924948 	 294.574903 	 296.071926 	 -66769.530793 	 -66769.530793 	 -66769.530793 	 -66769.530793
1:47:56.557 PM 2024-08-26 	 1764.457515 	 0.748381 	 294.535535 	 296.040806 	 -66769.791532 	 -66769.791532 	 -66769.791532 	 -66769.791532
1:48:01.686 PM 2024-08-26 	 1764.457515 	 0.395739 	 294.499231 	 296.013059 	 -66770.236713 	 -66770.236713 	 -66770.236713 	 -66770.236713
1:48:06.796 PM 2024-08-26 	 1764.457515 	 0.472816 	 294.467064 	 295.983932 	 -66770.204914 	 -66770.204914 	 -66770.204914 	 -66770.204914
1:48:11.921 PM 2024-08-26 	 1764.457515 	 0.748129 	 294.439492 	 295.958639 	 -66770.211274 	 -66770.211274 	 -66770.211274 	 -66770.211274
1:48:17.055 PM 2024-08-26 	 1764.457515 	 -0.061689 	 294.410695 	 295.931965 	 -66770.440232 	 -66770.440232 	 -66770.440232 	 -66770.440232
1:48:22.165 PM 2024-08-26 	 1764.457515 	 0.528987 	 294.383736 	 295.906059 	 -66770.472032 	 -66770.472032 	 -66770.472032 	 -66770.472032
1:48:27.282 PM 2024-08-26 	 1764.457515 	 1.124197 	 294.360147 	 295.886131 	 -66770.338472 	 -66770.338472 	 -66770.338472 	 -66770.338472
1:48:32.387 PM 2024-08-26 	 2.274574 	 0.671555 	 294.337324 	 295.864363 	 -66770.465672 	 -66770.465672 	 -66770.465672 	 -66770.465672
1:48:37.464 PM 2024-08-26 	 3.450318 	 0.866516 	 294.317106 	 295.846122 	 -66770.790040 	 -66770.790040 	 -66770.790040 	 -66770.790040
1:48:42.567 PM 2024-08-26 	 2.147263 	 0.555435 	 294.295815 	 295.826654 	 -66770.987211 	 -66770.987211 	 -66770.987211 	 -66770.987211
1:48:47.702 PM 2024-08-26 	 2.566435 	 -0.001488 	 294.278354 	 295.805194 	 -66771.165304 	 -66771.165304 	 -66771.165304 	 -66771.165304
1:48:52.813 PM 2024-08-26 	 2.745576 	 0.780119 	 294.260586 	 295.779595 	 -66771.114420 	 -66771.114420 	 -66771.114420 	 -66771.114420
1:48:57.921 PM 2024-08-26 	 2.659025 	 0.847373 	 294.244657 	 295.758441 	 -66771.368844 	 -66771.368844 	 -66771.368844 	 -66771.368844
1:49:03.048 PM 2024-08-26 	 3.040959 	 0.573571 	 294.229187 	 295.738974 	 -66771.381565 	 -66771.381565 	 -66771.381565 	 -66771.381565
1:49:08.189 PM 2024-08-26 	 2.002843 	 0.977599 	 294.213411 	 295.718894 	 -66771.648718 	 -66771.648718 	 -66771.648718 	 -66771.648718
1:49:13.368 PM 2024-08-26 	 1.695132 	 0.222188 	 294.199166 	 295.700346 	 -66771.623274 	 -66771.623274 	 -66771.623274 	 -66771.623274
1:49:18.518 PM 2024-08-26 	 1.546937 	 0.912612 	 294.185688 	 295.685631 	 -66771.349762 	 -66771.349762 	 -66771.349762 	 -66771.349762
1:49:23.659 PM 2024-08-26 	 2.610717 	 1.694471 	 294.174966 	 295.670610 	 -66771.171665 	 -66771.171665 	 -66771.171665 	 -66771.171665
1:49:28.799 PM 2024-08-26 	 2.000578 	 0.810345 	 294.165623 	 295.657734 	 -66771.057176 	 -66771.057176 	 -66771.057176 	 -66771.057176
1:49:33.913 PM 2024-08-26 	 2.428556 	 0.739565 	 294.157965 	 295.644552 	 -66770.853643 	 -66770.853643 	 -66770.853643 	 -66770.853643
1:49:39.032 PM 2024-08-26 	 3.024101 	 1.354926 	 294.151226 	 295.633056 	 -66770.999932 	 -66770.999932 	 -66770.999932 	 -66770.999932
1:49:44.191 PM 2024-08-26 	 1.815650 	 1.438049 	 294.146937 	 295.621100 	 -66770.929968 	 -66770.929968 	 -66770.929968 	 -66770.929968
1:49:49.294 PM 2024-08-26 	 2.086375 	 1.428477 	 294.145252 	 295.605925 	 -66770.949049 	 -66770.949049 	 -66770.949049 	 -66770.949049
1:49:54.412 PM 2024-08-26 	 2.318857 	 1.138303 	 294.146631 	 295.594583 	 -66770.929968 	 -66770.929968 	 -66770.929968 	 -66770.929968
1:49:59.572 PM 2024-08-26 	 2.157076 	 1.580114 	 294.148928 	 295.582627 	 -66770.790040 	 -66770.790040 	 -66770.790040 	 -66770.790040
1:50:04.714 PM 2024-08-26 	 2.485418 	 0.961226 	 294.153523 	 295.572817 	 -66770.605594 	 -66770.605594 	 -66770.605594 	 -66770.605594
1:50:09.825 PM 2024-08-26 	 2.761427 	 0.359467 	 294.159343 	 295.564387 	 -66770.739158 	 -66770.739158 	 -66770.739158 	 -66770.739158
1:50:14.996 PM 2024-08-26 	 1.601787 	 1.424195 	 294.167461 	 295.558256 	 -66770.942688 	 -66770.942688 	 -66770.942688 	 -66770.942688
1:50:20.097 PM 2024-08-26 	 2.095936 	 0.892965 	 294.178029 	 295.552738 	 -66771.273434 	 -66771.273434 	 -66771.273434 	 -66771.273434
1:50:25.202 PM 2024-08-26 	 1.494604 	 1.169537 	 294.188138 	 295.546301 	 -66771.317958 	 -66771.317958 	 -66771.317958 	 -66771.317958
1:50:30.325 PM 2024-08-26 	 2.855779 	 0.405310 	 294.200851 	 295.538330 	 -66771.337040 	 -66771.337040 	 -66771.337040 	 -66771.337040
1:50:35.466 PM 2024-08-26 	 2.500766 	 1.490694 	 294.213564 	 295.532966 	 -66771.476976 	 -66771.476976 	 -66771.476976 	 -66771.476976
1:50:40.571 PM 2024-08-26 	 2.630090 	 0.646115 	 294.229493 	 295.526528 	 -66771.680522 	 -66771.680522 	 -66771.680522 	 -66771.680522
1:50:45.717 PM 2024-08-26 	 1.934658 	 0.857197 	 294.244044 	 295.521163 	 -66771.381565 	 -66771.381565 	 -66771.381565 	 -66771.381565
1:50:50.848 PM 2024-08-26 	 1.636256 	 1.498250 	 294.258595 	 295.515799 	 -66771.063536 	 -66771.063536 	 -66771.063536 	 -66771.063536
1:50:55.999 PM 2024-08-26 	 2.385280 	 1.265506 	 294.277588 	 295.510588 	 -66770.732798 	 -66770.732798 	 -66770.732798 	 -66770.732798
1:51:01.128 PM 2024-08-26 	 1.748472 	 0.301029 	 294.295968 	 295.504457 	 -66770.446592 	 -66770.446592 	 -66770.446592 	 -66770.446592
1:51:06.267 PM 2024-08-26 	 1.955038 	 0.063499 	 294.313123 	 295.499552 	 -66770.160395 	 -66770.160395 	 -66770.160395 	 -66770.160395
1:51:11.410 PM 2024-08-26 	 2.903835 	 1.071301 	 294.332882 	 295.495413 	 -66769.893286 	 -66769.893286 	 -66769.893286 	 -66769.893286
1:51:16.595 PM 2024-08-26 	 2.600653 	 1.521424 	 294.353408 	 295.489436 	 -66769.810611 	 -66769.810611 	 -66769.810611 	 297.967684
1:51:21.748 PM 2024-08-26 	 1.905975 	 1.334020 	 294.373320 	 295.482232 	 -66770.567434 	 -66770.567434 	 -66770.567434 	 297.570554
1:51:26.885 PM 2024-08-26 	 1.746710 	 0.175589 	 294.393692 	 295.476561 	 -66770.860004 	 -66770.860004 	 -66770.860004 	 304.219357
1:51:32.006 PM 2024-08-26 	 2.882952 	 0.566266 	 294.413605 	 295.470583 	 -66771.012653 	 -66771.012653 	 -66771.012653 	 303.746291
1:51:37.152 PM 2024-08-26 	 1.223123 	 1.349133 	 294.436581 	 295.467824 	 -66771.031734 	 -66771.031734 	 -66771.031734 	 306.950380
1:51:42.274 PM 2024-08-26 	 2.398363 	 -0.274282 	 294.457567 	 295.463686 	 -66770.974490 	 -66770.974490 	 -66770.974490 	 303.386871
1:51:47.388 PM 2024-08-26 	 2.682927 	 1.359208 	 294.480543 	 295.460161 	 -66770.681916 	 -66770.681916 	 -66770.681916 	 301.774504
1:51:52.554 PM 2024-08-26 	 2.256207 	 0.795484 	 294.503520 	 295.456176 	 -66769.912365 	 -66769.912365 	 -66769.912365 	 300.804326
1:51:57.688 PM 2024-08-26 	 2.821812 	 0.294228 	 294.524046 	 295.449432 	 -66769.263703 	 -66769.263703 	 -66769.263703 	 300.099478
1:52:02.843 PM 2024-08-26 	 1.997559 	 0.921428 	 294.547177 	 295.443914 	 -66768.697751 	 -66768.697751 	 -66768.697751 	 299.487785
1:52:07.993 PM 2024-08-26 	 2.509572 	 0.843847 	 294.571380 	 295.439163 	 -66768.316230 	 -66768.316230 	 -66768.316230 	 298.998993
1:52:13.137 PM 2024-08-26 	 3.215572 	 1.025709 	 294.594970 	 295.433951 	 -66767.686756 	 -66767.686756 	 -66767.686756 	 298.594779
1:52:18.283 PM 2024-08-26 	 1.161732 	 1.104298 	 294.617794 	 295.429200 	 -66766.707661 	 -66766.707661 	 -66766.707661 	 298.318480
1:52:23.425 PM 2024-08-26 	 2.880939 	 1.490190 	 294.642304 	 295.424295 	 -66766.160939 	 -66766.160939 	 -66766.160939 	 298.061099
1:52:28.581 PM 2024-08-26 	 2.617510 	 0.145614 	 294.667274 	 295.416479 	 303.445091 	 -66765.620607 	 -66765.620607 	 297.904806
1:52:33.728 PM 2024-08-26 	 3.370559 	 1.665252 	 294.688260 	 295.408815 	 296.784739 	 -66765.385414 	 -66765.385414 	 297.755791
1:52:38.882 PM 2024-08-26 	 2.299483 	 1.344599 	 294.713230 	 295.403451 	 296.853892 	 297.183380 	 -66755.817563 	 297.532800
1:52:44.031 PM 2024-08-26 	 2.397357 	 0.200022 	 294.738507 	 295.399772 	 296.866880 	 298.836121 	 -66727.680560 	 296.861715
1:52:49.187 PM 2024-08-26 	 1.911259 	 0.638810 	 294.762864 	 295.394868 	 -66700.955408 	 297.624431 	 -66700.955408 	 297.116027
1:52:54.335 PM 2024-08-26 	 1.944219 	 0.684654 	 294.787375 	 295.389350 	 -66678.840492 	 -66678.840492 	 -66678.840492 	 296.939374
1:52:59.461 PM 2024-08-26 	 2.239602 	 0.953669 	 294.810660 	 295.382146 	 -663259571.923925 	 -66671.394718 	 -66671.394718 	 296.865928
1:53:04.605 PM 2024-08-26 	 2.373203 	 0.886164 	 294.836550 	 295.374943 	 399.187742 	 -66672.118260 	 -66672.118260 	 296.739736
1:53:09.762 PM 2024-08-26 	 2.789355 	 0.342590 	 294.860449 	 295.368046 	 752.565188 	 297.760312 	 -66673.213119 	 296.767668
1:53:14.904 PM 2024-08-26 	 3.039198 	 0.404807 	 294.881896 	 295.360076 	 773.572512 	 297.818808 	 -66665.338079 	 296.533198
1:53:20.077 PM 2024-08-26 	 2.993154 	 0.340323 	 294.907327 	 295.354558 	 -37.691469 	 298.017150 	 297.142837 	 295.945716
1:53:25.187 PM 2024-08-26 	 1.973153 	 1.015382 	 294.931686 	 295.346742 	 -2278.468240 	 297.276829 	 296.326416 	 -66646.508171
1:53:30.386 PM 2024-08-26 	 1.968121 	 0.925710 	 294.955738 	 295.339691 	 -6834.589622 	 296.582801 	 295.951453 	 -66638.492996
1:53:35.549 PM 2024-08-26 	 2.339991 	 0.435285 	 294.980404 	 295.333101 	 -13857.675933 	 296.313228 	 295.736585 	 -66631.950568
1:53:40.694 PM 2024-08-26 	 1.466424 	 0.880118 	 295.005223 	 295.325744 	 -23398.481167 	 296.152116 	 295.734848 	 -66626.790096
1:53:45.858 PM 2024-08-26 	 2.535236 	 1.088933 	 295.028969 	 295.320533 	 -34497.586691 	 296.300736 	 295.768787 	 -66622.877831
1:53:51.025 PM 2024-08-26 	 3.120969 	 0.049393 	 295.053942 	 295.312563 	 -48890.747917 	 295.982522 	 295.616419 	 -66619.561532
1:53:56.208 PM 2024-08-26 	 2.104994 	 0.490448 	 295.078148 	 295.303827 	 -65730.752750 	 295.865114 	 295.610973 	 -66616.840556
1:54:01.365 PM 2024-08-26 	 1.343642 	 0.784401 	 295.100976 	 295.297544 	 -66614.839431 	 295.815552 	 295.651771 	 -66614.839431
1:54:06.544 PM 2024-08-26 	 2.169907 	 1.018405 	 295.123804 	 295.292792 	 -66613.307613 	 296.021013 	 295.646937 	 -66613.307613
1:54:11.692 PM 2024-08-26 	 2.232557 	 1.988172 	 295.149237 	 295.285589 	 -66612.201112 	 295.965704 	 295.761034 	 -66612.201112
1:54:16.811 PM 2024-08-26 	 1.403020 	 0.468282 	 295.172678 	 295.279305 	 -66611.082242 	 296.087667 	 295.707056 	 -66611.082242
1:54:21.975 PM 2024-08-26 	 1.309172 	 1.102283 	 295.198264 	 295.271489 	 -66610.588483 	 296.208854 	 295.981241 	 -66610.588483
1:54:27.133 PM 2024-08-26 	 0.920193 	 1.191703 	 295.222012 	 295.264592 	 -66610.019754 	 296.328765 	 295.827434 	 -66610.019754
1:54:32.305 PM 2024-08-26 	 3.364018 	 1.034525 	 295.245301 	 295.258155 	 -66609.776024 	 296.851580 	 296.084227 	 -66609.776024
1:54:37.439 PM 2024-08-26 	 1.614367 	 2.036030 	 295.269662 	 295.253710 	 -66609.657287 	 296.384631 	 295.731838 	 -66609.657287
1:54:42.560 PM 2024-08-26 	 2.194816 	 0.641329 	 295.292644 	 295.250032 	 -66609.676035 	 296.322665 	 295.799211 	 -66609.676035
1:54:47.687 PM 2024-08-26 	 2.692236 	 0.421935 	 295.315780 	 295.244515 	 -66609.794773 	 296.376261 	 295.809577 	 -66609.794773
1:54:52.816 PM 2024-08-26 	 3.333825 	 0.910597 	 295.339682 	 295.240836 	 -66610.107249 	 296.015970 	 295.785910 	 -66610.107249
1:54:57.911 PM 2024-08-26 	 1.067632 	 1.193718 	 295.362206 	 295.237005 	 -66610.288490 	 296.121115 	 295.776296 	 -66610.288490
1:55:03.071 PM 2024-08-26 	 1.865970 	 0.670548 	 295.386568 	 295.234399 	 -66610.763483 	 296.039338 	 295.719876 	 -66610.763483
1:55:08.254 PM 2024-08-26 	 2.518378 	 0.955181 	 295.409857 	 295.229955 	 -66611.301005 	 295.889117 	 295.668410 	 -66611.301005
1:55:13.440 PM 2024-08-26 	 3.040456 	 1.600013 	 295.434220 	 295.226430 	 -66611.869812 	 295.951182 	 295.851443 	 -66611.869812
1:55:18.581 PM 2024-08-26 	 1.843578 	 0.704553 	 295.455824 	 295.224131 	 -66612.401147 	 296.009794 	 295.680427 	 -66612.401147
1:55:23.709 PM 2024-08-26 	 3.389430 	 1.119411 	 295.478961 	 295.220759 	 -66612.970022 	 295.942964 	 295.593778 	 -66612.970022
1:55:28.798 PM 2024-08-26 	 4.596372 	 0.544856 	 295.501639 	 295.219073 	 -66613.601452 	 296.086643 	 295.662257 	 -66613.601452
1:55:33.922 PM 2024-08-26 	 2.475354 	 0.806567 	 295.524776 	 295.217234 	 -66614.389238 	 296.424103 	 296.001431 	 457.047227
1:55:39.018 PM 2024-08-26 	 1.989759 	 1.087422 	 295.546381 	 295.214016 	 -66615.020765 	 296.424794 	 296.091014 	 -758.954360
1:55:44.155 PM 2024-08-26 	 18.849962 	 1.154928 	 295.569519 	 295.211717 	 -66615.646082 	 296.275993 	 296.151401 	 -1586.567149
1:55:49.297 PM 2024-08-26 	 2.228279 	 1.075079 	 295.590971 	 295.209111 	 -66616.290203 	 296.312461 	 295.901451 	 -2118.138867
1:55:54.414 PM 2024-08-26 	 2.673869 	 0.637803 	 295.614109 	 295.205893 	 -66616.671694 	 296.186612 	 295.786786 	 -2184.846444
1:55:59.521 PM 2024-08-26 	 3.695128 	 0.830245 	 295.636634 	 295.201295 	 -66617.103235 	 296.244787 	 295.773016 	 -2035.037416
1:56:04.691 PM 2024-08-26 	 2.445413 	 0.977851 	 295.658393 	 295.196851 	 -66617.516033 	 296.202745 	 296.056970 	 -1814.929019
1:56:09.820 PM 2024-08-26 	 3.098073 	 0.585158 	 295.679693 	 295.192100 	 -66617.847536 	 296.218670 	 296.111463 	 -1575.785688
1:56:14.990 PM 2024-08-26 	 2.679656 	 1.029488 	 295.701299 	 295.188421 	 -66618.229091 	 296.355607 	 295.989323 	 -1381.766148
1:56:20.107 PM 2024-08-26 	 1.776148 	 0.012618 	 295.723671 	 295.187195 	 -66618.591896 	 296.412073 	 295.930589 	 -1182.892596
1:56:25.283 PM 2024-08-26 	 2.700539 	 1.007573 	 295.745431 	 295.187502 	 -66618.898415 	 296.498375 	 295.940306 	 -996.061564
1:56:30.404 PM 2024-08-26 	 2.270800 	 0.349895 	 295.766271 	 295.186429 	 -66619.280014 	 306.616873 	 296.041581 	 -844.516991
1:56:35.520 PM 2024-08-26 	 1.894150 	 1.237799 	 295.788185 	 295.183824 	 -66619.505228 	 307.048210 	 296.360802 	 -697.339795
1:56:40.629 PM 2024-08-26 	 2.551590 	 0.595234 	 295.807186 	 295.181678 	 -66619.974440 	 304.792494 	 296.255538 	 -562.313180
1:56:45.761 PM 2024-08-26 	 2.044609 	 2.294215 	 295.829560 	 295.182597 	 -66620.287261 	 300.289172 	 305.665766 	 -468.177645
1:56:50.892 PM 2024-08-26 	 2.915912 	 1.210091 	 295.850707 	 295.181371 	 -66620.681431 	 298.300401 	 305.959968 	 -368.019077
1:56:56.051 PM 2024-08-26 	 2.525423 	 0.621430 	 295.871395 	 295.182597 	 -66620.994277 	 298.001062 	 302.459783 	 -285.097424
1:57:01.189 PM 2024-08-26 	 1.892137 	 0.837801 	 295.892543 	 295.182444 	 -66621.369705 	 306.778838 	 299.110423 	 -227.292330
1:57:06.290 PM 2024-08-26 	 2.479631 	 1.343339 	 295.913384 	 295.182138 	 -66621.770179 	 307.016776 	 297.508403 	 -173.871830
1:57:11.393 PM 2024-08-26 	 2.084362 	 0.609591 	 295.932233 	 295.183211 	 -66622.208218 	 307.124238 	 306.056808 	 -129.851962
1:57:16.515 PM 2024-08-26 	 1.720544 	 1.645101 	 295.952615 	 295.185050 	 -66622.589954 	 307.204802 	 307.526361 	 -96.093022
1:57:21.648 PM 2024-08-26 	 3.286775 	 0.419416 	 295.973610 	 295.184590 	 -66622.977964 	 301.484867 	 302.643590 	 -54.681573
1:57:26.810 PM 2024-08-26 	 2.837412 	 1.619660 	 295.993533 	 295.185509 	 358.808955 	 298.187208 	 298.437629 	 -52.944173
1:57:31.982 PM 2024-08-26 	 2.251679 	 0.620926 	 296.012842 	 295.183364 	 378.639480 	 297.084348 	 297.304395 	 -35.928432
1:57:37.130 PM 2024-08-26 	 3.186889 	 0.247377 	 296.034297 	 295.183824 	 419.415324 	 297.773735 	 296.628478 	 -16.779939
1:57:42.290 PM 2024-08-26 	 2.219222 	 1.203290 	 296.052228 	 295.183977 	 519.121232 	 297.819059 	 297.404668 	 -3.451164
1:57:47.445 PM 2024-08-26 	 1764.457515 	 1.447873 	 296.072150 	 295.182751 	 347.685305 	 296.129330 	 296.638795 	 18.896166
1:57:52.592 PM 2024-08-26 	 1764.457515 	 0.673822 	 296.091767 	 295.183824 	 96.380698 	 298.350114 	 296.013523 	 33.000061
1:57:57.722 PM 2024-08-26 	 1764.457515 	 0.885408 	 296.109544 	 295.185203 	 -66636.982310 	 297.726256 	 296.709119 	 42.424610
1:58:02.887 PM 2024-08-26 	 1764.457515 	 0.538307 	 296.129621 	 295.188728 	 296.946343 	 297.124692 	 296.495947 	 53.876519
1:58:08.021 PM 2024-08-26 	 1.786715 	 0.846114 	 296.150157 	 295.193479 	 296.824200 	 297.095052 	 296.390137 	 64.014649
1:58:13.148 PM 2024-08-26 	 3.197708 	 1.550139 	 296.168701 	 295.198383 	 296.754740 	 296.628396 	 296.396756 	 75.290447
1:58:18.285 PM 2024-08-26 	 1.892389 	 0.843343 	 296.185560 	 295.203134 	 296.719310 	 296.429915 	 296.266817 	 85.876442
1:58:23.351 PM 2024-08-26 	 3.363011 	 0.080124 	 296.205024 	 295.206046 	 296.683465 	 296.522334 	 296.273719 	 95.261943
1:58:28.496 PM 2024-08-26 	 1.175570 	 1.385153 	 296.223415 	 295.207425 	 296.634666 	 296.753495 	 306.328688 	 104.820738
1:58:33.639 PM 2024-08-26 	 2.101974 	 1.316891 	 296.242266 	 295.208039 	 296.626008 	 302.789839 	 301.773223 	 113.578631
1:58:38.773 PM 2024-08-26 	 2.469567 	 1.687922 	 296.260044 	 295.209265 	 303.327746 	 299.031864 	 298.519351 	 121.026768
1:58:43.888 PM 2024-08-26 	 2.844708 	 1.381626 	 296.277363 	 295.210491 	 300.541913 	 297.282119 	 296.884628 	 129.192405
1:58:49.068 PM 2024-08-26 	 2.959439 	 0.010603 	 296.294988 	 295.213709 	 299.683679 	 296.624708 	 296.271325 	 136.553178
1:58:54.263 PM 2024-08-26 	 2.374713 	 1.221678 	 296.314146 	 295.215395 	 299.119400 	 296.113211 	 295.825326 	 143.946937
1:58:59.425 PM 2024-08-26 	 2.468309 	 0.782134 	 296.330086 	 295.217541 	 298.707482 	 295.957467 	 295.773030 	 150.687675
1:59:04.594 PM 2024-08-26 	 1.963089 	 0.552413 	 296.349857 	 295.220606 	 298.394509 	 295.825277 	 295.793279 	 157.483739
1:59:09.735 PM 2024-08-26 	 1.665191 	 1.603539 	 296.366563 	 295.224897 	 298.121807 	 295.913950 	 295.965227 	 164.189862
1:59:14.845 PM 2024-08-26 	 2.474851 	 0.683898 	 296.384649 	 295.230108 	 297.883944 	 295.915908 	 295.923435 	 170.376072
1:59:20.002 PM 2024-08-26 	 1.758787 	 0.785409 	 296.402121 	 295.231028 	 297.685803 	 295.961145 	 296.120116 	 176.779206
1:59:25.164 PM 2024-08-26 	 1.972147 	 1.316891 	 296.418981 	 295.231028 	 297.499082 	 295.912546 	 295.901726 	 182.810421
1:59:30.295 PM 2024-08-26 	 2.339488 	 2.015879 	 296.433235 	 295.230108 	 297.348873 	 295.987669 	 296.066687 	 188.360853
1:59:35.466 PM 2024-08-26 	 2.061215 	 0.768028 	 296.451321 	 295.229188 	 297.231952 	 296.135228 	 296.397546 	 194.204659
1:59:40.614 PM 2024-08-26 	 2.257969 	 0.505058 	 296.468640 	 295.229648 	 297.112324 	 296.110324 	 296.186500 	 199.495783
1:59:45.763 PM 2024-08-26 	 2.402892 	 0.772562 	 296.487033 	 295.230108 	 297.032818 	 296.180193 	 296.429328 	 204.985597
1:59:50.939 PM 2024-08-26 	 2.279103 	 0.341331 	 296.502207 	 295.229342 	 296.958865 	 296.249985 	 296.386300 	 210.372772
1:59:56.106 PM 2024-08-26 	 3.313949 	 0.410600 	 296.517534 	 295.226277 	 296.890166 	 296.248886 	 296.349011 	 214.730697
2:00:01.245 PM 2024-08-26 	 2.792123 	 1.317395 	 296.534088 	 295.227809 	 296.835595 	 296.325872 	 296.194711 	 219.327153
2:00:06.364 PM 2024-08-26 	 3.158709 	 0.540070 	 296.549875 	 295.225663 	 296.794697 	 296.604009 	 296.313133 	 223.788299
2:00:11.490 PM 2024-08-26 	 1.867480 	 1.687418 	 296.565969 	 295.224131 	 296.748108 	 296.161653 	 296.262266 	 227.812631
