Timestamp	PTD1 raw (mA)	PTD1 T0 (K)	PTD1 aT (PSI/K)	PTD1 adj (PSI)	PTD2 raw (mA)	PTD2 T0 (K)	PTD2 aT (PSI/K)	PTD2 adj (PSI)	RTD0 Rraw (Ohm)	RTD1 Rraw (Ohm)	DAQ thermistor T (K)
8:34:15.824 AM 2024-08-26 	 4.046206 	 297.647000 	 44.546000 	 -2975641.310435 	 4.023104 	 297.647000 	 44.546000 	 -2975641.310435 	 108.113895 	 108.129074 	 299.226817
8:34:22.198 AM 2024-08-26 	 4.039834 	 297.647000 	 44.546000 	 -2975625.900488 	 4.009060 	 297.647000 	 44.546000 	 -2975625.900488 	 108.114312 	 108.129313 	 299.225413
8:34:27.357 AM 2024-08-26 	 4.026181 	 297.647000 	 44.546000 	 -2975604.437588 	 4.020176 	 297.647000 	 44.546000 	 -2975604.437588 	 108.113836 	 108.128955 	 299.223458
8:34:32.535 AM 2024-08-26 	 4.030658 	 297.647000 	 44.546000 	 -2975601.686015 	 4.014126 	 297.647000 	 44.546000 	 -2975601.686015 	 108.114015 	 108.129372 	 299.223208
8:34:37.653 AM 2024-08-26 	 4.030696 	 297.647000 	 44.546000 	 -2975604.712747 	 4.010654 	 297.647000 	 44.546000 	 -2975604.712747 	 108.113717 	 108.129610 	 299.223483
8:34:42.762 AM 2024-08-26 	 4.026846 	 297.647000 	 44.546000 	 -2975615.994396 	 4.008716 	 297.647000 	 44.546000 	 -2975615.994396 	 108.114312 	 108.129253 	 299.224511
8:34:47.901 AM 2024-08-26 	 4.036101 	 297.647000 	 44.546000 	 -2975629.477746 	 4.019165 	 297.647000 	 44.546000 	 -2975629.477746 	 108.113895 	 108.129908 	 299.225739
8:34:53.046 AM 2024-08-26 	 4.037088 	 297.647000 	 44.546000 	 -2975621.222582 	 4.018170 	 297.647000 	 44.546000 	 -2975621.222582 	 108.114134 	 108.130087 	 299.224987
8:34:58.219 AM 2024-08-26 	 4.028142 	 297.647000 	 44.546000 	 -2975609.665628 	 4.009323 	 297.647000 	 44.546000 	 -2975609.665628 	 108.114015 	 108.130206 	 299.223935
8:35:03.386 AM 2024-08-26 	 4.028711 	 297.647000 	 44.546000 	 -2975600.585390 	 4.024549 	 297.647000 	 44.546000 	 -2975600.585390 	 108.114193 	 108.130504 	 299.223107
8:35:08.529 AM 2024-08-26 	 4.034470 	 297.647000 	 44.546000 	 -2975590.955053 	 4.019463 	 297.647000 	 44.546000 	 -2975590.955053 	 108.114789 	 108.130325 	 299.222230
8:35:13.654 AM 2024-08-26 	 4.034636 	 297.647000 	 44.546000 	 -2975574.171284 	 4.020348 	 297.647000 	 44.546000 	 -2975574.171284 	 108.114670 	 108.130504 	 299.220701
8:35:18.781 AM 2024-08-26 	 4.031186 	 297.647000 	 44.546000 	 -2975568.118288 	 4.017790 	 297.647000 	 44.546000 	 -2975568.118288 	 108.115027 	 108.130563 	 299.220150
8:35:23.936 AM 2024-08-26 	 4.028206 	 297.647000 	 44.546000 	 -2975560.139474 	 4.022088 	 297.647000 	 44.546000 	 -2975560.139474 	 108.114491 	 108.130087 	 299.219423
8:35:29.092 AM 2024-08-26 	 4.022591 	 297.647000 	 44.546000 	 -2975553.811558 	 4.013959 	 297.647000 	 44.546000 	 -2975553.811558 	 108.114491 	 108.130861 	 299.218847
8:35:34.246 AM 2024-08-26 	 4.027733 	 297.647000 	 44.546000 	 -2975539.230207 	 4.011484 	 297.647000 	 44.546000 	 -2975539.230207 	 108.114491 	 108.131099 	 299.217519
8:35:39.392 AM 2024-08-26 	 4.044367 	 297.647000 	 44.546000 	 -2975513.645301 	 4.019510 	 297.647000 	 44.546000 	 -2975513.645301 	 108.114908 	 108.130802 	 299.215188
8:35:44.503 AM 2024-08-26 	 4.034779 	 297.647000 	 44.546000 	 -2975491.362959 	 4.021116 	 297.647000 	 44.546000 	 -2975491.362959 	 108.114491 	 108.130027 	 299.213158
8:35:49.662 AM 2024-08-26 	 4.027167 	 297.647000 	 44.546000 	 -2975464.680741 	 4.012742 	 297.647000 	 44.546000 	 -2975464.680741 	 108.115027 	 108.130921 	 299.210728
8:35:54.775 AM 2024-08-26 	 4.029674 	 297.647000 	 44.546000 	 -2975421.222659 	 4.018123 	 297.647000 	 44.546000 	 -2975421.222659 	 108.114908 	 108.130742 	 299.206769
8:35:59.921 AM 2024-08-26 	 4.030991 	 297.647000 	 44.546000 	 -2975383.269324 	 4.010832 	 297.647000 	 44.546000 	 -2975383.269324 	 108.114729 	 108.131040 	 299.203311
8:36:05.032 AM 2024-08-26 	 4.028218 	 297.647000 	 44.546000 	 -2975352.469170 	 4.011892 	 297.647000 	 44.546000 	 -2975352.469170 	 108.115027 	 108.130921 	 299.200505
8:36:10.176 AM 2024-08-26 	 4.027593 	 297.647000 	 44.546000 	 -2975322.771187 	 4.013796 	 297.647000 	 44.546000 	 -2975322.771187 	 108.115146 	 108.131219 	 299.197800
8:36:15.296 AM 2024-08-26 	 4.032354 	 297.647000 	 44.546000 	 -2975291.700572 	 4.017866 	 297.647000 	 44.546000 	 -2975291.700572 	 108.115087 	 108.131278 	 299.194969
8:36:20.417 AM 2024-08-26 	 4.023384 	 297.647000 	 44.546000 	 -2975257.333132 	 4.008199 	 297.647000 	 44.546000 	 -2975257.333132 	 108.115206 	 108.131516 	 299.191838
8:36:25.587 AM 2024-08-26 	 4.030608 	 297.647000 	 44.546000 	 -2975224.617974 	 4.011297 	 297.647000 	 44.546000 	 -2975224.617974 	 108.115325 	 108.131159 	 299.188858
8:36:30.744 AM 2024-08-26 	 4.043521 	 297.647000 	 44.546000 	 -2975192.730050 	 4.017089 	 297.647000 	 44.546000 	 -2975192.730050 	 108.115384 	 108.131874 	 299.185953
8:36:35.839 AM 2024-08-26 	 4.030176 	 297.647000 	 44.546000 	 -2975152.323872 	 4.010821 	 297.647000 	 44.546000 	 -2975152.323872 	 108.115504 	 108.131457 	 299.182271
8:36:40.989 AM 2024-08-26 	 4.028346 	 297.647000 	 44.546000 	 -2975099.829203 	 4.015872 	 297.647000 	 44.546000 	 -2975099.829203 	 108.115265 	 108.131397 	 299.177489
8:36:46.140 AM 2024-08-26 	 4.028352 	 297.647000 	 44.546000 	 -2975057.508492 	 4.021571 	 297.647000 	 44.546000 	 -2975057.508492 	 108.115504 	 108.131636 	 299.173633
8:36:51.243 AM 2024-08-26 	 4.031983 	 297.647000 	 44.546000 	 -2975021.786574 	 4.021925 	 297.647000 	 44.546000 	 -2975021.786574 	 108.115623 	 108.131695 	 299.170378
8:36:56.367 AM 2024-08-26 	 4.043147 	 297.647000 	 44.546000 	 -2974974.253710 	 4.011808 	 297.647000 	 44.546000 	 -2974974.253710 	 108.115504 	 108.131457 	 299.166047
8:37:01.494 AM 2024-08-26 	 4.037604 	 297.647000 	 44.546000 	 -2974927.550416 	 4.019481 	 297.647000 	 44.546000 	 -2974927.550416 	 108.115504 	 108.131576 	 299.161792
8:37:06.671 AM 2024-08-26 	 4.033019 	 297.647000 	 44.546000 	 -2974894.311859 	 4.005752 	 297.647000 	 44.546000 	 -2974894.311859 	 108.115623 	 108.131874 	 299.158763
8:37:11.830 AM 2024-08-26 	 4.026405 	 297.647000 	 44.546000 	 -2974866.569315 	 4.015443 	 297.647000 	 44.546000 	 -2974866.569315 	 108.115325 	 108.132529 	 299.156235
8:37:16.913 AM 2024-08-26 	 4.033941 	 297.647000 	 44.546000 	 -2974830.039881 	 4.024398 	 297.647000 	 44.546000 	 -2974830.039881 	 108.115504 	 108.132053 	 299.152906
8:37:22.059 AM 2024-08-26 	 4.033113 	 297.647000 	 44.546000 	 -2974793.239038 	 4.016298 	 297.647000 	 44.546000 	 -2974793.239038 	 108.116278 	 108.133184 	 299.149553
8:37:27.180 AM 2024-08-26 	 4.032876 	 297.647000 	 44.546000 	 -2974751.498744 	 4.009194 	 297.647000 	 44.546000 	 -2974751.498744 	 108.115801 	 108.132529 	 299.145750
8:37:32.277 AM 2024-08-26 	 4.022626 	 297.647000 	 44.546000 	 -2974701.800312 	 4.023011 	 297.647000 	 44.546000 	 -2974701.800312 	 108.115742 	 108.133065 	 299.141221
8:37:37.412 AM 2024-08-26 	 4.036230 	 297.647000 	 44.546000 	 -2974648.813505 	 4.021533 	 297.647000 	 44.546000 	 -2974648.813505 	 108.116040 	 108.132946 	 299.136392
8:37:42.564 AM 2024-08-26 	 4.031104 	 297.647000 	 44.546000 	 -2974599.401846 	 4.021431 	 297.647000 	 44.546000 	 -2974599.401846 	 108.115801 	 108.133363 	 299.131889
8:37:47.712 AM 2024-08-26 	 4.032824 	 297.647000 	 44.546000 	 -2974566.464004 	 4.014432 	 297.647000 	 44.546000 	 -2974566.464004 	 108.116278 	 108.133661 	 299.128887
8:37:52.830 AM 2024-08-26 	 4.029593 	 297.647000 	 44.546000 	 -2974533.528772 	 4.018214 	 297.647000 	 44.546000 	 -2974533.528772 	 108.116337 	 108.133661 	 299.125886
8:37:57.970 AM 2024-08-26 	 4.025375 	 297.647000 	 44.546000 	 -2974494.833209 	 4.017755 	 297.647000 	 44.546000 	 -2974494.833209 	 108.116040 	 108.133720 	 299.122359
8:38:03.096 AM 2024-08-26 	 4.019301 	 297.647000 	 44.546000 	 -2974461.080447 	 4.019980 	 297.647000 	 44.546000 	 -2974461.080447 	 108.116695 	 108.133780 	 299.119283
8:38:08.222 AM 2024-08-26 	 4.027196 	 297.647000 	 44.546000 	 -2974427.056047 	 4.019241 	 297.647000 	 44.546000 	 -2974427.056047 	 108.116754 	 108.134137 	 299.116182
8:38:13.353 AM 2024-08-26 	 4.034922 	 297.647000 	 44.546000 	 -2974392.485718 	 4.010482 	 297.647000 	 44.546000 	 -2974392.485718 	 108.116814 	 108.134316 	 299.113032
8:38:18.473 AM 2024-08-26 	 4.034432 	 297.647000 	 44.546000 	 -2974359.289933 	 4.010438 	 297.647000 	 44.546000 	 -2974359.289933 	 108.116635 	 108.134614 	 299.110006
8:38:23.532 AM 2024-08-26 	 4.029015 	 297.647000 	 44.546000 	 -2974328.565618 	 4.009402 	 297.647000 	 44.546000 	 -2974328.565618 	 108.116933 	 108.135031 	 299.107206
8:38:28.631 AM 2024-08-26 	 4.024715 	 297.647000 	 44.546000 	 -2974301.409409 	 4.016908 	 297.647000 	 44.546000 	 -2974301.409409 	 108.116933 	 108.134554 	 299.104731
8:38:33.763 AM 2024-08-26 	 4.036755 	 297.647000 	 44.546000 	 -2974271.786476 	 4.014602 	 297.647000 	 44.546000 	 -2974271.786476 	 108.116873 	 108.135031 	 299.102031
8:38:38.858 AM 2024-08-26 	 4.032135 	 297.647000 	 44.546000 	 -2974234.212272 	 4.027148 	 297.647000 	 44.546000 	 -2974234.212272 	 108.117052 	 108.135090 	 299.098606
8:38:43.955 AM 2024-08-26 	 4.029064 	 297.647000 	 44.546000 	 -2974211.449990 	 4.003472 	 297.647000 	 44.546000 	 -2974211.449990 	 108.117290 	 108.135090 	 299.096531
8:38:49.064 AM 2024-08-26 	 4.037035 	 297.647000 	 44.546000 	 -2974177.720224 	 4.016900 	 297.647000 	 44.546000 	 -2974177.720224 	 108.117469 	 108.135269 	 299.093457
8:38:54.206 AM 2024-08-26 	 4.035281 	 297.647000 	 44.546000 	 -2974137.961005 	 4.015451 	 297.647000 	 44.546000 	 -2974137.961005 	 108.117231 	 108.135746 	 299.089833
8:38:59.369 AM 2024-08-26 	 4.028501 	 297.647000 	 44.546000 	 -2974098.753911 	 4.018339 	 297.647000 	 44.546000 	 -2974098.753911 	 108.117767 	 108.135984 	 299.086259
1:18:57.271 PM 2024-08-26 	 4.036431 	 297.647000 	 44.546000 	 -2983496.113414 	 4.010762 	 297.647000 	 44.546000 	 -2983496.113414 	 108.321164 	 108.146765 	 299.957336
1:19:02.490 PM 2024-08-26 	 4.028688 	 297.647000 	 44.546000 	 -2983516.597514 	 4.020135 	 297.647000 	 44.546000 	 -2983516.597514 	 108.342784 	 108.146825 	 299.959195
1:19:07.672 PM 2024-08-26 	 4.030702 	 297.647000 	 44.546000 	 -2983536.521392 	 4.009460 	 297.647000 	 44.546000 	 -2983536.521392 	 108.503537 	 108.147540 	 299.961003
1:19:12.822 PM 2024-08-26 	 4.030068 	 297.647000 	 44.546000 	 -2983550.552876 	 4.014170 	 297.647000 	 44.546000 	 -2983550.552876 	 108.900743 	 108.148195 	 299.962276
1:19:17.947 PM 2024-08-26 	 4.025559 	 297.647000 	 44.546000 	 -2983572.442954 	 4.017349 	 297.647000 	 44.546000 	 -2983572.442954 	 109.327967 	 108.148969 	 299.964263
1:19:23.054 PM 2024-08-26 	 4.038620 	 297.647000 	 44.546000 	 -2983574.688157 	 4.017416 	 297.647000 	 44.546000 	 -2983574.688157 	 109.707126 	 108.149565 	 299.964467
1:19:28.213 PM 2024-08-26 	 4.032278 	 297.647000 	 44.546000 	 -2983571.881655 	 4.003215 	 297.647000 	 44.546000 	 -2983571.881655 	 110.037505 	 108.153794 	 299.964212
1:19:33.360 PM 2024-08-26 	 4.025784 	 297.647000 	 44.546000 	 -2983571.601006 	 4.010581 	 297.647000 	 44.546000 	 -2983571.601006 	 110.318330 	 108.173927 	 299.964187
1:19:38.508 PM 2024-08-26 	 4.005379 	 297.647000 	 44.546000 	 -2983572.723604 	 4.019875 	 297.647000 	 44.546000 	 -2983572.723604 	 110.559846 	 108.223188 	 299.964288
1:19:43.623 PM 2024-08-26 	 4.020203 	 297.647000 	 44.546000 	 -2983566.268711 	 4.009416 	 297.647000 	 44.546000 	 -2983566.268711 	 110.737931 	 108.258093 	 299.963703
1:19:48.768 PM 2024-08-26 	 4.019307 	 297.647000 	 44.546000 	 -2983554.201141 	 4.009005 	 297.647000 	 44.546000 	 -2983554.201141 	 110.803744 	 108.547462 	 299.962607
1:19:53.917 PM 2024-08-26 	 4.030433 	 297.647000 	 44.546000 	 -2983534.837646 	 4.012897 	 297.647000 	 44.546000 	 -2983534.837646 	 110.803864 	 108.996347 	 299.960850
1:19:59.044 PM 2024-08-26 	 4.027836 	 297.647000 	 44.546000 	 -2983516.316903 	 4.006146 	 297.647000 	 44.546000 	 -2983516.316903 	 110.777776 	 109.422895 	 299.959169
1:20:04.203 PM 2024-08-26 	 4.027792 	 297.647000 	 44.546000 	 -2983495.832817 	 4.029060 	 297.647000 	 44.546000 	 -2983495.832817 	 110.738645 	 109.790414 	 299.957310
1:20:09.328 PM 2024-08-26 	 4.030868 	 297.647000 	 44.546000 	 -2983478.436182 	 4.021440 	 297.647000 	 44.546000 	 -2983478.436182 	 110.694452 	 110.100392 	 299.955732
1:20:14.443 PM 2024-08-26 	 4.024073 	 297.647000 	 44.546000 	 -2983457.953997 	 4.011384 	 297.647000 	 44.546000 	 -2983457.953997 	 110.652402 	 110.342407 	 299.953873
1:20:19.576 PM 2024-08-26 	 4.033086 	 297.647000 	 44.546000 	 -2983451.781486 	 4.017431 	 297.647000 	 44.546000 	 -2983451.781486 	 110.608090 	 110.565479 	 299.953313
1:20:24.710 PM 2024-08-26 	 4.028670 	 297.647000 	 44.546000 	 -2983438.033955 	 4.005203 	 297.647000 	 44.546000 	 -2983438.033955 	 110.564551 	 110.756982 	 299.952065
1:20:29.818 PM 2024-08-26 	 4.033600 	 297.647000 	 44.546000 	 -2983420.359238 	 4.009340 	 297.647000 	 44.546000 	 -2983420.359238 	 110.522443 	 110.921800 	 299.950461
1:20:34.958 PM 2024-08-26 	 4.019389 	 297.647000 	 44.546000 	 -2983406.051694 	 4.005997 	 297.647000 	 44.546000 	 -2983406.051694 	 110.482120 	 111.064936 	 299.949162
1:20:40.100 PM 2024-08-26 	 4.031134 	 297.647000 	 44.546000 	 -2983396.233082 	 4.013656 	 297.647000 	 44.546000 	 -2983396.233082 	 110.442513 	 111.191572 	 299.948271
1:20:45.237 PM 2024-08-26 	 4.016581 	 297.647000 	 44.546000 	 -2983391.464127 	 4.003136 	 297.647000 	 44.546000 	 -2983391.464127 	 110.408683 	 111.295037 	 299.947838
1:20:50.378 PM 2024-08-26 	 4.031137 	 297.647000 	 44.546000 	 -2983385.012100 	 4.014415 	 297.647000 	 44.546000 	 -2983385.012100 	 110.373662 	 111.395166 	 299.947253
1:20:55.552 PM 2024-08-26 	 4.031119 	 297.647000 	 44.546000 	 -2983375.474508 	 4.019869 	 297.647000 	 44.546000 	 -2983375.474508 	 110.339057 	 111.491960 	 299.946387
1:21:00.696 PM 2024-08-26 	 4.045429 	 297.647000 	 44.546000 	 -2983357.521998 	 4.015095 	 297.647000 	 44.546000 	 -2983357.521998 	 110.305704 	 111.586431 	 299.944758
1:21:05.861 PM 2024-08-26 	 4.028781 	 297.647000 	 44.546000 	 -2983325.546046 	 4.008041 	 297.647000 	 44.546000 	 -2983325.546046 	 110.273243 	 111.676315 	 299.941856
1:21:11.016 PM 2024-08-26 	 4.022296 	 297.647000 	 44.546000 	 -2983294.694431 	 4.008275 	 297.647000 	 44.546000 	 -2983294.694431 	 110.242094 	 111.758277 	 299.939056
1:21:16.155 PM 2024-08-26 	 4.027850 	 297.647000 	 44.546000 	 -2983271.136585 	 4.020281 	 297.647000 	 44.546000 	 -2983271.136585 	 110.210348 	 111.796518 	 299.936918
1:21:21.295 PM 2024-08-26 	 4.029169 	 297.647000 	 44.546000 	 -2983247.860526 	 4.021787 	 297.647000 	 44.546000 	 -2983247.860526 	 110.179615 	 111.764889 	 299.934805
1:21:26.407 PM 2024-08-26 	 4.021543 	 297.647000 	 44.546000 	 -2983221.501290 	 4.008032 	 297.647000 	 44.546000 	 -2983221.501290 	 110.151622 	 111.707349 	 299.932412
1:21:31.534 PM 2024-08-26 	 4.032856 	 297.647000 	 44.546000 	 -2983204.396738 	 4.024538 	 297.647000 	 44.546000 	 -2983204.396738 	 110.122497 	 111.728375 	 299.930860
1:21:36.651 PM 2024-08-26 	 4.018204 	 297.647000 	 44.546000 	 -2983181.965626 	 4.025017 	 297.647000 	 44.546000 	 -2983181.965626 	 110.106833 	 111.765008 	 299.928824
1:21:41.744 PM 2024-08-26 	 4.032894 	 297.647000 	 44.546000 	 -2983160.937577 	 4.014666 	 297.647000 	 44.546000 	 -2983160.937577 	 110.305287 	 111.727303 	 299.926915
1:21:46.880 PM 2024-08-26 	 4.019535 	 297.647000 	 44.546000 	 -2983141.592728 	 4.005048 	 297.647000 	 44.546000 	 -2983141.592728 	 110.542097 	 111.664700 	 299.925160
1:21:51.979 PM 2024-08-26 	 4.024625 	 297.647000 	 44.546000 	 -2983125.893235 	 4.011209 	 297.647000 	 44.546000 	 -2983125.893235 	 110.663302 	 111.584704 	 299.923734
1:21:57.164 PM 2024-08-26 	 4.025144 	 297.647000 	 44.546000 	 -2983090.291263 	 4.018360 	 297.647000 	 44.546000 	 -2983090.291263 	 110.681051 	 111.500895 	 299.920503
1:22:02.320 PM 2024-08-26 	 4.028802 	 297.647000 	 44.546000 	 -2983046.283666 	 4.016669 	 297.647000 	 44.546000 	 -2983046.283666 	 110.656036 	 111.417146 	 299.916508
1:22:07.458 PM 2024-08-26 	 4.028988 	 297.647000 	 44.546000 	 -2982994.433664 	 4.010298 	 297.647000 	 44.546000 	 -2982994.433664 	 110.612616 	 111.335363 	 299.911802
1:22:12.550 PM 2024-08-26 	 4.025906 	 297.647000 	 44.546000 	 -2982963.046592 	 4.008902 	 297.647000 	 44.546000 	 -2982963.046592 	 110.562169 	 111.254235 	 299.908953
1:22:17.670 PM 2024-08-26 	 4.025778 	 297.647000 	 44.546000 	 -2982943.991331 	 4.017457 	 297.647000 	 44.546000 	 -2982943.991331 	 110.512317 	 111.181505 	 299.907223
1:22:22.780 PM 2024-08-26 	 4.031501 	 297.647000 	 44.546000 	 -2982924.656755 	 4.016155 	 297.647000 	 44.546000 	 -2982924.656755 	 110.460619 	 111.105440 	 299.905468
1:22:27.865 PM 2024-08-26 	 4.040558 	 297.647000 	 44.546000 	 -2982891.033584 	 4.010424 	 297.647000 	 44.546000 	 -2982891.033584 	 110.407670 	 111.029375 	 299.902415
1:22:32.972 PM 2024-08-26 	 4.025302 	 297.647000 	 44.546000 	 -2982868.339507 	 4.017454 	 297.647000 	 44.546000 	 -2982868.339507 	 110.354126 	 110.956110 	 299.900355
1:22:38.106 PM 2024-08-26 	 4.026023 	 297.647000 	 44.546000 	 -2982848.168053 	 4.019396 	 297.647000 	 44.546000 	 -2982848.168053 	 110.306121 	 110.889813 	 299.898524
1:22:43.191 PM 2024-08-26 	 4.028910 	 297.647000 	 44.546000 	 -2982824.635949 	 4.019355 	 297.647000 	 44.546000 	 -2982824.635949 	 110.255078 	 110.823040 	 299.896388
1:22:48.308 PM 2024-08-26 	 4.036743 	 297.647000 	 44.546000 	 -2982800.825080 	 4.008514 	 297.647000 	 44.546000 	 -2982800.825080 	 110.204511 	 110.759305 	 299.894226
1:22:53.440 PM 2024-08-26 	 4.025185 	 297.647000 	 44.546000 	 -2982779.256431 	 4.023706 	 297.647000 	 44.546000 	 -2982779.256431 	 110.156148 	 110.698370 	 299.892268
1:22:58.672 PM 2024-08-26 	 4.037771 	 297.647000 	 44.546000 	 -2982767.212097 	 4.012009 	 297.647000 	 44.546000 	 -2982767.212097 	 110.110585 	 110.639162 	 299.891175
1:23:03.831 PM 2024-08-26 	 4.038141 	 297.647000 	 44.546000 	 -2982754.888029 	 4.012996 	 297.647000 	 44.546000 	 -2982754.888029 	 110.066689 	 110.582515 	 299.890056
1:23:09.101 PM 2024-08-26 	 4.030859 	 297.647000 	 44.546000 	 -2982737.522928 	 4.016771 	 297.647000 	 44.546000 	 -2982737.522928 	 110.023568 	 110.526404 	 299.888480
1:23:14.220 PM 2024-08-26 	 4.021096 	 297.647000 	 44.546000 	 -2982729.960937 	 4.016757 	 297.647000 	 44.546000 	 -2982729.960937 	 109.983722 	 110.470473 	 299.887793
1:23:19.373 PM 2024-08-26 	 4.031393 	 297.647000 	 44.546000 	 -2982723.239285 	 4.019504 	 297.647000 	 44.546000 	 -2982723.239285 	 109.948463 	 110.419604 	 299.887183
1:23:24.483 PM 2024-08-26 	 4.041270 	 297.647000 	 44.546000 	 -2982720.158565 	 4.012079 	 297.647000 	 44.546000 	 -2982720.158565 	 109.909689 	 110.364803 	 299.886903
1:23:29.634 PM 2024-08-26 	 4.034382 	 297.647000 	 44.546000 	 -2982709.236199 	 4.008406 	 297.647000 	 44.546000 	 -2982709.236199 	 109.871273 	 110.312148 	 299.885912
1:23:34.741 PM 2024-08-26 	 4.037488 	 297.647000 	 44.546000 	 -2982702.794940 	 4.008695 	 297.647000 	 44.546000 	 -2982702.794940 	 109.836430 	 110.261160 	 299.885327
1:23:39.916 PM 2024-08-26 	 4.032403 	 297.647000 	 44.546000 	 -2982699.714374 	 4.017933 	 297.647000 	 44.546000 	 -2982699.714374 	 109.801766 	 110.212375 	 299.885047
1:23:45.016 PM 2024-08-26 	 4.031285 	 297.647000 	 44.546000 	 -2982689.072596 	 4.022655 	 297.647000 	 44.546000 	 -2982689.072596 	 109.767996 	 110.164961 	 299.884081
1:23:50.121 PM 2024-08-26 	 4.036603 	 297.647000 	 44.546000 	 -2982670.030108 	 4.013892 	 297.647000 	 44.546000 	 -2982670.030108 	 109.737084 	 110.123027 	 299.882352
1:23:55.231 PM 2024-08-26 	 4.010411 	 297.647000 	 44.546000 	 -2982652.388594 	 4.010100 	 297.647000 	 44.546000 	 -2982652.388594 	 109.707245 	 110.079723 	 299.880751
1:24:00.372 PM 2024-08-26 	 4.036008 	 297.647000 	 44.546000 	 -2982637.827918 	 4.012330 	 297.647000 	 44.546000 	 -2982637.827918 	 109.676988 	 110.035764 	 299.879429
1:24:05.523 PM 2024-08-26 	 4.027582 	 297.647000 	 44.546000 	 -2982622.707764 	 4.020800 	 297.647000 	 44.546000 	 -2982622.707764 	 109.646970 	 109.992877 	 299.878056
1:24:10.651 PM 2024-08-26 	 4.028408 	 297.647000 	 44.546000 	 -2982614.587913 	 4.014695 	 297.647000 	 44.546000 	 -2982614.587913 	 109.617250 	 109.951181 	 299.877319
1:24:15.795 PM 2024-08-26 	 4.031280 	 297.647000 	 44.546000 	 -2982627.187751 	 4.016949 	 297.647000 	 44.546000 	 -2982627.187751 	 109.589673 	 109.913714 	 299.878463
1:24:20.930 PM 2024-08-26 	 4.020457 	 297.647000 	 44.546000 	 -2982661.629292 	 4.002292 	 297.647000 	 44.546000 	 -2982661.629292 	 109.562931 	 109.874997 	 299.881589
1:24:26.058 PM 2024-08-26 	 4.028323 	 297.647000 	 44.546000 	 -2982683.191733 	 4.006403 	 297.647000 	 44.546000 	 -2982683.191733 	 109.536069 	 109.836637 	 299.883547
1:24:31.191 PM 2024-08-26 	 4.040541 	 297.647000 	 44.546000 	 -2982717.077868 	 4.011060 	 297.647000 	 44.546000 	 -2982717.077868 	 109.510280 	 109.798753 	 299.886623
1:24:36.311 PM 2024-08-26 	 4.020810 	 297.647000 	 44.546000 	 -2982749.566388 	 4.015142 	 297.647000 	 44.546000 	 -2982749.566388 	 109.485562 	 109.762418 	 299.889573
1:24:41.446 PM 2024-08-26 	 4.024698 	 297.647000 	 44.546000 	 -2982787.939776 	 4.023136 	 297.647000 	 44.546000 	 -2982787.939776 	 109.460845 	 109.728168 	 299.893057
1:24:46.533 PM 2024-08-26 	 4.034940 	 297.647000 	 44.546000 	 -2982814.831305 	 4.006575 	 297.647000 	 44.546000 	 -2982814.831305 	 109.440118 	 109.697968 	 299.895498
1:24:51.709 PM 2024-08-26 	 4.036268 	 297.647000 	 44.546000 	 -2982829.118150 	 4.015142 	 297.647000 	 44.546000 	 -2982829.118150 	 109.418438 	 109.665088 	 299.896795
1:24:56.834 PM 2024-08-26 	 4.035506 	 297.647000 	 44.546000 	 -2982853.490979 	 4.011720 	 297.647000 	 44.546000 	 -2982853.490979 	 109.396758 	 109.633519 	 299.899007
1:25:01.951 PM 2024-08-26 	 4.025839 	 297.647000 	 44.546000 	 -2982891.593947 	 4.017133 	 297.647000 	 44.546000 	 -2982891.593947 	 109.375674 	 109.603319 	 299.902466
1:25:07.065 PM 2024-08-26 	 24.470834 	 297.647000 	 44.546000 	 -2982934.744246 	 4.015834 	 297.647000 	 44.546000 	 -2982934.744246 	 109.355364 	 109.574251 	 299.906383
1:25:12.192 PM 2024-08-26 	 24.470834 	 297.647000 	 44.546000 	 -2982973.135031 	 4.007340 	 297.647000 	 44.546000 	 -2982973.135031 	 0.732861 	 109.549174 	 299.909868
1:25:17.309 PM 2024-08-26 	 24.470834 	 297.647000 	 44.546000 	 -2982983.784209 	 4.008748 	 297.647000 	 44.546000 	 -2982983.784209 	 0.732206 	 109.522310 	 299.910835
1:25:22.466 PM 2024-08-26 	 24.470834 	 297.647000 	 44.546000 	 -2982988.828653 	 4.016599 	 297.647000 	 44.546000 	 -2982988.828653 	 0.732921 	 109.497531 	 299.911293
1:25:27.646 PM 2024-08-26 	 24.470834 	 297.647000 	 44.546000 	 -2983012.650482 	 4.014908 	 297.647000 	 44.546000 	 -2983012.650482 	 0.732504 	 109.473645 	 299.913455
1:25:32.796 PM 2024-08-26 	 24.470834 	 297.647000 	 44.546000 	 -2983039.837091 	 4.019165 	 297.647000 	 44.546000 	 -2983039.837091 	 0.731729 	 109.448270 	 299.915923
1:25:37.911 PM 2024-08-26 	 24.470834 	 297.647000 	 44.546000 	 -2983074.313434 	 4.016724 	 297.647000 	 44.546000 	 -2983074.313434 	 0.731908 	 109.426946 	 299.919053
1:25:43.011 PM 2024-08-26 	 24.470834 	 297.647000 	 44.546000 	 -2983098.981222 	 4.019373 	 297.647000 	 44.546000 	 -2983098.981222 	 109.235708 	 109.407468 	 299.921292
1:25:48.171 PM 2024-08-26 	 24.470834 	 297.647000 	 44.546000 	 -2983118.884727 	 4.011519 	 297.647000 	 44.546000 	 -2983118.884727 	 109.221950 	 109.386322 	 299.923098
1:25:53.284 PM 2024-08-26 	 24.470834 	 297.647000 	 44.546000 	 -2983130.659089 	 4.011974 	 297.647000 	 44.546000 	 -2983130.659089 	 109.208668 	 109.367440 	 299.924167
1:25:58.430 PM 2024-08-26 	 24.470834 	 297.647000 	 44.546000 	 -2983131.500127 	 4.015887 	 297.647000 	 44.546000 	 -2983131.500127 	 109.195088 	 109.348379 	 299.924243
1:26:03.589 PM 2024-08-26 	 24.470834 	 297.647000 	 44.546000 	 -2983144.956984 	 4.016000 	 297.647000 	 44.546000 	 -2983144.956984 	 109.181985 	 109.329199 	 299.925465
1:26:08.740 PM 2024-08-26 	 24.470834 	 297.647000 	 44.546000 	 -2983170.750532 	 4.008902 	 297.647000 	 44.546000 	 -2983170.750532 	 109.168822 	 109.311925 	 299.927806
1:26:13.863 PM 2024-08-26 	 24.470834 	 297.647000 	 44.546000 	 -2983195.143755 	 4.008505 	 297.647000 	 44.546000 	 -2983195.143755 	 109.160126 	 109.294829 	 299.930020
1:26:19.026 PM 2024-08-26 	 24.470834 	 297.647000 	 44.546000 	 -2983217.855997 	 4.005618 	 297.647000 	 44.546000 	 -2983217.855997 	 109.145594 	 109.279342 	 299.932082
1:26:24.156 PM 2024-08-26 	 24.470834 	 297.647000 	 44.546000 	 -2983250.384372 	 4.014053 	 297.647000 	 44.546000 	 -2983250.384372 	 109.134694 	 109.264451 	 299.935034
1:26:29.272 PM 2024-08-26 	 24.470834 	 297.647000 	 44.546000 	 -2983284.317593 	 4.017831 	 297.647000 	 44.546000 	 -2983284.317593 	 109.123438 	 109.249738 	 299.938114
1:26:34.385 PM 2024-08-26 	 24.470834 	 297.647000 	 44.546000 	 -2983295.255348 	 4.014905 	 297.647000 	 44.546000 	 -2983295.255348 	 109.112836 	 109.234132 	 299.939107
1:26:39.533 PM 2024-08-26 	 24.470834 	 297.647000 	 44.546000 	 -2983291.609397 	 4.015136 	 297.647000 	 44.546000 	 -2983291.609397 	 109.102055 	 109.219777 	 299.938776
1:26:44.633 PM 2024-08-26 	 24.470834 	 297.647000 	 44.546000 	 -2983275.904135 	 4.016981 	 297.647000 	 44.546000 	 -2983275.904135 	 109.092705 	 109.206375 	 299.937350
1:26:49.770 PM 2024-08-26 	 24.470834 	 297.647000 	 44.546000 	 -2983280.391291 	 4.012301 	 297.647000 	 44.546000 	 -2983280.391291 	 109.081329 	 109.191900 	 299.937758
1:26:54.879 PM 2024-08-26 	 24.470834 	 297.647000 	 44.546000 	 -2983310.119947 	 4.019805 	 297.647000 	 44.546000 	 -2983310.119947 	 109.071859 	 109.178319 	 299.940456
1:27:00.037 PM 2024-08-26 	 24.470834 	 297.647000 	 44.546000 	 -2983323.021735 	 4.011259 	 297.647000 	 44.546000 	 -2983323.021735 	 109.062746 	 109.165513 	 299.941627
1:27:05.207 PM 2024-08-26 	 24.470834 	 297.647000 	 44.546000 	 -2983343.497149 	 4.014573 	 297.647000 	 44.546000 	 -2983343.497149 	 109.054348 	 109.153123 	 299.943485
1:27:10.359 PM 2024-08-26 	 24.470834 	 297.647000 	 44.546000 	 -2983367.059171 	 4.012170 	 297.647000 	 44.546000 	 -2983367.059171 	 109.046307 	 499.679026 	 299.945624
1:27:15.493 PM 2024-08-26 	 24.470834 	 297.647000 	 44.546000 	 -2983388.658886 	 4.009364 	 297.647000 	 44.546000 	 -2983388.658886 	 109.037552 	 499.679026 	 299.947584
1:27:20.620 PM 2024-08-26 	 24.470834 	 297.647000 	 44.546000 	 -2983411.662436 	 4.011589 	 297.647000 	 44.546000 	 -2983411.662436 	 109.029928 	 109.117503 	 299.949672
1:27:25.746 PM 2024-08-26 	 24.470834 	 297.647000 	 44.546000 	 -2983443.925697 	 4.014251 	 297.647000 	 44.546000 	 -2983443.925697 	 109.022483 	 109.108628 	 299.952600
1:27:30.894 PM 2024-08-26 	 24.470834 	 297.647000 	 44.546000 	 -2983481.803215 	 4.011411 	 297.647000 	 44.546000 	 -2983481.803215 	 109.014502 	 109.099395 	 299.956037
1:27:35.988 PM 2024-08-26 	 24.470834 	 297.647000 	 44.546000 	 -2983522.490391 	 4.017822 	 297.647000 	 44.546000 	 -2983522.490391 	 109.007117 	 109.089448 	 299.959730
1:27:41.111 PM 2024-08-26 	 24.470834 	 297.647000 	 44.546000 	 -2983549.149706 	 4.015819 	 297.647000 	 44.546000 	 -2983549.149706 	 109.000267 	 109.080513 	 299.962149
1:27:46.226 PM 2024-08-26 	 24.470834 	 297.647000 	 44.546000 	 -2983567.110647 	 4.010841 	 297.647000 	 44.546000 	 -2983567.110647 	 108.994073 	 109.071102 	 299.963779
1:27:51.376 PM 2024-08-26 	 24.470834 	 297.647000 	 44.546000 	 -2983609.490378 	 4.017364 	 297.647000 	 44.546000 	 -2983609.490378 	 108.987879 	 109.062882 	 299.967625
1:27:56.509 PM 2024-08-26 	 24.470834 	 297.647000 	 44.546000 	 -2983670.401409 	 4.013673 	 297.647000 	 44.546000 	 -2983670.401409 	 109.015932 	 109.053470 	 299.973152
1:28:01.678 PM 2024-08-26 	 24.470834 	 297.647000 	 44.546000 	 -2983740.025154 	 4.026532 	 297.647000 	 44.546000 	 -2983740.025154 	 222.548800 	 109.045429 	 299.979470
1:28:06.860 PM 2024-08-26 	 24.470834 	 297.647000 	 44.546000 	 -2983812.188109 	 4.019297 	 297.647000 	 44.546000 	 -2983812.188109 	 108.965961 	 109.037209 	 299.986018
1:28:12.021 PM 2024-08-26 	 24.470834 	 297.647000 	 44.546000 	 -2983873.129419 	 4.008940 	 297.647000 	 44.546000 	 -2983873.129419 	 108.959647 	 109.029168 	 299.991548
1:28:17.159 PM 2024-08-26 	 24.470834 	 297.647000 	 44.546000 	 -2983912.451227 	 4.011124 	 297.647000 	 44.546000 	 -2983912.451227 	 108.956193 	 109.021186 	 299.995116
1:28:22.333 PM 2024-08-26 	 24.470834 	 297.647000 	 44.546000 	 -2983941.664168 	 4.016380 	 297.647000 	 44.546000 	 -2983941.664168 	 108.951964 	 109.015885 	 299.997767
1:28:27.506 PM 2024-08-26 	 24.470834 	 297.647000 	 44.546000 	 -2983954.305031 	 4.014298 	 297.647000 	 44.546000 	 -2983954.305031 	 108.947497 	 109.009034 	 299.998914
1:28:32.647 PM 2024-08-26 	 24.470834 	 297.647000 	 44.546000 	 -2983953.181383 	 4.020780 	 297.647000 	 44.546000 	 -2983953.181383 	 108.943685 	 109.001946 	 299.998812
1:28:37.804 PM 2024-08-26 	 24.470834 	 297.647000 	 44.546000 	 -2983977.340502 	 4.011302 	 297.647000 	 44.546000 	 -2983977.340502 	 0.730955 	 108.994381 	 300.001004
1:28:42.892 PM 2024-08-26 	 24.470834 	 297.647000 	 44.546000 	 -2984018.920011 	 4.017119 	 297.647000 	 44.546000 	 -2984018.920011 	 0.734350 	 108.989140 	 300.004776
1:28:48.007 PM 2024-08-26 	 24.470834 	 297.647000 	 44.546000 	 -2984064.437579 	 4.008797 	 297.647000 	 44.546000 	 -2984064.437579 	 107.820205 	 108.982826 	 300.008906
1:28:53.113 PM 2024-08-26 	 24.470834 	 297.647000 	 44.546000 	 -2984109.398192 	 4.021817 	 297.647000 	 44.546000 	 -2984109.398192 	 499.637796 	 108.977465 	 300.012985
1:28:58.233 PM 2024-08-26 	 24.470834 	 297.647000 	 44.546000 	 -2984169.259704 	 4.007851 	 297.647000 	 44.546000 	 -2984169.259704 	 499.637796 	 108.971032 	 300.018416
1:29:03.417 PM 2024-08-26 	 24.470834 	 297.647000 	 44.546000 	 -2984248.245387 	 4.010225 	 297.647000 	 44.546000 	 -2984248.245387 	 -499.613247 	 108.965611 	 300.025582
1:29:08.570 PM 2024-08-26 	 24.470834 	 297.647000 	 44.546000 	 -2984311.782349 	 4.014091 	 297.647000 	 44.546000 	 -2984311.782349 	 -499.613247 	 108.959297 	 300.031346
1:29:13.739 PM 2024-08-26 	 24.470834 	 297.647000 	 44.546000 	 -2984366.330831 	 4.014435 	 297.647000 	 44.546000 	 -2984366.330831 	 63.629956 	 108.953460 	 300.036295
1:29:18.880 PM 2024-08-26 	 24.470834 	 297.647000 	 44.546000 	 -2984423.698970 	 4.017779 	 297.647000 	 44.546000 	 -2984423.698970 	 499.637796 	 108.948397 	 300.041499
1:29:23.946 PM 2024-08-26 	 24.470834 	 297.647000 	 44.546000 	 -2984476.574802 	 4.012386 	 297.647000 	 44.546000 	 -2984476.574802 	 -499.613247 	 108.944168 	 300.046295
1:29:29.076 PM 2024-08-26 	 24.470834 	 297.647000 	 44.546000 	 -2984529.457498 	 4.017063 	 297.647000 	 44.546000 	 -2984529.457498 	 123.274597 	 108.938390 	 300.051092
1:29:34.157 PM 2024-08-26 	 24.470834 	 297.647000 	 44.546000 	 -2984575.876161 	 4.026596 	 297.647000 	 44.546000 	 -2984575.876161 	 127.309669 	 108.933208 	 300.055303
1:29:39.295 PM 2024-08-26 	 24.470834 	 297.647000 	 44.546000 	 -2984620.330508 	 4.010278 	 297.647000 	 44.546000 	 -2984620.330508 	 108.893536 	 108.927847 	 300.059335
1:29:44.421 PM 2024-08-26 	 24.470834 	 297.647000 	 44.546000 	 -2984648.750070 	 4.017089 	 297.647000 	 44.546000 	 -2984648.750070 	 108.888712 	 108.923082 	 300.061913
1:29:49.531 PM 2024-08-26 	 24.470834 	 297.647000 	 44.546000 	 -2984677.453026 	 4.018252 	 297.647000 	 44.546000 	 -2984677.453026 	 128.581990 	 108.918316 	 300.064516
1:29:54.675 PM 2024-08-26 	 24.470834 	 297.647000 	 44.546000 	 -2984713.475286 	 4.019554 	 297.647000 	 44.546000 	 -2984713.475286 	 143.857106 	 108.913372 	 300.067784
1:29:59.775 PM 2024-08-26 	 24.470834 	 297.647000 	 44.546000 	 -2984756.537326 	 4.012082 	 297.647000 	 44.546000 	 -2984756.537326 	 343.827269 	 108.908786 	 300.071690
1:30:04.865 PM 2024-08-26 	 24.470834 	 297.647000 	 44.546000 	 -2984813.115949 	 4.012094 	 297.647000 	 44.546000 	 -2984813.115949 	 385.472281 	 108.904318 	 300.076821
1:30:09.979 PM 2024-08-26 	 24.470834 	 297.647000 	 44.546000 	 -2984863.508507 	 4.014689 	 297.647000 	 44.546000 	 -2984863.508507 	 353.712503 	 108.899136 	 300.081392
1:30:15.117 PM 2024-08-26 	 24.470834 	 297.647000 	 44.546000 	 -2984913.062582 	 4.012757 	 297.647000 	 44.546000 	 -2984913.062582 	 343.269847 	 108.894669 	 300.085886
1:30:20.266 PM 2024-08-26 	 24.470834 	 297.647000 	 44.546000 	 -2984949.668898 	 4.007705 	 297.647000 	 44.546000 	 -2984949.668898 	 499.637796 	 108.887700 	 300.089206
1:30:25.384 PM 2024-08-26 	 24.470834 	 297.647000 	 44.546000 	 -2984987.123383 	 4.010465 	 297.647000 	 44.546000 	 -2984987.123383 	 499.637796 	 108.883232 	 300.092603
1:30:30.469 PM 2024-08-26 	 24.470834 	 297.647000 	 44.546000 	 -2985031.059354 	 4.015016 	 297.647000 	 44.546000 	 -2985031.059354 	 499.637796 	 108.878288 	 300.096587
1:30:35.583 PM 2024-08-26 	 24.470834 	 297.647000 	 44.546000 	 -2985075.000069 	 4.009942 	 297.647000 	 44.546000 	 -2985075.000069 	 499.637796 	 108.874178 	 300.100572
1:30:40.724 PM 2024-08-26 	 24.470834 	 297.647000 	 44.546000 	 -2985116.973517 	 4.003218 	 297.647000 	 44.546000 	 -2985116.973517 	 499.637796 	 108.870366 	 300.104378
1:30:45.804 PM 2024-08-26 	 24.470834 	 297.647000 	 44.546000 	 -2985155.288633 	 4.006870 	 297.647000 	 44.546000 	 -2985155.288633 	 -108.841173 	 108.864946 	 300.107853
1:30:50.944 PM 2024-08-26 	 24.470834 	 297.647000 	 44.546000 	 -2985188.817320 	 4.006590 	 297.647000 	 44.546000 	 -2985188.817320 	 -114.162085 	 108.860359 	 300.110893
1:30:56.071 PM 2024-08-26 	 24.470834 	 297.647000 	 44.546000 	 -2985229.675338 	 4.010129 	 297.647000 	 44.546000 	 -2985229.675338 	 -108.835932 	 108.855713 	 300.114598
1:31:01.194 PM 2024-08-26 	 24.470834 	 297.647000 	 44.546000 	 -2985267.155613 	 4.016094 	 297.647000 	 44.546000 	 -2985267.155613 	 -108.834860 	 108.852318 	 300.117997
1:31:06.317 PM 2024-08-26 	 24.470834 	 297.647000 	 44.546000 	 -2985287.447127 	 4.023469 	 297.647000 	 44.546000 	 -2985287.447127 	 -108.832835 	 108.847314 	 300.119837
1:31:11.442 PM 2024-08-26 	 24.470834 	 297.647000 	 44.546000 	 -2985308.303350 	 4.015901 	 297.647000 	 44.546000 	 -2985308.303350 	 -108.827176 	 108.842490 	 300.121728
1:31:16.581 PM 2024-08-26 	 24.470834 	 297.647000 	 44.546000 	 -2985350.300881 	 4.015522 	 297.647000 	 44.546000 	 -2985350.300881 	 -108.825032 	 108.837843 	 300.125536
1:31:21.693 PM 2024-08-26 	 24.470834 	 297.647000 	 44.546000 	 -2985406.680226 	 4.013472 	 297.647000 	 44.546000 	 -2985406.680226 	 0.509809 	 108.833495 	 300.130649
1:31:26.837 PM 2024-08-26 	 24.470834 	 297.647000 	 44.546000 	 -2985456.018567 	 4.021402 	 297.647000 	 44.546000 	 -2985456.018567 	 0.510166 	 108.829504 	 300.135122
1:31:32.001 PM 2024-08-26 	 24.470834 	 297.647000 	 44.546000 	 -2985524.820307 	 4.011244 	 297.647000 	 44.546000 	 -2985524.820307 	 0.729466 	 108.826049 	 300.141360
1:31:37.143 PM 2024-08-26 	 24.470834 	 297.647000 	 44.546000 	 -2985594.479832 	 4.008654 	 297.647000 	 44.546000 	 -2985594.479832 	 108.813487 	 108.822237 	 300.147676
1:31:42.282 PM 2024-08-26 	 24.470834 	 297.647000 	 44.546000 	 -2985656.534807 	 4.020958 	 297.647000 	 44.546000 	 -2985656.534807 	 108.812356 	 108.819021 	 300.153302
1:31:47.385 PM 2024-08-26 	 24.470834 	 297.647000 	 44.546000 	 -2985699.696808 	 4.021233 	 297.647000 	 44.546000 	 -2985699.696808 	 108.809675 	 108.815447 	 300.157215
1:31:52.497 PM 2024-08-26 	 24.470834 	 297.647000 	 44.546000 	 -2985729.320442 	 4.016549 	 297.647000 	 44.546000 	 -2985729.320442 	 108.806876 	 108.811813 	 300.159901
1:31:57.604 PM 2024-08-26 	 24.470834 	 297.647000 	 44.546000 	 -2985719.445657 	 4.016576 	 297.647000 	 44.546000 	 -2985719.445657 	 108.804375 	 108.808359 	 300.159006
1:32:02.710 PM 2024-08-26 	 24.470834 	 297.647000 	 44.546000 	 -2985698.850450 	 4.023402 	 297.647000 	 44.546000 	 -2985698.850450 	 108.801754 	 108.805916 	 300.157139
1:32:07.820 PM 2024-08-26 	 24.470834 	 297.647000 	 44.546000 	 -2985673.742637 	 4.014815 	 297.647000 	 44.546000 	 -2985673.742637 	 108.800265 	 108.803474 	 300.154862
1:32:12.912 PM 2024-08-26 	 24.470834 	 297.647000 	 44.546000 	 -2985674.588942 	 4.014146 	 297.647000 	 44.546000 	 -2985674.588942 	 0.730538 	 108.800615 	 300.154939
1:32:18.021 PM 2024-08-26 	 24.470834 	 297.647000 	 44.546000 	 -2985692.079651 	 4.023382 	 297.647000 	 44.546000 	 -2985692.079651 	 0.729943 	 108.797696 	 300.156525
1:32:23.118 PM 2024-08-26 	 24.470834 	 297.647000 	 44.546000 	 -2985712.674515 	 4.013270 	 297.647000 	 44.546000 	 -2985712.674515 	 0.729943 	 108.795254 	 300.158392
1:32:28.260 PM 2024-08-26 	 24.470834 	 297.647000 	 44.546000 	 -2985725.652637 	 4.003991 	 297.647000 	 44.546000 	 -2985725.652637 	 -499.613247 	 108.791621 	 300.159568
1:32:33.345 PM 2024-08-26 	 24.470834 	 297.647000 	 44.546000 	 -2985735.527572 	 4.017396 	 297.647000 	 44.546000 	 -2985735.527572 	 499.637796 	 108.788285 	 300.160464
1:32:38.451 PM 2024-08-26 	 24.470834 	 297.647000 	 44.546000 	 -2985738.349027 	 4.012462 	 297.647000 	 44.546000 	 -2985738.349027 	 499.637796 	 108.786319 	 300.160719
1:32:43.586 PM 2024-08-26 	 24.470834 	 297.647000 	 44.546000 	 -2985744.838446 	 4.011618 	 297.647000 	 44.546000 	 -2985744.838446 	 499.637796 	 108.783222 	 300.161308
1:32:48.693 PM 2024-08-26 	 24.470834 	 297.647000 	 44.546000 	 -2985754.996005 	 4.006745 	 297.647000 	 44.546000 	 -2985754.996005 	 499.637796 	 108.780541 	 300.162229
1:32:53.841 PM 2024-08-26 	 24.470834 	 297.647000 	 44.546000 	 -2985795.628783 	 4.021507 	 297.647000 	 44.546000 	 -2985795.628783 	 499.637796 	 108.778099 	 300.165912
1:32:58.976 PM 2024-08-26 	 24.470834 	 297.647000 	 44.546000 	 -2985836.830055 	 4.013735 	 297.647000 	 44.546000 	 -2985836.830055 	 -499.613247 	 108.776551 	 300.169647
1:33:04.101 PM 2024-08-26 	 24.470834 	 297.647000 	 44.546000 	 -2985859.690097 	 4.012126 	 297.647000 	 44.546000 	 -2985859.690097 	 -499.613247 	 108.774644 	 300.171720
1:33:09.210 PM 2024-08-26 	 24.470834 	 297.647000 	 44.546000 	 -2985881.986932 	 4.021130 	 297.647000 	 44.546000 	 -2985881.986932 	 -499.613247 	 108.772679 	 300.173741
1:33:14.358 PM 2024-08-26 	 24.470834 	 297.647000 	 44.546000 	 -2985891.865668 	 4.007892 	 297.647000 	 44.546000 	 -2985891.865668 	 -499.613247 	 108.770892 	 300.174637
1:33:19.484 PM 2024-08-26 	 24.470834 	 297.647000 	 44.546000 	 -2985905.131777 	 4.015577 	 297.647000 	 44.546000 	 -2985905.131777 	 499.637796 	 108.768271 	 300.175839
1:33:24.614 PM 2024-08-26 	 24.470834 	 297.647000 	 44.546000 	 -2985924.326064 	 4.013092 	 297.647000 	 44.546000 	 -2985924.326064 	 -499.613247 	 108.766305 	 300.177579
1:33:29.729 PM 2024-08-26 	 24.470834 	 297.647000 	 44.546000 	 -2985931.665295 	 4.015995 	 297.647000 	 44.546000 	 -2985931.665295 	 499.637796 	 108.763267 	 300.178244
1:33:34.915 PM 2024-08-26 	 24.470834 	 297.647000 	 44.546000 	 -2985922.914688 	 4.024523 	 297.647000 	 44.546000 	 -2985922.914688 	 499.637796 	 108.760408 	 300.177451
1:33:40.042 PM 2024-08-26 	 24.470834 	 297.647000 	 44.546000 	 -2985921.221044 	 4.011708 	 297.647000 	 44.546000 	 -2985921.221044 	 499.637796 	 108.756715 	 300.177298
1:33:45.208 PM 2024-08-26 	 24.470834 	 297.647000 	 44.546000 	 -2985921.785591 	 4.009381 	 297.647000 	 44.546000 	 -2985921.785591 	 499.637796 	 108.753797 	 300.177349
1:33:50.329 PM 2024-08-26 	 24.470834 	 297.647000 	 44.546000 	 -2985929.407056 	 4.016687 	 297.647000 	 44.546000 	 -2985929.407056 	 499.637796 	 108.750937 	 300.178040
1:33:55.430 PM 2024-08-26 	 24.470834 	 297.647000 	 44.546000 	 -2985947.473322 	 4.013300 	 297.647000 	 44.546000 	 -2985947.473322 	 -499.613247 	 108.748376 	 300.179677
1:34:00.599 PM 2024-08-26 	 24.470834 	 297.647000 	 44.546000 	 -2985977.397342 	 4.006172 	 297.647000 	 44.546000 	 -2985977.397342 	 499.637796 	 108.744921 	 300.182390
1:34:05.755 PM 2024-08-26 	 24.470834 	 297.647000 	 44.546000 	 -2985987.560718 	 4.010692 	 297.647000 	 44.546000 	 -2985987.560718 	 499.637796 	 108.742062 	 300.183311
1:34:10.877 PM 2024-08-26 	 24.470834 	 297.647000 	 44.546000 	 -2985980.785105 	 4.019641 	 297.647000 	 44.546000 	 -2985980.785105 	 -499.613247 	 108.739143 	 300.182697
1:34:16.001 PM 2024-08-26 	 24.470834 	 297.647000 	 44.546000 	 -2985961.305849 	 4.009381 	 297.647000 	 44.546000 	 -2985961.305849 	 -499.613247 	 108.736820 	 300.180931
1:34:21.139 PM 2024-08-26 	 24.470834 	 297.647000 	 44.546000 	 -2985966.951914 	 4.025093 	 297.647000 	 44.546000 	 -2985966.951914 	 -499.613247 	 108.733783 	 300.181443
1:34:26.311 PM 2024-08-26 	 24.470834 	 297.647000 	 44.546000 	 -2985983.890580 	 4.025069 	 297.647000 	 44.546000 	 -2985983.890580 	 499.637796 	 108.730804 	 300.182979
1:34:31.411 PM 2024-08-26 	 24.470834 	 297.647000 	 44.546000 	 -2986002.241599 	 4.008088 	 297.647000 	 44.546000 	 -2986002.241599 	 499.637796 	 108.727290 	 300.184642
1:34:36.550 PM 2024-08-26 	 24.470834 	 297.647000 	 44.546000 	 -2986010.993916 	 4.009457 	 297.647000 	 44.546000 	 -2986010.993916 	 499.637796 	 108.723656 	 300.185435
1:34:41.688 PM 2024-08-26 	 24.470834 	 297.647000 	 44.546000 	 -2986029.063811 	 4.011411 	 297.647000 	 44.546000 	 -2986029.063811 	 499.637796 	 108.720261 	 300.187073
1:34:46.807 PM 2024-08-26 	 24.470834 	 297.647000 	 44.546000 	 -2986042.052044 	 4.022304 	 297.647000 	 44.546000 	 -2986042.052044 	 -499.613247 	 108.717462 	 300.188251
1:34:51.939 PM 2024-08-26 	 24.470834 	 297.647000 	 44.546000 	 -2986063.794148 	 4.012879 	 297.647000 	 44.546000 	 -2986063.794148 	 -499.613247 	 108.713530 	 300.190222
1:34:57.095 PM 2024-08-26 	 24.470834 	 297.647000 	 44.546000 	 -2986123.096711 	 4.015595 	 297.647000 	 44.546000 	 -2986123.096711 	 -499.613247 	 108.709420 	 300.195597
1:35:02.235 PM 2024-08-26 	 24.470834 	 297.647000 	 44.546000 	 -2986183.820214 	 4.014882 	 297.647000 	 44.546000 	 -2986183.820214 	 499.637796 	 108.706263 	 300.201101
1:35:07.339 PM 2024-08-26 	 24.470834 	 297.647000 	 44.546000 	 -2986255.287877 	 4.015116 	 297.647000 	 44.546000 	 -2986255.287877 	 499.637796 	 108.703345 	 300.207579
1:35:12.460 PM 2024-08-26 	 24.470834 	 297.647000 	 44.546000 	 -2986339.765886 	 4.016561 	 297.647000 	 44.546000 	 -2986339.765886 	 -499.613247 	 108.700366 	 300.215235
1:35:17.610 PM 2024-08-26 	 24.470834 	 297.647000 	 44.546000 	 -2986420.022152 	 4.008313 	 297.647000 	 44.546000 	 -2986420.022152 	 499.637796 	 108.697746 	 300.222509
1:35:22.732 PM 2024-08-26 	 24.470834 	 297.647000 	 44.546000 	 -2986518.668673 	 4.020441 	 297.647000 	 44.546000 	 -2986518.668673 	 -499.613247 	 108.696078 	 300.231449
1:35:27.860 PM 2024-08-26 	 24.470834 	 297.647000 	 44.546000 	 -2986599.243080 	 4.019326 	 297.647000 	 44.546000 	 -2986599.243080 	 499.637796 	 108.693933 	 300.238751
1:35:32.958 PM 2024-08-26 	 24.470834 	 297.647000 	 44.546000 	 -2986683.227125 	 4.001565 	 297.647000 	 44.546000 	 -2986683.227125 	 499.637796 	 108.691551 	 300.246362
1:35:38.093 PM 2024-08-26 	 24.470834 	 297.647000 	 44.546000 	 -2986751.105726 	 4.007302 	 297.647000 	 44.546000 	 -2986751.105726 	 499.637796 	 108.689883 	 300.252513
1:35:43.215 PM 2024-08-26 	 24.470834 	 297.647000 	 44.546000 	 -2986833.989588 	 4.025966 	 297.647000 	 44.546000 	 -2986833.989588 	 -108.704304 	 108.687679 	 300.260023
1:35:48.344 PM 2024-08-26 	 24.470834 	 297.647000 	 44.546000 	 -2986902.742301 	 4.014187 	 297.647000 	 44.546000 	 -2986902.742301 	 7.208404 	 108.685475 	 300.266253
1:35:53.455 PM 2024-08-26 	 24.470834 	 297.647000 	 44.546000 	 -2986957.639668 	 4.023241 	 297.647000 	 44.546000 	 -2986957.639668 	 -27.750402 	 108.683033 	 300.271227
1:35:58.570 PM 2024-08-26 	 24.470834 	 297.647000 	 44.546000 	 -2986957.356673 	 4.008044 	 297.647000 	 44.546000 	 -2986957.356673 	 64.735628 	 108.680829 	 300.271202
1:36:03.733 PM 2024-08-26 	 24.470834 	 297.647000 	 44.546000 	 -2986942.358211 	 4.021904 	 297.647000 	 44.546000 	 -2986942.358211 	 275.223909 	 108.678565 	 300.269843
1:36:08.887 PM 2024-08-26 	 24.470834 	 297.647000 	 44.546000 	 -2986921.983831 	 4.010792 	 297.647000 	 44.546000 	 -2986921.983831 	 317.406628 	 108.676064 	 300.267997
1:36:14.050 PM 2024-08-26 	 24.470834 	 297.647000 	 44.546000 	 -2986890.292386 	 4.008035 	 297.647000 	 44.546000 	 -2986890.292386 	 356.315573 	 108.673919 	 300.265125
1:36:19.150 PM 2024-08-26 	 24.470834 	 297.647000 	 44.546000 	 -2986840.779461 	 4.010783 	 297.647000 	 44.546000 	 -2986840.779461 	 391.364493 	 108.671835 	 300.260639
1:36:24.323 PM 2024-08-26 	 24.470834 	 297.647000 	 44.546000 	 -2986800.890588 	 4.012383 	 297.647000 	 44.546000 	 -2986800.890588 	 421.254206 	 108.669631 	 300.257024
1:36:29.477 PM 2024-08-26 	 24.470834 	 297.647000 	 44.546000 	 -2986779.108959 	 4.016289 	 297.647000 	 44.546000 	 -2986779.108959 	 445.860470 	 108.667010 	 300.255051
1:36:34.621 PM 2024-08-26 	 24.470834 	 297.647000 	 44.546000 	 -2986755.348516 	 4.008733 	 297.647000 	 44.546000 	 -2986755.348516 	 467.172589 	 108.665282 	 300.252897
1:36:39.753 PM 2024-08-26 	 24.470834 	 297.647000 	 44.546000 	 -2986742.337434 	 4.010120 	 297.647000 	 44.546000 	 -2986742.337434 	 487.689284 	 108.662602 	 300.251718
1:36:44.908 PM 2024-08-26 	 24.470834 	 297.647000 	 44.546000 	 -2986735.549210 	 4.020526 	 297.647000 	 44.546000 	 -2986735.549210 	 499.637796 	 108.661172 	 300.251103
1:36:50.021 PM 2024-08-26 	 24.470834 	 297.647000 	 44.546000 	 -2986725.649919 	 4.013446 	 297.647000 	 44.546000 	 -2986725.649919 	 499.637796 	 108.658790 	 300.250206
1:36:55.158 PM 2024-08-26 	 24.470834 	 297.647000 	 44.546000 	 -2986715.468044 	 4.005612 	 297.647000 	 44.546000 	 -2986715.468044 	 499.637796 	 108.657062 	 300.249284
1:37:00.279 PM 2024-08-26 	 24.470834 	 297.647000 	 44.546000 	 -2986705.852063 	 4.014152 	 297.647000 	 44.546000 	 -2986705.852063 	 499.637796 	 108.655097 	 300.248412
1:37:05.429 PM 2024-08-26 	 24.470834 	 297.647000 	 44.546000 	 -2986703.589512 	 4.016260 	 297.647000 	 44.546000 	 -2986703.589512 	 499.637796 	 108.653667 	 300.248207
1:37:10.549 PM 2024-08-26 	 24.470834 	 297.647000 	 44.546000 	 -2986702.458242 	 4.012932 	 297.647000 	 44.546000 	 -2986702.458242 	 499.637796 	 108.651999 	 300.248105
1:37:15.735 PM 2024-08-26 	 24.470834 	 297.647000 	 44.546000 	 -2986688.317626 	 4.005843 	 297.647000 	 44.546000 	 -2986688.317626 	 499.637796 	 108.650868 	 300.246823
1:37:20.900 PM 2024-08-26 	 24.470834 	 297.647000 	 44.546000 	 -2986682.378714 	 4.026001 	 297.647000 	 44.546000 	 -2986682.378714 	 499.637796 	 108.649081 	 300.246285
1:37:26.031 PM 2024-08-26 	 24.470834 	 297.647000 	 44.546000 	 -2986662.582970 	 4.000894 	 297.647000 	 44.546000 	 -2986662.582970 	 499.637796 	 108.648783 	 300.244491
1:37:31.163 PM 2024-08-26 	 24.470834 	 297.647000 	 44.546000 	 -2986635.436092 	 4.023498 	 297.647000 	 44.546000 	 -2986635.436092 	 499.637796 	 108.647770 	 300.242031
1:37:36.330 PM 2024-08-26 	 24.470834 	 297.647000 	 44.546000 	 -2986620.449531 	 4.008286 	 297.647000 	 44.546000 	 -2986620.449531 	 499.637796 	 108.646996 	 300.240673
1:37:41.474 PM 2024-08-26 	 24.470834 	 297.647000 	 44.546000 	 -2986614.228857 	 4.014348 	 297.647000 	 44.546000 	 -2986614.228857 	 499.637796 	 108.645268 	 300.240109
1:37:46.632 PM 2024-08-26 	 24.470834 	 297.647000 	 44.546000 	 -2986603.201533 	 4.012211 	 297.647000 	 44.546000 	 -2986603.201533 	 499.637796 	 108.644911 	 300.239110
1:37:51.765 PM 2024-08-26 	 24.470834 	 297.647000 	 44.546000 	 -2986601.505048 	 4.015297 	 297.647000 	 44.546000 	 -2986601.505048 	 499.637796 	 108.644017 	 300.238956
1:37:56.894 PM 2024-08-26 	 24.470834 	 297.647000 	 44.546000 	 -2986599.243080 	 4.008205 	 297.647000 	 44.546000 	 -2986599.243080 	 499.637796 	 108.644137 	 300.238751
1:38:02.017 PM 2024-08-26 	 24.470834 	 297.647000 	 44.546000 	 -2986596.981124 	 4.012421 	 297.647000 	 44.546000 	 -2986596.981124 	 499.637796 	 108.643958 	 300.238546
1:38:07.112 PM 2024-08-26 	 24.470834 	 297.647000 	 44.546000 	 -2986595.284665 	 4.015927 	 297.647000 	 44.546000 	 -2986595.284665 	 499.637796 	 108.643779 	 300.238393
1:38:12.252 PM 2024-08-26 	 24.470834 	 297.647000 	 44.546000 	 -2986597.263867 	 4.017676 	 297.647000 	 44.546000 	 -2986597.263867 	 499.637796 	 108.643601 	 300.238572
1:38:17.444 PM 2024-08-26 	 24.470834 	 297.647000 	 44.546000 	 -2986605.746273 	 4.013481 	 297.647000 	 44.546000 	 -2986605.746273 	 499.637796 	 108.643064 	 300.239341
1:38:22.564 PM 2024-08-26 	 24.470834 	 297.647000 	 44.546000 	 -2986621.297812 	 4.012713 	 297.647000 	 44.546000 	 -2986621.297812 	 499.637796 	 108.643243 	 300.240750
1:38:27.729 PM 2024-08-26 	 24.470834 	 297.647000 	 44.546000 	 -2986621.863334 	 4.015361 	 297.647000 	 44.546000 	 -2986621.863334 	 499.637796 	 108.643541 	 300.240801
1:38:32.878 PM 2024-08-26 	 24.470834 	 297.647000 	 44.546000 	 -2986604.332527 	 4.011034 	 297.647000 	 44.546000 	 -2986604.332527 	 499.637796 	 108.644017 	 300.239213
1:38:38.016 PM 2024-08-26 	 24.470834 	 297.647000 	 44.546000 	 -2986598.112100 	 4.017259 	 297.647000 	 44.546000 	 -2986598.112100 	 499.637796 	 108.644137 	 300.238649
1:38:43.191 PM 2024-08-26 	 24.470834 	 297.647000 	 44.546000 	 -2986593.305472 	 3.998096 	 297.647000 	 44.546000 	 -2986593.305472 	 499.637796 	 108.644613 	 300.238213
1:38:48.358 PM 2024-08-26 	 24.470834 	 297.647000 	 44.546000 	 -2986593.305472 	 4.006502 	 297.647000 	 44.546000 	 -2986593.305472 	 499.637796 	 108.645268 	 300.238213
1:38:53.516 PM 2024-08-26 	 24.470834 	 297.647000 	 44.546000 	 -2986589.347115 	 4.009402 	 297.647000 	 44.546000 	 -2986589.347115 	 499.637796 	 108.645924 	 300.237855
1:38:58.625 PM 2024-08-26 	 24.470834 	 297.647000 	 44.546000 	 -2986584.257856 	 4.018073 	 297.647000 	 44.546000 	 -2986584.257856 	 499.637796 	 108.645864 	 300.237393
1:39:03.746 PM 2024-08-26 	 24.470834 	 297.647000 	 44.546000 	 -2986583.692386 	 4.014958 	 297.647000 	 44.546000 	 -2986583.692386 	 499.637796 	 108.646221 	 300.237342
1:39:08.882 PM 2024-08-26 	 24.470834 	 297.647000 	 44.546000 	 -2986564.749620 	 4.012324 	 297.647000 	 44.546000 	 -2986564.749620 	 499.637796 	 108.646877 	 300.235625
1:39:14.000 PM 2024-08-26 	 24.470834 	 297.647000 	 44.546000 	 -2986530.259093 	 4.007221 	 297.647000 	 44.546000 	 -2986530.259093 	 499.637796 	 108.647413 	 300.232500
1:39:19.161 PM 2024-08-26 	 24.470834 	 297.647000 	 44.546000 	 -2986493.792790 	 4.022806 	 297.647000 	 44.546000 	 -2986493.792790 	 499.637796 	 108.648306 	 300.229195
1:39:24.279 PM 2024-08-26 	 24.470834 	 297.647000 	 44.546000 	 -2986478.246138 	 4.015005 	 297.647000 	 44.546000 	 -2986478.246138 	 499.637796 	 108.648366 	 300.227786
1:39:29.425 PM 2024-08-26 	 24.470834 	 297.647000 	 44.546000 	 -2986479.942108 	 4.016377 	 297.647000 	 44.546000 	 -2986479.942108 	 499.637796 	 108.648902 	 300.227940
1:39:34.520 PM 2024-08-26 	 24.470834 	 297.647000 	 44.546000 	 -2986483.051403 	 4.007156 	 297.647000 	 44.546000 	 -2986483.051403 	 499.637796 	 108.649676 	 300.228221
1:39:39.691 PM 2024-08-26 	 24.470834 	 297.647000 	 44.546000 	 -2986481.638084 	 4.013124 	 297.647000 	 44.546000 	 -2986481.638084 	 499.637796 	 108.649676 	 300.228093
1:39:44.865 PM 2024-08-26 	 24.470834 	 297.647000 	 44.546000 	 -2986468.918433 	 4.012243 	 297.647000 	 44.546000 	 -2986468.918433 	 499.637796 	 108.650212 	 300.226941
1:39:49.980 PM 2024-08-26 	 24.470834 	 297.647000 	 44.546000 	 -2986457.329764 	 4.007770 	 297.647000 	 44.546000 	 -2986457.329764 	 499.637796 	 108.650153 	 300.225890
1:39:55.127 PM 2024-08-26 	 24.470834 	 297.647000 	 44.546000 	 -2986468.070470 	 4.013834 	 297.647000 	 44.546000 	 -2986468.070470 	 499.637796 	 108.651165 	 300.226864
1:40:00.254 PM 2024-08-26 	 24.470834 	 297.647000 	 44.546000 	 -2986470.897019 	 4.018033 	 297.647000 	 44.546000 	 -2986470.897019 	 499.637796 	 108.652178 	 300.227120
1:40:05.410 PM 2024-08-26 	 24.470834 	 297.647000 	 44.546000 	 -2986462.134782 	 4.024003 	 297.647000 	 44.546000 	 -2986462.134782 	 499.637796 	 108.652714 	 300.226326
1:40:10.534 PM 2024-08-26 	 24.470834 	 297.647000 	 44.546000 	 -2986457.047118 	 4.019577 	 297.647000 	 44.546000 	 -2986457.047118 	 499.637796 	 108.653608 	 300.225865
1:40:15.688 PM 2024-08-26 	 24.470834 	 297.647000 	 44.546000 	 -2986453.655378 	 4.016103 	 297.647000 	 44.546000 	 -2986453.655378 	 499.637796 	 108.654680 	 300.225557
1:40:20.832 PM 2024-08-26 	 24.470834 	 297.647000 	 44.546000 	 -2986442.632417 	 4.021808 	 297.647000 	 44.546000 	 -2986442.632417 	 499.637796 	 108.655752 	 300.224558
1:40:25.999 PM 2024-08-26 	 24.470834 	 297.647000 	 44.546000 	 -2986435.566574 	 4.014503 	 297.647000 	 44.546000 	 -2986435.566574 	 -499.613247 	 108.656467 	 300.223918
1:40:31.135 PM 2024-08-26 	 24.470834 	 297.647000 	 44.546000 	 -2986455.633889 	 4.009848 	 297.647000 	 44.546000 	 -2986455.633889 	 499.637796 	 108.657062 	 300.225737
1:40:36.281 PM 2024-08-26 	 24.470834 	 297.647000 	 44.546000 	 -2986487.008723 	 4.020009 	 297.647000 	 44.546000 	 -2986487.008723 	 499.637796 	 108.657420 	 300.228580
1:40:41.457 PM 2024-08-26 	 24.470834 	 297.647000 	 44.546000 	 -2986517.820606 	 4.012710 	 297.647000 	 44.546000 	 -2986517.820606 	 -499.613247 	 108.658492 	 300.231372
1:40:46.578 PM 2024-08-26 	 24.470834 	 297.647000 	 44.546000 	 -2986563.336016 	 4.020217 	 297.647000 	 44.546000 	 -2986563.336016 	 -499.613247 	 108.659266 	 300.235497
1:40:51.782 PM 2024-08-26 	 24.470834 	 297.647000 	 44.546000 	 -2986614.228857 	 4.021364 	 297.647000 	 44.546000 	 -2986614.228857 	 -499.613247 	 108.659028 	 300.240109
1:40:56.870 PM 2024-08-26 	 24.470834 	 297.647000 	 44.546000 	 -2986654.382159 	 4.010053 	 297.647000 	 44.546000 	 -2986654.382159 	 499.637796 	 108.659445 	 300.243748
1:41:02.013 PM 2024-08-26 	 24.470834 	 297.647000 	 44.546000 	 -2986701.609791 	 4.010538 	 297.647000 	 44.546000 	 -2986701.609791 	 -499.613247 	 108.660160 	 300.248028
1:41:07.159 PM 2024-08-26 	 24.470834 	 297.647000 	 44.546000 	 -2986743.751662 	 4.008494 	 297.647000 	 44.546000 	 -2986743.751662 	 -499.613247 	 108.659862 	 300.251847
1:41:12.223 PM 2024-08-26 	 24.470834 	 297.647000 	 44.546000 	 -2986780.523315 	 4.018073 	 297.647000 	 44.546000 	 -2986780.523315 	 499.637796 	 108.660160 	 300.255179
1:41:17.354 PM 2024-08-26 	 24.470834 	 297.647000 	 44.546000 	 -2986820.127285 	 4.008318 	 297.647000 	 44.546000 	 -2986820.127285 	 499.637796 	 108.660517 	 300.258767
1:41:22.507 PM 2024-08-26 	 24.470834 	 297.647000 	 44.546000 	 -2986858.886344 	 4.015697 	 297.647000 	 44.546000 	 -2986858.886344 	 -499.613247 	 108.661530 	 300.262279
1:41:27.576 PM 2024-08-26 	 24.470834 	 297.647000 	 44.546000 	 -2986894.536632 	 4.008035 	 297.647000 	 44.546000 	 -2986894.536632 	 499.637796 	 108.661708 	 300.265510
1:41:32.695 PM 2024-08-26 	 24.470834 	 297.647000 	 44.546000 	 -2986925.945436 	 4.014281 	 297.647000 	 44.546000 	 -2986925.945436 	 499.637796 	 108.662125 	 300.268356
1:41:37.860 PM 2024-08-26 	 24.470834 	 297.647000 	 44.546000 	 -2986960.469631 	 4.016622 	 297.647000 	 44.546000 	 -2986960.469631 	 -499.613247 	 108.663078 	 300.271484
1:41:42.965 PM 2024-08-26 	 24.470834 	 297.647000 	 44.546000 	 -2987001.789335 	 4.011259 	 297.647000 	 44.546000 	 -2987001.789335 	 499.637796 	 108.663019 	 300.275228
1:41:48.097 PM 2024-08-26 	 24.470834 	 297.647000 	 44.546000 	 -2987041.981034 	 4.020106 	 297.647000 	 44.546000 	 -2987041.981034 	 -499.613247 	 108.663198 	 300.278869
1:41:53.223 PM 2024-08-26 	 24.470834 	 297.647000 	 44.546000 	 -2987058.964640 	 4.007510 	 297.647000 	 44.546000 	 -2987058.964640 	 499.637796 	 108.663257 	 300.280408
1:41:58.346 PM 2024-08-26 	 24.470834 	 297.647000 	 44.546000 	 -2987078.779746 	 4.014021 	 297.647000 	 44.546000 	 -2987078.779746 	 -499.613247 	 108.663912 	 300.282203
1:42:03.449 PM 2024-08-26 	 24.470834 	 297.647000 	 44.546000 	 -2987096.614170 	 4.013130 	 297.647000 	 44.546000 	 -2987096.614170 	 499.637796 	 108.664270 	 300.283819
1:42:08.558 PM 2024-08-26 	 24.470834 	 297.647000 	 44.546000 	 -2987122.942610 	 4.011653 	 297.647000 	 44.546000 	 -2987122.942610 	 -499.613247 	 108.664508 	 300.286205
1:42:13.692 PM 2024-08-26 	 24.470834 	 297.647000 	 44.546000 	 -2987136.532152 	 4.014216 	 297.647000 	 44.546000 	 -2987136.532152 	 499.637796 	 108.664865 	 300.287436
1:42:18.831 PM 2024-08-26 	 24.470834 	 297.647000 	 44.546000 	 -2987146.724608 	 4.012310 	 297.647000 	 44.546000 	 -2987146.724608 	 499.637796 	 108.665580 	 300.288359
1:42:23.967 PM 2024-08-26 	 24.470834 	 297.647000 	 44.546000 	 -2987168.242856 	 4.008111 	 297.647000 	 44.546000 	 -2987168.242856 	 499.637796 	 108.665282 	 300.290309
1:42:29.087 PM 2024-08-26 	 24.470834 	 297.647000 	 44.546000 	 -2987198.540220 	 4.005428 	 297.647000 	 44.546000 	 -2987198.540220 	 499.637796 	 108.664865 	 300.293054
1:42:34.214 PM 2024-08-26 	 24.470834 	 297.647000 	 44.546000 	 -2987203.637196 	 4.018415 	 297.647000 	 44.546000 	 -2987203.637196 	 -499.613247 	 108.665282 	 300.293515
1:42:39.374 PM 2024-08-26 	 24.470834 	 297.647000 	 44.546000 	 -2987218.645330 	 4.013533 	 297.647000 	 44.546000 	 -2987218.645330 	 -499.613247 	 108.665699 	 300.294875
1:42:44.531 PM 2024-08-26 	 24.470834 	 297.647000 	 44.546000 	 -2987243.282528 	 4.007583 	 297.647000 	 44.546000 	 -2987243.282528 	 -499.613247 	 108.665699 	 300.297107
1:42:49.675 PM 2024-08-26 	 24.470834 	 297.647000 	 44.546000 	 -2987270.186927 	 4.023484 	 297.647000 	 44.546000 	 -2987270.186927 	 499.637796 	 108.666235 	 300.299544
1:42:54.815 PM 2024-08-26 	 24.470834 	 297.647000 	 44.546000 	 -2987292.278190 	 4.017487 	 297.647000 	 44.546000 	 -2987292.278190 	 -499.613247 	 108.666891 	 300.301546
1:42:59.953 PM 2024-08-26 	 24.470834 	 297.647000 	 44.546000 	 -2987317.486359 	 4.007270 	 297.647000 	 44.546000 	 -2987317.486359 	 499.637796 	 108.668261 	 300.303829
1:43:05.075 PM 2024-08-26 	 24.470834 	 297.647000 	 44.546000 	 -2987340.996514 	 4.015373 	 297.647000 	 44.546000 	 -2987340.996514 	 499.637796 	 108.670465 	 300.305959
1:43:10.192 PM 2024-08-26 	 24.470834 	 297.647000 	 44.546000 	 -2987350.344304 	 4.010847 	 297.647000 	 44.546000 	 -2987350.344304 	 -499.613247 	 108.673324 	 300.306806
1:43:15.323 PM 2024-08-26 	 24.470834 	 297.647000 	 44.546000 	 -2987351.760655 	 4.008310 	 297.647000 	 44.546000 	 -2987351.760655 	 499.637796 	 108.674932 	 300.306934
1:43:20.432 PM 2024-08-26 	 24.470834 	 297.647000 	 44.546000 	 -2987372.723224 	 4.003107 	 297.647000 	 44.546000 	 -2987372.723224 	 499.637796 	 108.677315 	 300.308833
1:43:25.540 PM 2024-08-26 	 24.470834 	 297.647000 	 44.546000 	 -2987411.251856 	 4.020281 	 297.647000 	 44.546000 	 -2987411.251856 	 0.510821 	 108.679995 	 300.312324
1:43:30.694 PM 2024-08-26 	 24.470834 	 297.647000 	 44.546000 	 -2987434.767454 	 4.016903 	 297.647000 	 44.546000 	 -2987434.767454 	 499.637796 	 108.683331 	 300.314454
1:43:35.809 PM 2024-08-26 	 24.470834 	 297.647000 	 44.546000 	 -2987468.768323 	 4.019230 	 297.647000 	 44.546000 	 -2987468.768323 	 499.637796 	 108.685475 	 300.317534
1:43:40.920 PM 2024-08-26 	 24.470834 	 297.647000 	 44.546000 	 -2987511.840188 	 4.020237 	 297.647000 	 44.546000 	 -2987511.840188 	 108.705922 	 108.687739 	 300.321436
1:43:46.064 PM 2024-08-26 	 24.470834 	 297.647000 	 44.546000 	 -2987549.531828 	 4.017200 	 297.647000 	 44.546000 	 -2987549.531828 	 499.637796 	 108.687858 	 300.324850
1:43:51.163 PM 2024-08-26 	 24.470834 	 297.647000 	 44.546000 	 -2987582.975469 	 4.018622 	 297.647000 	 44.546000 	 -2987582.975469 	 0.732206 	 108.689406 	 300.327879
1:43:56.299 PM 2024-08-26 	 24.470834 	 297.647000 	 44.546000 	 -2987630.878376 	 4.020053 	 297.647000 	 44.546000 	 -2987630.878376 	 108.710746 	 108.689764 	 300.332218
1:44:01.415 PM 2024-08-26 	 24.470834 	 297.647000 	 44.546000 	 -2987673.967489 	 4.015735 	 297.647000 	 44.546000 	 -2987673.967489 	 108.711163 	 108.690598 	 300.336121
1:44:06.536 PM 2024-08-26 	 24.470834 	 297.647000 	 44.546000 	 -2987706.570852 	 4.006006 	 297.647000 	 44.546000 	 -2987706.570852 	 108.712057 	 108.691551 	 300.339074
1:44:11.656 PM 2024-08-26 	 24.470834 	 297.647000 	 44.546000 	 -2987682.472461 	 4.016978 	 297.647000 	 44.546000 	 -2987682.472461 	 108.712235 	 108.691670 	 300.336892
1:44:16.757 PM 2024-08-26 	 24.470834 	 297.647000 	 44.546000 	 -2987651.288437 	 4.004026 	 297.647000 	 44.546000 	 -2987651.288437 	 108.712593 	 108.691968 	 300.334067
1:44:21.867 PM 2024-08-26 	 24.470834 	 297.647000 	 44.546000 	 -2987603.950009 	 4.014812 	 297.647000 	 44.546000 	 -2987603.950009 	 108.711997 	 108.692682 	 300.329779
1:44:27.051 PM 2024-08-26 	 24.470834 	 297.647000 	 44.546000 	 -2987543.580284 	 4.019355 	 297.647000 	 44.546000 	 -2987543.580284 	 108.711759 	 108.692087 	 300.324311
1:44:32.191 PM 2024-08-26 	 24.470834 	 297.647000 	 44.546000 	 -2987508.439611 	 4.010482 	 297.647000 	 44.546000 	 -2987508.439611 	 108.711818 	 108.691968 	 300.321128
1:44:37.347 PM 2024-08-26 	 24.470834 	 297.647000 	 44.546000 	 -2987475.002125 	 4.016027 	 297.647000 	 44.546000 	 -2987475.002125 	 108.712176 	 108.692623 	 300.318099
1:44:42.512 PM 2024-08-26 	 24.470834 	 297.647000 	 44.546000 	 -2987439.867402 	 4.018704 	 297.647000 	 44.546000 	 -2987439.867402 	 108.712235 	 108.692861 	 300.314916
1:44:47.611 PM 2024-08-26 	 24.470834 	 297.647000 	 44.546000 	 -2987428.250946 	 4.011206 	 297.647000 	 44.546000 	 -2987428.250946 	 108.712890 	 108.693397 	 300.313864
1:44:52.802 PM 2024-08-26 	 24.470834 	 297.647000 	 44.546000 	 -2987414.084988 	 4.019557 	 297.647000 	 44.546000 	 -2987414.084988 	 108.713486 	 108.694231 	 300.312580
1:44:57.964 PM 2024-08-26 	 24.470834 	 297.647000 	 44.546000 	 -2987405.868959 	 4.008497 	 297.647000 	 44.546000 	 -2987405.868959 	 108.713784 	 108.694529 	 300.311836
1:45:03.129 PM 2024-08-26 	 24.470834 	 297.647000 	 44.546000 	 -2987385.471263 	 4.008035 	 297.647000 	 44.546000 	 -2987385.471263 	 108.714022 	 108.695482 	 300.309988
1:45:08.281 PM 2024-08-26 	 24.470834 	 297.647000 	 44.546000 	 -2987378.388970 	 4.008937 	 297.647000 	 44.546000 	 -2987378.388970 	 108.714022 	 108.695720 	 300.309347
1:45:13.376 PM 2024-08-26 	 24.470834 	 297.647000 	 44.546000 	 -2987388.870807 	 4.016468 	 297.647000 	 44.546000 	 -2987388.870807 	 108.714915 	 108.696078 	 300.310296
1:45:18.570 PM 2024-08-26 	 24.470834 	 297.647000 	 44.546000 	 -2987407.568813 	 4.011612 	 297.647000 	 44.546000 	 -2987407.568813 	 108.714558 	 108.696435 	 300.311990
1:45:23.697 PM 2024-08-26 	 24.470834 	 297.647000 	 44.546000 	 -2987416.351508 	 4.015688 	 297.647000 	 44.546000 	 -2987416.351508 	 108.715332 	 108.696912 	 300.312786
1:45:28.786 PM 2024-08-26 	 24.470834 	 297.647000 	 44.546000 	 -2987417.484773 	 4.019714 	 297.647000 	 44.546000 	 -2987417.484773 	 108.715928 	 108.697031 	 300.312888
1:45:33.890 PM 2024-08-26 	 24.470834 	 297.647000 	 44.546000 	 -2987410.968544 	 4.005159 	 297.647000 	 44.546000 	 -2987410.968544 	 108.716047 	 108.697805 	 300.312298
1:45:38.983 PM 2024-08-26 	 24.470834 	 297.647000 	 44.546000 	 -2987401.902660 	 4.007647 	 297.647000 	 44.546000 	 -2987401.902660 	 108.716226 	 108.697924 	 300.311477
1:45:44.129 PM 2024-08-26 	 24.470834 	 297.647000 	 44.546000 	 -2987373.856367 	 4.008470 	 297.647000 	 44.546000 	 -2987373.856367 	 108.897407 	 108.699175 	 300.308936
1:45:49.265 PM 2024-08-26 	 24.470834 	 297.647000 	 44.546000 	 -2987360.825417 	 4.003600 	 297.647000 	 44.546000 	 -2987360.825417 	 109.085200 	 108.747244 	 300.307756
1:45:54.420 PM 2024-08-26 	 24.470834 	 297.647000 	 44.546000 	 -2987350.344304 	 4.014900 	 297.647000 	 44.546000 	 -2987350.344304 	 109.123557 	 108.987412 	 300.306806
1:46:29.581 PM 2024-08-26 	 24.470834 	 297.647000 	 44.546000 	 -2987483.577537 	 4.014176 	 297.647000 	 44.546000 	 -2987483.577537 	 108.951726 	 109.251704 	 300.298339
1:46:34.714 PM 2024-08-26 	 24.470834 	 297.647000 	 44.546000 	 -2987499.155044 	 4.028970 	 297.647000 	 44.546000 	 -2987499.155044 	 108.890260 	 109.225078 	 300.299750
1:46:39.813 PM 2024-08-26 	 24.470834 	 297.647000 	 44.546000 	 -2987522.380803 	 4.013142 	 297.647000 	 44.546000 	 -2987522.380803 	 108.830521 	 109.200359 	 300.301854
1:46:44.871 PM 2024-08-26 	 24.470834 	 297.647000 	 44.546000 	 -2987526.063058 	 4.019545 	 297.647000 	 44.546000 	 -2987526.063058 	 108.774416 	 109.176711 	 300.302187
1:46:49.966 PM 2024-08-26 	 24.470834 	 297.647000 	 44.546000 	 -2987530.878365 	 4.015230 	 297.647000 	 44.546000 	 -2987530.878365 	 108.722956 	 109.152945 	 300.302623
1:46:55.089 PM 2024-08-26 	 24.470834 	 297.647000 	 44.546000 	 -2987536.543505 	 4.015016 	 297.647000 	 44.546000 	 -2987536.543505 	 108.679715 	 109.132335 	 300.303137
1:47:00.171 PM 2024-08-26 	 24.470834 	 297.647000 	 44.546000 	 -2987536.543505 	 4.017203 	 297.647000 	 44.546000 	 -2987536.543505 	 108.637130 	 109.111606 	 300.303137
1:47:05.292 PM 2024-08-26 	 24.470834 	 297.647000 	 44.546000 	 -2987542.208724 	 4.010140 	 297.647000 	 44.546000 	 -2987542.208724 	 108.598952 	 109.092307 	 300.303650
1:47:10.415 PM 2024-08-26 	 24.470834 	 297.647000 	 44.546000 	 -2987550.989970 	 4.019995 	 297.647000 	 44.546000 	 -2987550.989970 	 108.563812 	 109.074318 	 300.304445
1:47:15.570 PM 2024-08-26 	 24.470834 	 297.647000 	 44.546000 	 -2987561.471062 	 4.011638 	 297.647000 	 44.546000 	 -2987561.471062 	 108.532781 	 109.057104 	 300.305395
1:47:20.731 PM 2024-08-26 	 24.470834 	 297.647000 	 44.546000 	 -2987558.638308 	 4.015997 	 297.647000 	 44.546000 	 -2987558.638308 	 108.506515 	 109.043285 	 300.305138
1:47:25.817 PM 2024-08-26 	 24.470834 	 297.647000 	 44.546000 	 -2987567.419910 	 4.010336 	 297.647000 	 44.546000 	 -2987567.419910 	 108.480904 	 109.029227 	 300.305934
1:47:30.954 PM 2024-08-26 	 24.470834 	 297.647000 	 44.546000 	 -2987583.567225 	 4.008774 	 297.647000 	 44.546000 	 -2987583.567225 	 108.459939 	 109.014395 	 300.307396
1:47:36.063 PM 2024-08-26 	 24.470834 	 297.647000 	 44.546000 	 -2987583.850517 	 4.015650 	 297.647000 	 44.546000 	 -2987583.850517 	 108.438974 	 109.000100 	 300.307422
1:47:41.196 PM 2024-08-26 	 24.470834 	 297.647000 	 44.546000 	 -2987571.669141 	 4.012432 	 297.647000 	 44.546000 	 -2987571.669141 	 108.419796 	 108.986102 	 300.306319
1:47:46.310 PM 2024-08-26 	 24.470834 	 297.647000 	 44.546000 	 -2987569.119597 	 4.009860 	 297.647000 	 44.546000 	 -2987569.119597 	 108.403595 	 108.973772 	 300.306088
1:47:51.463 PM 2024-08-26 	 24.470834 	 297.647000 	 44.546000 	 -2987574.501987 	 4.026421 	 297.647000 	 44.546000 	 -2987574.501987 	 108.387216 	 108.960846 	 300.306575
1:47:56.557 PM 2024-08-26 	 24.470834 	 297.647000 	 44.546000 	 -2987586.116859 	 4.012783 	 297.647000 	 44.546000 	 -2987586.116859 	 108.371909 	 108.948754 	 300.307627
1:48:01.686 PM 2024-08-26 	 24.470834 	 297.647000 	 44.546000 	 -2987605.947900 	 4.008695 	 297.647000 	 44.546000 	 -2987605.947900 	 108.357794 	 108.937973 	 300.309424
1:48:06.796 PM 2024-08-26 	 24.470834 	 297.647000 	 44.546000 	 -2987604.531365 	 4.009589 	 297.647000 	 44.546000 	 -2987604.531365 	 108.345286 	 108.926655 	 300.309295
1:48:11.921 PM 2024-08-26 	 24.470834 	 297.647000 	 44.546000 	 -2987604.814672 	 4.012780 	 297.647000 	 44.546000 	 -2987604.814672 	 108.334565 	 108.916827 	 300.309321
1:48:17.055 PM 2024-08-26 	 24.470834 	 297.647000 	 44.546000 	 -2987615.013842 	 4.003393 	 297.647000 	 44.546000 	 -2987615.013842 	 108.323368 	 108.906463 	 300.310245
1:48:22.165 PM 2024-08-26 	 24.470834 	 297.647000 	 44.546000 	 -2987616.430414 	 4.010240 	 297.647000 	 44.546000 	 -2987616.430414 	 108.312885 	 108.896396 	 300.310373
1:48:27.282 PM 2024-08-26 	 24.470834 	 297.647000 	 44.546000 	 -2987610.480846 	 4.017139 	 297.647000 	 44.546000 	 -2987610.480846 	 108.303713 	 108.888653 	 300.309834
1:48:32.387 PM 2024-08-26 	 4.028769 	 297.647000 	 44.546000 	 -2987616.147099 	 4.011892 	 297.647000 	 44.546000 	 -2987616.147099 	 108.294839 	 108.880194 	 300.310348
1:48:37.464 PM 2024-08-26 	 4.042409 	 297.647000 	 44.546000 	 -2987630.596403 	 4.014152 	 297.647000 	 44.546000 	 -2987630.596403 	 108.286977 	 108.873106 	 300.311656
1:48:42.567 PM 2024-08-26 	 4.027293 	 297.647000 	 44.546000 	 -2987639.379566 	 4.010546 	 297.647000 	 44.546000 	 -2987639.379566 	 108.278698 	 108.865541 	 300.312452
1:48:47.702 PM 2024-08-26 	 4.032155 	 297.647000 	 44.546000 	 -2987647.312909 	 4.004091 	 297.647000 	 44.546000 	 -2987647.312909 	 108.271908 	 108.857202 	 300.313171
1:48:52.813 PM 2024-08-26 	 4.034233 	 297.647000 	 44.546000 	 -2987645.046224 	 4.013151 	 297.647000 	 44.546000 	 -2987645.046224 	 108.264999 	 108.847255 	 300.312965
1:48:57.921 PM 2024-08-26 	 4.033229 	 297.647000 	 44.546000 	 -2987656.379776 	 4.013930 	 297.647000 	 44.546000 	 -2987656.379776 	 108.258805 	 108.839035 	 300.313992
1:49:03.048 PM 2024-08-26 	 4.037660 	 297.647000 	 44.546000 	 -2987656.946462 	 4.010756 	 297.647000 	 44.546000 	 -2987656.946462 	 108.252789 	 108.831470 	 300.314043
1:49:08.189 PM 2024-08-26 	 4.025617 	 297.647000 	 44.546000 	 -2987668.847051 	 4.015440 	 297.647000 	 44.546000 	 -2987668.847051 	 108.246655 	 108.823667 	 300.315121
1:49:13.368 PM 2024-08-26 	 4.022048 	 297.647000 	 44.546000 	 -2987667.713646 	 4.006683 	 297.647000 	 44.546000 	 -2987667.713646 	 108.241116 	 108.816459 	 300.315019
1:49:18.518 PM 2024-08-26 	 4.020329 	 297.647000 	 44.546000 	 -2987655.529749 	 4.014686 	 297.647000 	 44.546000 	 -2987655.529749 	 108.235874 	 108.810741 	 300.313915
1:49:23.659 PM 2024-08-26 	 4.032669 	 297.647000 	 44.546000 	 -2987647.596245 	 4.023749 	 297.647000 	 44.546000 	 -2987647.596245 	 108.231705 	 108.804904 	 300.313196
1:49:28.799 PM 2024-08-26 	 4.025591 	 297.647000 	 44.546000 	 -2987642.496218 	 4.013501 	 297.647000 	 44.546000 	 -2987642.496218 	 108.228072 	 108.799900 	 300.312734
1:49:33.913 PM 2024-08-26 	 4.030556 	 297.647000 	 44.546000 	 -2987633.429661 	 4.012681 	 297.647000 	 44.546000 	 -2987633.429661 	 108.225094 	 108.794778 	 300.311913
1:49:39.032 PM 2024-08-26 	 4.037464 	 297.647000 	 44.546000 	 -2987639.946228 	 4.019814 	 297.647000 	 44.546000 	 -2987639.946228 	 108.222473 	 108.790310 	 300.312503
1:49:44.191 PM 2024-08-26 	 4.023446 	 297.647000 	 44.546000 	 -2987636.829596 	 4.020777 	 297.647000 	 44.546000 	 -2987636.829596 	 108.220806 	 108.785664 	 300.312221
1:49:49.294 PM 2024-08-26 	 4.026586 	 297.647000 	 44.546000 	 -2987637.679584 	 4.020666 	 297.647000 	 44.546000 	 -2987637.679584 	 108.220150 	 108.779767 	 300.312298
1:49:54.412 PM 2024-08-26 	 4.029283 	 297.647000 	 44.546000 	 -2987636.829596 	 4.017303 	 297.647000 	 44.546000 	 -2987636.829596 	 108.220686 	 108.775359 	 300.312221
1:49:59.572 PM 2024-08-26 	 4.027406 	 297.647000 	 44.546000 	 -2987630.596403 	 4.022424 	 297.647000 	 44.546000 	 -2987630.596403 	 108.221580 	 108.770713 	 300.311656
1:50:04.714 PM 2024-08-26 	 4.031215 	 297.647000 	 44.546000 	 -2987622.380069 	 4.015250 	 297.647000 	 44.546000 	 -2987622.380069 	 108.223367 	 108.766901 	 300.310912
1:50:09.825 PM 2024-08-26 	 4.034417 	 297.647000 	 44.546000 	 -2987628.329812 	 4.008275 	 297.647000 	 44.546000 	 -2987628.329812 	 108.225630 	 108.763625 	 300.311451
1:50:14.996 PM 2024-08-26 	 4.020965 	 297.647000 	 44.546000 	 -2987637.396255 	 4.020617 	 297.647000 	 44.546000 	 -2987637.396255 	 108.228787 	 108.761242 	 300.312272
1:50:20.097 PM 2024-08-26 	 4.026697 	 297.647000 	 44.546000 	 -2987652.129657 	 4.014459 	 297.647000 	 44.546000 	 -2987652.129657 	 108.232896 	 108.759098 	 300.313607
1:50:25.202 PM 2024-08-26 	 4.019721 	 297.647000 	 44.546000 	 -2987654.113040 	 4.017665 	 297.647000 	 44.546000 	 -2987654.113040 	 108.236827 	 108.756596 	 300.313787
1:50:30.325 PM 2024-08-26 	 4.035512 	 297.647000 	 44.546000 	 -2987654.963065 	 4.008806 	 297.647000 	 44.546000 	 -2987654.963065 	 108.241771 	 108.753499 	 300.313864
1:50:35.466 PM 2024-08-26 	 4.031393 	 297.647000 	 44.546000 	 -2987661.196632 	 4.021387 	 297.647000 	 44.546000 	 -2987661.196632 	 108.246714 	 108.751414 	 300.314428
1:50:40.571 PM 2024-08-26 	 4.032894 	 297.647000 	 44.546000 	 -2987670.263811 	 4.011597 	 297.647000 	 44.546000 	 -2987670.263811 	 108.252908 	 108.748912 	 300.315250
1:50:45.717 PM 2024-08-26 	 4.024826 	 297.647000 	 44.546000 	 -2987656.946462 	 4.014044 	 297.647000 	 44.546000 	 -2987656.946462 	 108.258567 	 108.746827 	 300.314043
1:50:50.848 PM 2024-08-26 	 4.021365 	 297.647000 	 44.546000 	 -2987642.779551 	 4.021475 	 297.647000 	 44.546000 	 -2987642.779551 	 108.264225 	 108.744743 	 300.312760
1:50:55.999 PM 2024-08-26 	 4.030054 	 297.647000 	 44.546000 	 -2987628.046489 	 4.018777 	 297.647000 	 44.546000 	 -2987628.046489 	 108.271610 	 108.742717 	 300.311425
1:51:01.128 PM 2024-08-26 	 4.022666 	 297.647000 	 44.546000 	 -2987615.297156 	 4.007597 	 297.647000 	 44.546000 	 -2987615.297156 	 108.278757 	 108.740335 	 300.310271
1:51:06.267 PM 2024-08-26 	 4.025063 	 297.647000 	 44.546000 	 -2987602.548224 	 4.004844 	 297.647000 	 44.546000 	 -2987602.548224 	 108.285428 	 108.738429 	 300.309116
1:51:11.410 PM 2024-08-26 	 4.036069 	 297.647000 	 44.546000 	 -2987590.649583 	 4.016526 	 297.647000 	 44.546000 	 -2987590.649583 	 108.293111 	 108.736820 	 300.308038
1:51:16.595 PM 2024-08-26 	 4.032552 	 297.647000 	 44.546000 	 -2987586.966741 	 4.021744 	 297.647000 	 44.546000 	 -2987586.966741 	 108.301092 	 108.734497 	 300.307704
1:51:21.748 PM 2024-08-26 	 4.024494 	 297.647000 	 44.546000 	 -2987620.680159 	 4.019571 	 297.647000 	 44.546000 	 -2987620.680159 	 108.308835 	 108.731698 	 300.310758
1:51:26.885 PM 2024-08-26 	 4.022646 	 297.647000 	 44.546000 	 -2987633.712988 	 4.006143 	 297.647000 	 44.546000 	 -2987633.712988 	 108.316757 	 108.729494 	 300.311939
1:51:32.006 PM 2024-08-26 	 4.035827 	 297.647000 	 44.546000 	 -2987640.512891 	 4.010672 	 297.647000 	 44.546000 	 -2987640.512891 	 108.324500 	 108.727171 	 300.312555
1:51:37.152 PM 2024-08-26 	 4.016572 	 297.647000 	 44.546000 	 -2987641.362887 	 4.019746 	 297.647000 	 44.546000 	 -2987641.362887 	 108.333434 	 108.726099 	 300.312632
1:51:42.274 PM 2024-08-26 	 4.030205 	 297.647000 	 44.546000 	 -2987638.812905 	 4.000929 	 297.647000 	 44.546000 	 -2987638.812905 	 108.341593 	 108.724490 	 300.312401
1:51:47.388 PM 2024-08-26 	 4.033507 	 297.647000 	 44.546000 	 -2987625.779911 	 4.019863 	 297.647000 	 44.546000 	 -2987625.779911 	 108.350527 	 108.723120 	 300.311220
1:51:52.554 PM 2024-08-26 	 4.028556 	 297.647000 	 44.546000 	 -2987591.499474 	 4.013329 	 297.647000 	 44.546000 	 -2987591.499474 	 108.359461 	 108.721572 	 300.308115
1:51:57.688 PM 2024-08-26 	 4.035118 	 297.647000 	 44.546000 	 -2987562.604169 	 4.007518 	 297.647000 	 44.546000 	 -2987562.604169 	 108.367442 	 108.718951 	 300.305497
1:52:02.843 PM 2024-08-26 	 4.025556 	 297.647000 	 44.546000 	 -2987537.393282 	 4.014789 	 297.647000 	 44.546000 	 -2987537.393282 	 108.376436 	 108.716806 	 300.303214
1:52:07.993 PM 2024-08-26 	 4.031496 	 297.647000 	 44.546000 	 -2987520.398064 	 4.013889 	 297.647000 	 44.546000 	 -2987520.398064 	 108.385846 	 108.714960 	 300.301674
1:52:13.137 PM 2024-08-26 	 4.039685 	 297.647000 	 44.546000 	 -2987492.357512 	 4.015997 	 297.647000 	 44.546000 	 -2987492.357512 	 108.395019 	 108.712935 	 300.299134
1:52:18.283 PM 2024-08-26 	 4.015860 	 297.647000 	 44.546000 	 -2987448.742733 	 4.016908 	 297.647000 	 44.546000 	 -2987448.742733 	 108.403893 	 108.711088 	 300.295183
1:52:23.425 PM 2024-08-26 	 4.035804 	 297.647000 	 44.546000 	 -2987424.388470 	 4.021381 	 297.647000 	 44.546000 	 -2987424.388470 	 108.413423 	 108.709182 	 300.292977
1:52:28.581 PM 2024-08-26 	 4.032748 	 297.647000 	 44.546000 	 -2987400.318835 	 4.005796 	 297.647000 	 44.546000 	 -2987400.318835 	 108.423131 	 108.706144 	 300.290796
1:52:33.728 PM 2024-08-26 	 4.041483 	 297.647000 	 44.546000 	 -2987389.841910 	 4.023411 	 297.647000 	 44.546000 	 -2987389.841910 	 108.431291 	 108.703166 	 300.289847
1:52:38.882 PM 2024-08-26 	 4.029058 	 297.647000 	 44.546000 	 -2986963.632419 	 4.019694 	 297.647000 	 44.546000 	 -2986963.632419 	 108.440999 	 108.701081 	 300.251231
1:52:44.031 PM 2024-08-26 	 4.030194 	 297.647000 	 44.546000 	 -2985710.241490 	 4.006426 	 297.647000 	 44.546000 	 -2985710.241490 	 108.450826 	 108.699652 	 300.137627
1:52:49.187 PM 2024-08-26 	 4.024555 	 297.647000 	 44.546000 	 -2984519.742869 	 4.011513 	 297.647000 	 44.546000 	 -2984519.742869 	 108.460296 	 108.697746 	 300.029663
1:52:54.335 PM 2024-08-26 	 4.024937 	 297.647000 	 44.546000 	 -2983534.611806 	 4.012044 	 297.647000 	 44.546000 	 -2983534.611806 	 108.469826 	 108.695601 	 299.940278
1:52:59.461 PM 2024-08-26 	 4.028364 	 297.647000 	 44.546000 	 -2983202.932350 	 4.015162 	 297.647000 	 44.546000 	 -2983202.932350 	 108.478879 	 108.692802 	 299.910174
1:53:04.605 PM 2024-08-26 	 4.029914 	 297.647000 	 44.546000 	 -2983235.163253 	 4.014380 	 297.647000 	 44.546000 	 -2983235.163253 	 108.488945 	 108.690002 	 299.913099
1:53:09.762 PM 2024-08-26 	 4.034741 	 297.647000 	 44.546000 	 -2983283.934845 	 4.008079 	 297.647000 	 44.546000 	 -2983283.934845 	 108.498236 	 108.687322 	 299.917526
1:53:14.904 PM 2024-08-26 	 4.037639 	 297.647000 	 44.546000 	 -2982933.133315 	 4.008800 	 297.647000 	 44.546000 	 -2982933.133315 	 108.506575 	 108.684224 	 299.885683
1:53:20.077 PM 2024-08-26 	 4.037105 	 297.647000 	 44.546000 	 -22.458457 	 4.008053 	 297.647000 	 44.546000 	 -22.458457 	 108.516461 	 108.682080 	 299.844284
1:53:25.187 PM 2024-08-26 	 4.025273 	 297.647000 	 44.546000 	 -58.826747 	 4.015878 	 297.647000 	 44.546000 	 -58.826747 	 108.525932 	 108.679042 	 299.809522
1:53:30.386 PM 2024-08-26 	 4.025215 	 297.647000 	 44.546000 	 -75.529858 	 4.014838 	 297.647000 	 44.546000 	 -75.529858 	 108.535282 	 108.676302 	 299.777094
1:53:35.549 PM 2024-08-26 	 4.029528 	 297.647000 	 44.546000 	 -85.101351 	 4.009154 	 297.647000 	 44.546000 	 -85.101351 	 108.544872 	 108.673741 	 299.750620
1:53:40.694 PM 2024-08-26 	 4.019395 	 297.647000 	 44.546000 	 -85.178729 	 4.014310 	 297.647000 	 44.546000 	 -85.178729 	 108.554520 	 108.670881 	 299.729736
1:53:45.858 PM 2024-08-26 	 4.031793 	 297.647000 	 44.546000 	 -83.666860 	 4.016730 	 297.647000 	 44.546000 	 -83.666860 	 108.563752 	 108.668856 	 299.713902
1:53:51.025 PM 2024-08-26 	 4.038588 	 297.647000 	 44.546000 	 -90.454275 	 4.004680 	 297.647000 	 44.546000 	 -90.454275 	 108.573460 	 108.665759 	 299.700479
1:53:56.208 PM 2024-08-26 	 4.026802 	 297.647000 	 44.546000 	 -90.696848 	 4.009793 	 297.647000 	 44.546000 	 -90.696848 	 108.582871 	 108.662364 	 299.689465
1:54:01.365 PM 2024-08-26 	 4.017970 	 297.647000 	 44.546000 	 -88.879489 	 4.013200 	 297.647000 	 44.546000 	 -88.879489 	 108.591745 	 108.659921 	 299.681364
1:54:06.544 PM 2024-08-26 	 4.027555 	 297.647000 	 44.546000 	 -89.094803 	 4.015913 	 297.647000 	 44.546000 	 -89.094803 	 108.600620 	 108.658075 	 299.675163
1:54:11.692 PM 2024-08-26 	 4.028282 	 297.647000 	 44.546000 	 -84.012261 	 4.027154 	 297.647000 	 44.546000 	 -84.012261 	 108.610507 	 108.655275 	 299.670684
1:54:16.811 PM 2024-08-26 	 4.018659 	 297.647000 	 44.546000 	 -86.416763 	 4.009536 	 297.647000 	 44.546000 	 -86.416763 	 108.619619 	 108.652833 	 299.666154
1:54:21.975 PM 2024-08-26 	 4.017570 	 297.647000 	 44.546000 	 -74.202885 	 4.016885 	 297.647000 	 44.546000 	 -74.202885 	 108.629566 	 108.649795 	 299.664155
1:54:27.133 PM 2024-08-26 	 4.013058 	 297.647000 	 44.546000 	 -81.054392 	 4.017922 	 297.647000 	 44.546000 	 -81.054392 	 108.638798 	 108.647115 	 299.661853
1:54:32.305 PM 2024-08-26 	 4.041407 	 297.647000 	 44.546000 	 -69.615269 	 4.016100 	 297.647000 	 44.546000 	 -69.615269 	 108.647851 	 108.644613 	 299.660866
1:54:37.439 PM 2024-08-26 	 4.021111 	 297.647000 	 44.546000 	 -85.312787 	 4.027709 	 297.647000 	 44.546000 	 -85.312787 	 108.657321 	 108.642886 	 299.660385
1:54:42.560 PM 2024-08-26 	 4.027844 	 297.647000 	 44.546000 	 -82.311601 	 4.011542 	 297.647000 	 44.546000 	 -82.311601 	 108.666255 	 108.641456 	 299.660461
1:54:47.687 PM 2024-08-26 	 4.033615 	 297.647000 	 44.546000 	 -81.849844 	 4.008999 	 297.647000 	 44.546000 	 -81.849844 	 108.675248 	 108.639312 	 299.660942
1:54:52.816 PM 2024-08-26 	 4.041057 	 297.647000 	 44.546000 	 -82.904094 	 4.014663 	 297.647000 	 44.546000 	 -82.904094 	 108.684540 	 108.637882 	 299.662207
1:54:57.911 PM 2024-08-26 	 4.014768 	 297.647000 	 44.546000 	 -83.332365 	 4.017945 	 297.647000 	 44.546000 	 -83.332365 	 108.693295 	 108.636393 	 299.662941
1:55:03.071 PM 2024-08-26 	 4.024030 	 297.647000 	 44.546000 	 -85.845678 	 4.011881 	 297.647000 	 44.546000 	 -85.845678 	 108.702765 	 108.635380 	 299.664864
1:55:08.254 PM 2024-08-26 	 4.031598 	 297.647000 	 44.546000 	 -88.138257 	 4.015180 	 297.647000 	 44.546000 	 -88.138257 	 108.711818 	 108.633653 	 299.667040
1:55:13.440 PM 2024-08-26 	 4.037654 	 297.647000 	 44.546000 	 -79.984885 	 4.022655 	 297.647000 	 44.546000 	 -79.984885 	 108.721288 	 108.632283 	 299.669343
1:55:18.581 PM 2024-08-26 	 4.023770 	 297.647000 	 44.546000 	 -87.602965 	 4.012275 	 297.647000 	 44.546000 	 -87.602965 	 108.729686 	 108.631390 	 299.671494
1:55:23.709 PM 2024-08-26 	 4.041702 	 297.647000 	 44.546000 	 -91.462819 	 4.017084 	 297.647000 	 44.546000 	 -91.462819 	 108.738680 	 108.630079 	 299.673797
1:55:28.798 PM 2024-08-26 	 4.055703 	 297.647000 	 44.546000 	 -88.412381 	 4.010424 	 297.647000 	 44.546000 	 -88.412381 	 108.747495 	 108.629424 	 299.676353
1:55:33.922 PM 2024-08-26 	 4.031099 	 297.647000 	 44.546000 	 -73.303515 	 4.013457 	 297.647000 	 44.546000 	 -73.303515 	 108.756488 	 108.628709 	 299.679542
1:55:39.018 PM 2024-08-26 	 4.025466 	 297.647000 	 44.546000 	 -69.312969 	 4.016713 	 297.647000 	 44.546000 	 -69.312969 	 108.764886 	 108.627458 	 299.682099
1:55:44.155 PM 2024-08-26 	 4.221051 	 297.647000 	 44.546000 	 -66.622943 	 4.017495 	 297.647000 	 44.546000 	 -66.622943 	 108.773880 	 108.626565 	 299.684630
1:55:49.297 PM 2024-08-26 	 4.028232 	 297.647000 	 44.546000 	 -77.757224 	 4.016570 	 297.647000 	 44.546000 	 -77.757224 	 108.782218 	 108.625552 	 299.687237
1:55:54.414 PM 2024-08-26 	 4.033401 	 297.647000 	 44.546000 	 -82.865088 	 4.011501 	 297.647000 	 44.546000 	 -82.865088 	 108.791212 	 108.624301 	 299.688782
1:55:59.521 PM 2024-08-26 	 4.045249 	 297.647000 	 44.546000 	 -83.478507 	 4.013732 	 297.647000 	 44.546000 	 -83.478507 	 108.799967 	 108.622514 	 299.690528
1:56:04.691 PM 2024-08-26 	 4.030751 	 297.647000 	 44.546000 	 -70.829461 	 4.015443 	 297.647000 	 44.546000 	 -70.829461 	 108.808425 	 108.620787 	 299.692199
1:56:09.820 PM 2024-08-26 	 4.038322 	 297.647000 	 44.546000 	 -68.402033 	 4.010891 	 297.647000 	 44.546000 	 -68.402033 	 108.816703 	 108.618940 	 299.693541
1:56:14.990 PM 2024-08-26 	 4.033469 	 297.647000 	 44.546000 	 -73.842867 	 4.016041 	 297.647000 	 44.546000 	 -73.842867 	 108.825101 	 108.617511 	 299.695086
1:56:20.107 PM 2024-08-26 	 4.022988 	 297.647000 	 44.546000 	 -76.459240 	 4.004254 	 297.647000 	 44.546000 	 -76.459240 	 108.833797 	 108.617034 	 299.696554
1:56:25.283 PM 2024-08-26 	 4.033711 	 297.647000 	 44.546000 	 -76.026398 	 4.015787 	 297.647000 	 44.546000 	 -76.026398 	 108.842255 	 108.617153 	 299.697795
1:56:30.404 PM 2024-08-26 	 4.028726 	 297.647000 	 44.546000 	 -71.515005 	 4.008164 	 297.647000 	 44.546000 	 -71.515005 	 108.850355 	 108.616737 	 299.699340
1:56:35.520 PM 2024-08-26 	 4.024356 	 297.647000 	 44.546000 	 -57.294961 	 4.018456 	 297.647000 	 44.546000 	 -57.294961 	 108.858872 	 108.615724 	 299.700251
1:56:40.629 PM 2024-08-26 	 4.031983 	 297.647000 	 44.546000 	 -61.984048 	 4.011008 	 297.647000 	 44.546000 	 -61.984048 	 108.866257 	 108.614890 	 299.702151
1:56:45.761 PM 2024-08-26 	 4.026102 	 297.647000 	 44.546000 	 357.203935 	 4.030701 	 297.647000 	 44.546000 	 357.203935 	 108.874953 	 108.615247 	 299.703417
1:56:50.892 PM 2024-08-26 	 4.036209 	 297.647000 	 44.546000 	 370.309491 	 4.018135 	 297.647000 	 44.546000 	 370.309491 	 108.883172 	 108.614771 	 299.705012
1:56:56.051 PM 2024-08-26 	 4.031679 	 297.647000 	 44.546000 	 214.390223 	 4.011311 	 297.647000 	 44.546000 	 214.390223 	 108.891213 	 108.615247 	 299.706278
1:57:01.189 PM 2024-08-26 	 4.024333 	 297.647000 	 44.546000 	 65.189658 	 4.013819 	 297.647000 	 44.546000 	 65.189658 	 108.899432 	 108.615188 	 299.707798
1:57:06.290 PM 2024-08-26 	 4.031148 	 297.647000 	 44.546000 	 -6.173939 	 4.019679 	 297.647000 	 44.546000 	 -6.173939 	 108.907532 	 108.615069 	 299.709419
1:57:11.393 PM 2024-08-26 	 4.026563 	 297.647000 	 44.546000 	 374.623294 	 4.011174 	 297.647000 	 44.546000 	 374.623294 	 108.914858 	 108.615486 	 299.711192
1:57:16.515 PM 2024-08-26 	 4.022342 	 297.647000 	 44.546000 	 440.086035 	 4.023177 	 297.647000 	 44.546000 	 440.086035 	 108.922780 	 108.616200 	 299.712737
1:57:21.648 PM 2024-08-26 	 4.040511 	 297.647000 	 44.546000 	 222.578095 	 4.008970 	 297.647000 	 44.546000 	 222.578095 	 108.930940 	 108.616022 	 299.714308
1:57:26.810 PM 2024-08-26 	 4.035299 	 297.647000 	 44.546000 	 35.219357 	 4.022882 	 297.647000 	 44.546000 	 35.219357 	 108.938682 	 108.616379 	 299.717727
1:57:31.982 PM 2024-08-26 	 4.028504 	 297.647000 	 44.546000 	 -15.261699 	 4.011305 	 297.647000 	 44.546000 	 -15.261699 	 108.946187 	 108.615545 	 299.721097
1:57:37.130 PM 2024-08-26 	 4.039353 	 297.647000 	 44.546000 	 -45.371092 	 4.006975 	 297.647000 	 44.546000 	 -45.371092 	 108.954525 	 108.615724 	 299.727202
1:57:42.290 PM 2024-08-26 	 4.028127 	 297.647000 	 44.546000 	 -10.794935 	 4.018056 	 297.647000 	 44.546000 	 -10.794935 	 108.961494 	 108.615783 	 299.734551
1:57:47.445 PM 2024-08-26 	 24.470834 	 297.647000 	 44.546000 	 -44.911479 	 4.020891 	 297.647000 	 44.546000 	 -44.911479 	 108.969237 	 108.615307 	 299.741672
1:57:52.592 PM 2024-08-26 	 24.470834 	 297.647000 	 44.546000 	 -72.764860 	 4.011919 	 297.647000 	 44.546000 	 -72.764860 	 108.976860 	 108.615724 	 299.752775
1:57:57.722 PM 2024-08-26 	 24.470834 	 297.647000 	 44.546000 	 -41.778827 	 4.014371 	 297.647000 	 44.546000 	 -41.778827 	 108.983769 	 108.616260 	 299.770981
1:58:02.887 PM 2024-08-26 	 24.470834 	 297.647000 	 44.546000 	 -51.274804 	 4.010348 	 297.647000 	 44.546000 	 -51.274804 	 108.991572 	 108.617630 	 299.783232
1:58:08.021 PM 2024-08-26 	 4.023110 	 297.647000 	 44.546000 	 -55.988228 	 4.013916 	 297.647000 	 44.546000 	 -55.988228 	 108.999553 	 108.619477 	 299.794370
1:58:13.148 PM 2024-08-26 	 4.039478 	 297.647000 	 44.546000 	 -55.693386 	 4.022076 	 297.647000 	 44.546000 	 -55.693386 	 109.006759 	 108.621383 	 299.805156
1:58:18.285 PM 2024-08-26 	 4.024336 	 297.647000 	 44.546000 	 -61.481637 	 4.013884 	 297.647000 	 44.546000 	 -61.481637 	 109.013311 	 108.623229 	 299.814294
1:58:23.351 PM 2024-08-26 	 4.041396 	 297.647000 	 44.546000 	 -61.174188 	 4.005037 	 297.647000 	 44.546000 	 -61.174188 	 109.020875 	 108.624361 	 299.822088
1:58:28.496 PM 2024-08-26 	 4.016021 	 297.647000 	 44.546000 	 386.734462 	 4.020164 	 297.647000 	 44.546000 	 386.734462 	 109.028022 	 108.624897 	 299.829147
1:58:33.639 PM 2024-08-26 	 4.026767 	 297.647000 	 44.546000 	 183.806731 	 4.019373 	 297.647000 	 44.546000 	 183.806731 	 109.035348 	 108.625135 	 299.835953
1:58:38.773 PM 2024-08-26 	 4.031031 	 297.647000 	 44.546000 	 38.859732 	 4.023674 	 297.647000 	 44.546000 	 38.859732 	 109.042257 	 108.625612 	 299.841388
1:58:43.888 PM 2024-08-26 	 4.035383 	 297.647000 	 44.546000 	 -33.960620 	 4.020123 	 297.647000 	 44.546000 	 -33.960620 	 109.048987 	 108.626088 	 299.847027
1:58:49.068 PM 2024-08-26 	 4.036714 	 297.647000 	 44.546000 	 -61.280810 	 4.004231 	 297.647000 	 44.546000 	 -61.280810 	 109.055837 	 108.627339 	 299.852413
1:58:54.263 PM 2024-08-26 	 4.029931 	 297.647000 	 44.546000 	 -81.148292 	 4.018269 	 297.647000 	 44.546000 	 -81.148292 	 109.063282 	 108.627994 	 299.857419
1:58:59.425 PM 2024-08-26 	 4.031017 	 297.647000 	 44.546000 	 -83.477890 	 4.013174 	 297.647000 	 44.546000 	 -83.477890 	 109.069476 	 108.628828 	 299.861561
1:59:04.594 PM 2024-08-26 	 4.025156 	 297.647000 	 44.546000 	 -82.575867 	 4.010511 	 297.647000 	 44.546000 	 -82.575867 	 109.077159 	 108.630020 	 299.865779
1:59:09.735 PM 2024-08-26 	 4.021700 	 297.647000 	 44.546000 	 -74.916268 	 4.022695 	 297.647000 	 44.546000 	 -74.916268 	 109.083651 	 108.631687 	 299.870201
1:59:14.845 PM 2024-08-26 	 4.031093 	 297.647000 	 44.546000 	 -76.777936 	 4.012035 	 297.647000 	 44.546000 	 -76.777936 	 109.090679 	 108.633713 	 299.874014
1:59:20.002 PM 2024-08-26 	 4.022786 	 297.647000 	 44.546000 	 -68.016560 	 4.013212 	 297.647000 	 44.546000 	 -68.016560 	 109.097469 	 108.634070 	 299.877827
1:59:25.164 PM 2024-08-26 	 4.025261 	 297.647000 	 44.546000 	 -77.744992 	 4.019373 	 297.647000 	 44.546000 	 -77.744992 	 109.104021 	 108.634070 	 299.880954
1:59:30.295 PM 2024-08-26 	 4.029523 	 297.647000 	 44.546000 	 -70.396630 	 4.027475 	 297.647000 	 44.546000 	 -70.396630 	 109.109560 	 108.633713 	 299.884081
1:59:35.466 PM 2024-08-26 	 4.026294 	 297.647000 	 44.546000 	 -55.658177 	 4.013011 	 297.647000 	 44.546000 	 -55.658177 	 109.116588 	 108.633355 	 299.887234
1:59:40.614 PM 2024-08-26 	 4.028577 	 297.647000 	 44.546000 	 -65.059419 	 4.009962 	 297.647000 	 44.546000 	 -65.059419 	 109.123318 	 108.633534 	 299.890056
1:59:45.763 PM 2024-08-26 	 4.030258 	 297.647000 	 44.546000 	 -54.242403 	 4.013063 	 297.647000 	 44.546000 	 -54.242403 	 109.130466 	 108.633713 	 299.893133
1:59:50.939 PM 2024-08-26 	 4.028822 	 297.647000 	 44.546000 	 -56.159134 	 4.008064 	 297.647000 	 44.546000 	 -56.159134 	 109.136362 	 108.633415 	 299.895676
1:59:56.106 PM 2024-08-26 	 4.040827 	 297.647000 	 44.546000 	 -57.820220 	 4.008867 	 297.647000 	 44.546000 	 -57.820220 	 109.142318 	 108.632224 	 299.898321
2:00:01.245 PM 2024-08-26 	 4.034773 	 297.647000 	 44.546000 	 -64.693668 	 4.019379 	 297.647000 	 44.546000 	 -64.693668 	 109.148751 	 108.632819 	 299.901017
2:00:06.364 PM 2024-08-26 	 4.039026 	 297.647000 	 44.546000 	 -59.418422 	 4.010368 	 297.647000 	 44.546000 	 -59.418422 	 109.154885 	 108.631985 	 299.903306
2:00:11.490 PM 2024-08-26 	 4.024047 	 297.647000 	 44.546000 	 -61.684341 	 4.023668 	 297.647000 	 44.546000 	 -61.684341 	 109.161139 	 108.631390 	 299.905544
