Timestamp                   	PTD1 raw (mA)	PTD1 T0 (K)	PTD1 aT (PSI/K)	PTD1 adj (PSI)	PTD2 raw (mA)	PTD2 T0 (K)	PTD2 aT (PSI/K)	PTD2 adj (PSI)	RTD0 Rraw (Ohm)	RTD1 Rraw (Ohm)	DAQ thermistor T (K)
2:21:08.125 PM 2/21/2024 	 4.002959 	 297.647000 	 44.546000 	 -2957488.586939 	 4.028316 	 297.647000 	 44.546000 	 -2957488.586939 	 109.001637 	 109.592418 	 297.569136
2:21:18.625 PM 2/21/2024 	 4.008677 	 297.647000 	 44.546000 	 -2957481.996130 	 4.026786 	 297.647000 	 44.546000 	 -2957481.996130 	 109.004139 	 109.596767 	 297.568531
2:21:28.625 PM 2/21/2024 	 4.013300 	 297.647000 	 44.546000 	 -2957466.969464 	 4.028301 	 297.647000 	 44.546000 	 -2957466.969464 	 109.009082 	 109.594682 	 297.567151
2:21:39.125 PM 2/21/2024 	 4.012334 	 297.647000 	 44.546000 	 -2957457.215592 	 4.024780 	 297.647000 	 44.546000 	 -2957457.215592 	 109.011584 	 109.592359 	 297.566255
2:21:49.125 PM 2/21/2024 	 4.001013 	 297.647000 	 44.546000 	 -2957445.880288 	 4.018351 	 297.647000 	 44.546000 	 -2957445.880288 	 109.015396 	 109.588427 	 297.565213
2:21:59.125 PM 2/21/2024 	 4.002446 	 297.647000 	 44.546000 	 -2957428.482494 	 4.030824 	 297.647000 	 44.546000 	 -2957428.482494 	 109.018314 	 109.588368 	 297.563615
2:22:09.625 PM 2/21/2024 	 4.016099 	 297.647000 	 44.546000 	 -2957417.675126 	 4.033598 	 297.647000 	 44.546000 	 -2957417.675126 	 109.019088 	 109.587534 	 297.562622
2:22:20.125 PM 2/21/2024 	 4.020267 	 297.647000 	 44.546000 	 -2957407.922368 	 4.028386 	 297.647000 	 44.546000 	 -2957407.922368 	 109.013907 	 109.587891 	 297.561726
2:22:30.625 PM 2/21/2024 	 4.010026 	 297.647000 	 44.546000 	 -2957400.805630 	 4.042281 	 297.647000 	 44.546000 	 -2957400.805630 	 109.004615 	 109.592180 	 297.561073
2:22:40.625 PM 2/21/2024 	 4.003111 	 297.647000 	 44.546000 	 -2957393.425433 	 4.013793 	 297.647000 	 44.546000 	 -2957393.425433 	 108.999493 	 109.600341 	 297.560395
2:22:51.125 PM 2/21/2024 	 3.999606 	 297.647000 	 44.546000 	 -2957394.216162 	 4.028859 	 297.647000 	 44.546000 	 -2957394.216162 	 109.002948 	 109.597898 	 297.560467
2:23:01.625 PM 2/21/2024 	 4.010741 	 297.647000 	 44.546000 	 -2957388.944660 	 4.027916 	 297.647000 	 44.546000 	 -2957388.944660 	 109.003901 	 109.596231 	 297.559983
2:23:11.625 PM 2/21/2024 	 4.014552 	 297.647000 	 44.546000 	 -2957384.727505 	 4.030150 	 297.647000 	 44.546000 	 -2957384.727505 	 109.004317 	 109.601234 	 297.559596
2:23:21.625 PM 2/21/2024 	 4.005046 	 297.647000 	 44.546000 	 -2957379.192552 	 4.012181 	 297.647000 	 44.546000 	 -2957379.192552 	 108.999791 	 109.604272 	 297.559087
2:23:32.125 PM 2/21/2024 	 4.004413 	 297.647000 	 44.546000 	 -2957373.657669 	 4.021773 	 297.647000 	 44.546000 	 -2957373.657669 	 108.993061 	 109.613445 	 297.558579
2:23:42.625 PM 2/21/2024 	 4.011231 	 297.647000 	 44.546000 	 -2957364.960140 	 4.023942 	 297.647000 	 44.546000 	 -2957364.960140 	 108.985497 	 109.622261 	 297.557780
2:23:52.625 PM 2/21/2024 	 4.010481 	 297.647000 	 44.546000 	 -2957359.688995 	 4.027396 	 297.647000 	 44.546000 	 -2957359.688995 	 108.977813 	 109.627562 	 297.557295
2:24:03.125 PM 2/21/2024 	 4.012614 	 297.647000 	 44.546000 	 -2957350.464647 	 4.029568 	 297.647000 	 44.546000 	 -2957350.464647 	 108.971381 	 109.632327 	 297.556448
2:24:13.125 PM 2/21/2024 	 4.014053 	 297.647000 	 44.546000 	 -2957341.240496 	 4.022427 	 297.647000 	 44.546000 	 -2957341.240496 	 108.965603 	 109.634889 	 297.555600
2:24:23.126 PM 2/21/2024 	 4.006287 	 297.647000 	 44.546000 	 -2957340.713408 	 4.024456 	 297.647000 	 44.546000 	 -2957340.713408 	 108.961911 	 109.636020 	 297.555552
2:24:33.625 PM 2/21/2024 	 4.010049 	 297.647000 	 44.546000 	 -2957339.922776 	 4.026015 	 297.647000 	 44.546000 	 -2957339.922776 	 108.965008 	 109.631017 	 297.555479
2:24:43.625 PM 2/21/2024 	 4.016925 	 297.647000 	 44.546000 	 -2957336.496724 	 4.036442 	 297.647000 	 44.546000 	 -2957336.496724 	 108.967271 	 109.628277 	 297.555165
2:24:54.125 PM 2/21/2024 	 4.011003 	 297.647000 	 44.546000 	 -2957324.373987 	 4.026430 	 297.647000 	 44.546000 	 -2957324.373987 	 108.965544 	 109.636914 	 297.554051
2:25:04.125 PM 2/21/2024 	 4.014024 	 297.647000 	 44.546000 	 -2957303.818820 	 4.021168 	 297.647000 	 44.546000 	 -2957303.818820 	 108.968045 	 109.640190 	 297.552163
2:25:14.625 PM 2/21/2024 	 4.013341 	 297.647000 	 44.546000 	 -2957284.845688 	 4.023384 	 297.647000 	 44.546000 	 -2957284.845688 	 108.966378 	 109.633935 	 297.550420
2:25:24.626 PM 2/21/2024 	 4.015554 	 297.647000 	 44.546000 	 -2957270.616386 	 4.030917 	 297.647000 	 44.546000 	 -2957270.616386 	 108.961315 	 109.633697 	 297.549112
2:25:35.125 PM 2/21/2024 	 4.000411 	 297.647000 	 44.546000 	 -2957258.758993 	 4.027087 	 297.647000 	 44.546000 	 -2957258.758993 	 108.955180 	 109.630362 	 297.548023
2:25:45.625 PM 2/21/2024 	 4.008470 	 297.647000 	 44.546000 	 -2957246.901925 	 4.025709 	 297.647000 	 44.546000 	 -2957246.901925 	 108.947080 	 109.633757 	 297.546934
2:25:55.626 PM 2/21/2024 	 4.018624 	 297.647000 	 44.546000 	 -2957240.051324 	 4.026622 	 297.647000 	 44.546000 	 -2957240.051324 	 108.939993 	 109.634889 	 297.546304
2:26:06.125 PM 2/21/2024 	 4.012393 	 297.647000 	 44.546000 	 -2957240.314806 	 4.030964 	 297.647000 	 44.546000 	 -2957240.314806 	 108.932131 	 109.621486 	 297.546328
2:26:16.125 PM 2/21/2024 	 4.013362 	 297.647000 	 44.546000 	 -2957252.171693 	 4.027253 	 297.647000 	 44.546000 	 -2957252.171693 	 108.923018 	 109.610943 	 297.547418
2:26:26.126 PM 2/21/2024 	 4.018569 	 297.647000 	 44.546000 	 -2957270.616386 	 4.028406 	 297.647000 	 44.546000 	 -2957270.616386 	 108.916943 	 109.607012 	 297.549112
2:26:36.625 PM 2/21/2024 	 4.014433 	 297.647000 	 44.546000 	 -2957293.278088 	 4.019081 	 297.647000 	 44.546000 	 -2957293.278088 	 108.911642 	 109.602545 	 297.551194
2:26:46.626 PM 2/21/2024 	 4.018469 	 297.647000 	 44.546000 	 -2957308.298709 	 4.033347 	 297.647000 	 44.546000 	 -2957308.298709 	 108.912833 	 109.596171 	 297.552574
2:26:57.125 PM 2/21/2024 	 4.012439 	 297.647000 	 44.546000 	 -2957322.002187 	 4.028938 	 297.647000 	 44.546000 	 -2957322.002187 	 108.911702 	 109.594563 	 297.553833
2:27:07.625 PM 2/21/2024 	 4.006856 	 297.647000 	 44.546000 	 -2957334.388397 	 4.023709 	 297.647000 	 44.546000 	 -2957334.388397 	 108.916109 	 109.594741 	 297.554971
2:27:17.625 PM 2/21/2024 	 4.013099 	 297.647000 	 44.546000 	 -2957341.504040 	 4.033072 	 297.647000 	 44.546000 	 -2957341.504040 	 108.918253 	 109.591584 	 297.555625
2:27:27.626 PM 2/21/2024 	 4.009526 	 297.647000 	 44.546000 	 -2957333.597777 	 4.027776 	 297.647000 	 44.546000 	 -2957333.597777 	 108.919861 	 109.594563 	 297.554898
2:27:38.125 PM 2/21/2024 	 4.006094 	 297.647000 	 44.546000 	 -2957342.294675 	 4.017101 	 297.647000 	 44.546000 	 -2957342.294675 	 108.918492 	 109.594682 	 297.555697
2:27:48.126 PM 2/21/2024 	 4.015740 	 297.647000 	 44.546000 	 -2957341.240496 	 4.027974 	 297.647000 	 44.546000 	 -2957341.240496 	 108.916288 	 109.590512 	 297.555600
2:27:58.625 PM 2/21/2024 	 4.007752 	 297.647000 	 44.546000 	 -2957345.193679 	 4.025811 	 297.647000 	 44.546000 	 -2957345.193679 	 108.910749 	 109.590393 	 297.555964
2:28:08.625 PM 2/21/2024 	 4.018160 	 297.647000 	 44.546000 	 -2957343.612402 	 4.010009 	 297.647000 	 44.546000 	 -2957343.612402 	 108.909081 	 109.598911 	 297.555818
2:28:19.125 PM 2/21/2024 	 4.016949 	 297.647000 	 44.546000 	 -2957338.868603 	 4.027087 	 297.647000 	 44.546000 	 -2957338.868603 	 108.916764 	 109.602842 	 297.555383
2:28:29.126 PM 2/21/2024 	 4.017483 	 297.647000 	 44.546000 	 -2957328.327016 	 4.028658 	 297.647000 	 44.546000 	 -2957328.327016 	 108.921589 	 109.606714 	 297.554414
2:28:39.625 PM 2/21/2024 	 4.012667 	 297.647000 	 44.546000 	 -2957315.677450 	 4.026071 	 297.647000 	 44.546000 	 -2957315.677450 	 108.921946 	 109.607012 	 297.553252
2:28:49.625 PM 2/21/2024 	 4.008724 	 297.647000 	 44.546000 	 -2957302.764735 	 4.023136 	 297.647000 	 44.546000 	 -2957302.764735 	 108.916764 	 109.601175 	 297.552066
2:29:00.125 PM 2/21/2024 	 4.016038 	 297.647000 	 44.546000 	 -2957291.697000 	 4.014873 	 297.647000 	 44.546000 	 -2957291.697000 	 108.911761 	 109.608263 	 297.551049
2:29:10.625 PM 2/21/2024 	 4.007877 	 297.647000 	 44.546000 	 -2957282.737613 	 4.034602 	 297.647000 	 44.546000 	 -2957282.737613 	 108.908485 	 109.613564 	 297.550226
2:29:21.125 PM 2/21/2024 	 4.015700 	 297.647000 	 44.546000 	 -2957275.886443 	 4.022412 	 297.647000 	 44.546000 	 -2957275.886443 	 108.905746 	 109.610943 	 297.549596
2:29:31.625 PM 2/21/2024 	 4.007043 	 297.647000 	 44.546000 	 -2957286.690261 	 4.029782 	 297.647000 	 44.546000 	 -2957286.690261 	 108.901338 	 109.604748 	 297.550589
2:29:41.625 PM 2/21/2024 	 4.014687 	 297.647000 	 44.546000 	 -2957306.454043 	 4.030415 	 297.647000 	 44.546000 	 -2957306.454043 	 108.895680 	 109.600936 	 297.552405
2:29:52.126 PM 2/21/2024 	 4.005504 	 297.647000 	 44.546000 	 -2957355.999232 	 4.022468 	 297.647000 	 44.546000 	 -2957355.999232 	 108.888533 	 109.592061 	 297.556956
2:30:02.626 PM 2/21/2024 	 4.013151 	 297.647000 	 44.546000 	 -2957427.164508 	 4.025256 	 297.647000 	 44.546000 	 -2957427.164508 	 108.884364 	 109.588725 	 297.563494
2:30:12.626 PM 2/21/2024 	 4.005035 	 297.647000 	 44.546000 	 -2957518.378648 	 4.029563 	 297.647000 	 44.546000 	 -2957518.378648 	 108.881088 	 109.589857 	 297.571873
2:30:23.126 PM 2/21/2024 	 4.010875 	 297.647000 	 44.546000 	 -2957610.666910 	 4.021922 	 297.647000 	 44.546000 	 -2957610.666910 	 108.879480 	 109.592061 	 297.580351
2:30:33.126 PM 2/21/2024 	 4.005356 	 297.647000 	 44.546000 	 -2957685.830509 	 4.028935 	 297.647000 	 44.546000 	 -2957685.830509 	 108.879420 	 109.591525 	 297.587255
2:30:43.625 PM 2/21/2024 	 3.998079 	 297.647000 	 44.546000 	 -2957755.995021 	 4.034328 	 297.647000 	 44.546000 	 -2957755.995021 	 108.884781 	 109.594622 	 297.593699
2:30:53.626 PM 2/21/2024 	 4.014503 	 297.647000 	 44.546000 	 -2957806.119520 	 4.023236 	 297.647000 	 44.546000 	 -2957806.119520 	 108.889486 	 109.595694 	 297.598303
2:31:03.626 PM 2/21/2024 	 4.007559 	 297.647000 	 44.546000 	 -2957838.571645 	 4.025828 	 297.647000 	 44.546000 	 -2957838.571645 	 108.897884 	 109.596111 	 297.601284
2:31:14.125 PM 2/21/2024 	 4.006114 	 297.647000 	 44.546000 	 -2957859.152307 	 4.018903 	 297.647000 	 44.546000 	 -2957859.152307 	 108.910927 	 109.588308 	 297.603174
2:31:24.125 PM 2/21/2024 	 4.007550 	 297.647000 	 44.546000 	 -2957869.443006 	 4.025457 	 297.647000 	 44.546000 	 -2957869.443006 	 108.921231 	 109.586998 	 297.604119
2:31:34.625 PM 2/21/2024 	 4.011418 	 297.647000 	 44.546000 	 -2957872.873294 	 4.029510 	 297.647000 	 44.546000 	 -2957872.873294 	 108.930165 	 109.584854 	 297.604434
2:31:45.126 PM 2/21/2024 	 4.016114 	 297.647000 	 44.546000 	 -2957868.651405 	 4.023437 	 297.647000 	 44.546000 	 -2957868.651405 	 108.941065 	 109.580505 	 297.604047
2:31:55.126 PM 2/21/2024 	 4.017465 	 297.647000 	 44.546000 	 -2957855.722128 	 4.026427 	 297.647000 	 44.546000 	 -2957855.722128 	 108.945055 	 109.583781 	 297.602859
2:32:05.126 PM 2/21/2024 	 4.015174 	 297.647000 	 44.546000 	 -2957844.112496 	 4.028976 	 297.647000 	 44.546000 	 -2957844.112496 	 108.950833 	 109.592418 	 297.601793
2:32:15.626 PM 2/21/2024 	 3.996576 	 297.647000 	 44.546000 	 -2957826.434792 	 4.028698 	 297.647000 	 44.546000 	 -2957826.434792 	 108.955300 	 109.591406 	 297.600169
2:32:25.626 PM 2/21/2024 	 4.006786 	 297.647000 	 44.546000 	 -2957801.370633 	 4.030678 	 297.647000 	 44.546000 	 -2957801.370633 	 108.959707 	 109.601055 	 297.597867
2:32:36.126 PM 2/21/2024 	 4.013493 	 297.647000 	 44.546000 	 -2957776.044122 	 4.028935 	 297.647000 	 44.546000 	 -2957776.044122 	 108.961434 	 109.602783 	 297.595541
2:32:46.626 PM 2/21/2024 	 4.015702 	 297.647000 	 44.546000 	 -2957749.663920 	 4.019650 	 297.647000 	 44.546000 	 -2957749.663920 	 108.965842 	 109.601949 	 297.593118
2:32:57.125 PM 2/21/2024 	 4.019030 	 297.647000 	 44.546000 	 -2957735.419282 	 4.038445 	 297.647000 	 44.546000 	 -2957735.419282 	 108.976265 	 109.599804 	 297.591809
2:33:07.126 PM 2/21/2024 	 4.018274 	 297.647000 	 44.546000 	 -2957738.848504 	 4.032520 	 297.647000 	 44.546000 	 -2957738.848504 	 108.984544 	 109.605701 	 297.592124
2:33:17.626 PM 2/21/2024 	 4.011803 	 297.647000 	 44.546000 	 -2957748.344952 	 4.034599 	 297.647000 	 44.546000 	 -2957748.344952 	 108.991691 	 109.603081 	 297.592997
2:33:28.125 PM 2/21/2024 	 4.009681 	 297.647000 	 44.546000 	 -2957748.608745 	 4.027236 	 297.647000 	 44.546000 	 -2957748.608745 	 108.996039 	 109.610407 	 297.593021
2:33:38.125 PM 2/21/2024 	 4.005723 	 297.647000 	 44.546000 	 -2957745.443237 	 4.024716 	 297.647000 	 44.546000 	 -2957745.443237 	 108.993716 	 109.615351 	 297.592730
2:33:48.126 PM 2/21/2024 	 4.013756 	 297.647000 	 44.546000 	 -2957734.364142 	 4.024675 	 297.647000 	 44.546000 	 -2957734.364142 	 108.992584 	 109.617674 	 297.591713
2:33:58.625 PM 2/21/2024 	 4.014955 	 297.647000 	 44.546000 	 -2957724.340444 	 4.034488 	 297.647000 	 44.546000 	 -2957724.340444 	 108.991572 	 109.613564 	 297.590792
2:34:08.626 PM 2/21/2024 	 4.010411 	 297.647000 	 44.546000 	 -2957704.557514 	 4.031528 	 297.647000 	 44.546000 	 -2957704.557514 	 108.989547 	 109.612432 	 297.588975
2:34:18.626 PM 2/21/2024 	 4.011596 	 297.647000 	 44.546000 	 -2957684.247982 	 4.033344 	 297.647000 	 44.546000 	 -2957684.247982 	 108.991036 	 109.610586 	 297.587109
2:34:29.125 PM 2/21/2024 	 4.004209 	 297.647000 	 44.546000 	 -2957663.148183 	 4.012088 	 297.647000 	 44.546000 	 -2957663.148183 	 108.994133 	 109.611658 	 297.585171
2:34:39.126 PM 2/21/2024 	 4.012746 	 297.647000 	 44.546000 	 -2957641.521960 	 4.020438 	 297.647000 	 44.546000 	 -2957641.521960 	 108.995145 	 109.607608 	 297.583185
2:34:49.626 PM 2/21/2024 	 3.993199 	 297.647000 	 44.546000 	 -2957622.270260 	 4.021887 	 297.647000 	 44.546000 	 -2957622.270260 	 108.998838 	 109.604510 	 297.581416
2:34:59.626 PM 2/21/2024 	 4.001115 	 297.647000 	 44.546000 	 -2957603.283122 	 4.023819 	 297.647000 	 44.546000 	 -2957603.283122 	 109.002352 	 109.607310 	 297.579672
2:35:10.125 PM 2/21/2024 	 4.007553 	 297.647000 	 44.546000 	 -2957584.033128 	 4.029989 	 297.647000 	 44.546000 	 -2957584.033128 	 109.004198 	 109.607846 	 297.577904
2:35:20.125 PM 2/21/2024 	 4.014771 	 297.647000 	 44.546000 	 -2957569.793958 	 4.030608 	 297.647000 	 44.546000 	 -2957569.793958 	 108.999791 	 109.605642 	 297.576596
2:35:30.126 PM 2/21/2024 	 4.010805 	 297.647000 	 44.546000 	 -2957558.983051 	 4.033747 	 297.647000 	 44.546000 	 -2957558.983051 	 108.997766 	 109.606416 	 297.575603
2:35:40.626 PM 2/21/2024 	 4.007553 	 297.647000 	 44.546000 	 -2957550.281786 	 4.024547 	 297.647000 	 44.546000 	 -2957550.281786 	 108.997289 	 109.605344 	 297.574804
2:35:51.126 PM 2/21/2024 	 4.013458 	 297.647000 	 44.546000 	 -2957550.018114 	 4.025799 	 297.647000 	 44.546000 	 -2957550.018114 	 108.997885 	 109.609573 	 297.574779
2:36:01.625 PM 2/21/2024 	 4.006427 	 297.647000 	 44.546000 	 -2957551.072803 	 4.023095 	 297.647000 	 44.546000 	 -2957551.072803 	 109.004317 	 109.621546 	 297.574876
2:36:11.625 PM 2/21/2024 	 4.008595 	 297.647000 	 44.546000 	 -2957545.535715 	 4.022695 	 297.647000 	 44.546000 	 -2957545.535715 	 109.011405 	 109.623512 	 297.574368
2:36:21.626 PM 2/21/2024 	 4.010239 	 297.647000 	 44.546000 	 -2957537.098385 	 4.022675 	 297.647000 	 44.546000 	 -2957537.098385 	 109.015038 	 109.625299 	 297.573593
2:36:31.626 PM 2/21/2024 	 4.007314 	 297.647000 	 44.546000 	 -2957523.124420 	 4.019358 	 297.647000 	 44.546000 	 -2957523.124420 	 109.020875 	 109.625477 	 297.572309
2:36:41.626 PM 2/21/2024 	 4.015918 	 297.647000 	 44.546000 	 -2957505.987156 	 4.031522 	 297.647000 	 44.546000 	 -2957505.987156 	 109.024985 	 109.622975 	 297.570735
2:36:52.126 PM 2/21/2024 	 4.009740 	 297.647000 	 44.546000 	 -2957487.796036 	 4.024257 	 297.647000 	 44.546000 	 -2957487.796036 	 109.023198 	 109.617436 	 297.569064
2:37:02.625 PM 2/21/2024 	 4.020971 	 297.647000 	 44.546000 	 -2957474.614545 	 4.021878 	 297.647000 	 44.546000 	 -2957474.614545 	 109.021054 	 109.622499 	 297.567853
2:37:12.626 PM 2/21/2024 	 4.017378 	 297.647000 	 44.546000 	 -2957462.224309 	 4.036085 	 297.647000 	 44.546000 	 -2957462.224309 	 109.023079 	 109.617078 	 297.566715
2:37:22.626 PM 2/21/2024 	 4.013023 	 297.647000 	 44.546000 	 -2957450.361652 	 4.029434 	 297.647000 	 44.546000 	 -2957450.361652 	 109.028856 	 109.616542 	 297.565625
2:37:33.126 PM 2/21/2024 	 4.015656 	 297.647000 	 44.546000 	 -2957442.453394 	 4.027312 	 297.647000 	 44.546000 	 -2957442.453394 	 109.033204 	 109.611360 	 297.564898
2:37:43.127 PM 2/21/2024 	 4.013227 	 297.647000 	 44.546000 	 -2957418.993083 	 4.031644 	 297.647000 	 44.546000 	 -2957418.993083 	 109.037909 	 109.604868 	 297.562743
2:37:53.626 PM 2/21/2024 	 4.006059 	 297.647000 	 44.546000 	 -2957406.868029 	 4.022433 	 297.647000 	 44.546000 	 -2957406.868029 	 109.037314 	 109.609335 	 297.561629
2:38:04.126 PM 2/21/2024 	 4.010843 	 297.647000 	 44.546000 	 -2957395.270470 	 4.027495 	 297.647000 	 44.546000 	 -2957395.270470 	 109.039815 	 109.612730 	 297.560564
2:38:14.126 PM 2/21/2024 	 4.006961 	 297.647000 	 44.546000 	 -2957382.091804 	 4.024488 	 297.647000 	 44.546000 	 -2957382.091804 	 109.041245 	 109.612968 	 297.559353
2:38:24.626 PM 2/21/2024 	 4.005650 	 297.647000 	 44.546000 	 -2957382.355374 	 4.022879 	 297.647000 	 44.546000 	 -2957382.355374 	 109.039517 	 109.622439 	 297.559378
2:38:34.626 PM 2/21/2024 	 3.999702 	 297.647000 	 44.546000 	 -2957382.091804 	 4.019069 	 297.647000 	 44.546000 	 -2957382.091804 	 109.039101 	 109.632268 	 297.559353
2:38:44.626 PM 2/21/2024 	 4.008236 	 297.647000 	 44.546000 	 -2957378.665417 	 4.036249 	 297.647000 	 44.546000 	 -2957378.665417 	 109.036063 	 109.634233 	 297.559039
2:38:54.626 PM 2/21/2024 	 4.006669 	 297.647000 	 44.546000 	 -2957375.502622 	 4.022033 	 297.647000 	 44.546000 	 -2957375.502622 	 109.035944 	 109.636199 	 297.558748
2:39:05.126 PM 2/21/2024 	 4.014547 	 297.647000 	 44.546000 	 -2957369.177102 	 4.015016 	 297.647000 	 44.546000 	 -2957369.177102 	 109.038326 	 109.629409 	 297.558167
2:39:15.626 PM 2/21/2024 	 4.015872 	 297.647000 	 44.546000 	 -2957366.805056 	 4.035548 	 297.647000 	 44.546000 	 -2957366.805056 	 109.039696 	 109.630600 	 297.557949
2:39:25.626 PM 2/21/2024 	 4.015390 	 297.647000 	 44.546000 	 -2957371.549161 	 4.017612 	 297.647000 	 44.546000 	 -2957371.549161 	 109.041781 	 109.622856 	 297.558385
2:39:36.126 PM 2/21/2024 	 4.002688 	 297.647000 	 44.546000 	 -2957359.425440 	 4.031034 	 297.647000 	 44.546000 	 -2957359.425440 	 109.044223 	 109.622022 	 297.557271
2:39:46.625 PM 2/21/2024 	 4.018353 	 297.647000 	 44.546000 	 -2957350.464647 	 4.027230 	 297.647000 	 44.546000 	 -2957350.464647 	 109.045295 	 109.621725 	 297.556448
2:39:57.126 PM 2/21/2024 	 4.031075 	 297.647000 	 44.546000 	 -2957336.496724 	 4.037516 	 297.647000 	 44.546000 	 -2957336.496724 	 109.041900 	 109.621010 	 297.555165
2:40:07.626 PM 2/21/2024 	 3.997825 	 297.647000 	 44.546000 	 -2957323.583385 	 4.025154 	 297.647000 	 44.546000 	 -2957323.583385 	 109.041483 	 109.624465 	 297.553978
2:40:17.626 PM 2/21/2024 	 4.012772 	 297.647000 	 44.546000 	 -2957310.406908 	 4.027627 	 297.647000 	 44.546000 	 -2957310.406908 	 109.045533 	 109.623928 	 297.552768
2:40:27.626 PM 2/21/2024 	 4.018490 	 297.647000 	 44.546000 	 -2957295.913247 	 4.038754 	 297.647000 	 44.546000 	 -2957295.913247 	 109.047677 	 109.625596 	 297.551436
2:40:37.626 PM 2/21/2024 	 4.018128 	 297.647000 	 44.546000 	 -2957280.102535 	 4.027849 	 297.647000 	 44.546000 	 -2957280.102535 	 109.050357 	 109.626847 	 297.549984
2:40:48.126 PM 2/21/2024 	 4.005131 	 297.647000 	 44.546000 	 -2957257.178032 	 4.020725 	 297.647000 	 44.546000 	 -2957257.178032 	 109.056909 	 109.620235 	 297.547878
2:40:58.626 PM 2/21/2024 	 4.021230 	 297.647000 	 44.546000 	 -2957235.045183 	 4.023589 	 297.647000 	 44.546000 	 -2957235.045183 	 109.058696 	 109.620235 	 297.545844
2:41:09.126 PM 2/21/2024 	 4.014377 	 297.647000 	 44.546000 	 -2957211.069211 	 4.036652 	 297.647000 	 44.546000 	 -2957211.069211 	 109.063580 	 109.627681 	 297.543642
2:41:19.626 PM 2/21/2024 	 4.017074 	 297.647000 	 44.546000 	 -2957175.502914 	 4.024979 	 297.647000 	 44.546000 	 -2957175.502914 	 109.066855 	 109.620295 	 297.540374
2:41:29.626 PM 2/21/2024 	 3.997554 	 297.647000 	 44.546000 	 -2957150.476534 	 4.030602 	 297.647000 	 44.546000 	 -2957150.476534 	 109.064711 	 109.610228 	 297.538075
2:41:40.126 PM 2/21/2024 	 4.007066 	 297.647000 	 44.546000 	 -2957137.041918 	 4.022395 	 297.647000 	 44.546000 	 -2957137.041918 	 109.058636 	 109.606952 	 297.536840
2:41:50.626 PM 2/21/2024 	 4.010542 	 297.647000 	 44.546000 	 -2957129.139398 	 4.032693 	 297.647000 	 44.546000 	 -2957129.139398 	 109.052204 	 109.611896 	 297.536114
2:42:00.626 PM 2/21/2024 	 4.009570 	 297.647000 	 44.546000 	 -2957123.607720 	 4.026123 	 297.647000 	 44.546000 	 -2957123.607720 	 109.050179 	 109.610884 	 297.535606
2:42:11.126 PM 2/21/2024 	 4.022850 	 297.647000 	 44.546000 	 -2957117.285889 	 4.030982 	 297.647000 	 44.546000 	 -2957117.285889 	 109.046962 	 109.616542 	 297.535025
2:42:21.626 PM 2/21/2024 	 4.013192 	 297.647000 	 44.546000 	 -2957107.276512 	 4.033104 	 297.647000 	 44.546000 	 -2957107.276512 	 109.039637 	 109.613326 	 297.534106
2:42:32.126 PM 2/21/2024 	 4.014847 	 297.647000 	 44.546000 	 -2957097.794159 	 4.020307 	 297.647000 	 44.546000 	 -2957097.794159 	 109.035944 	 109.614338 	 297.533234
2:42:42.126 PM 2/21/2024 	 4.021268 	 297.647000 	 44.546000 	 -2957087.521845 	 4.027817 	 297.647000 	 44.546000 	 -2957087.521845 	 109.039696 	 109.610288 	 297.532291
2:42:52.626 PM 2/21/2024 	 4.010799 	 297.647000 	 44.546000 	 -2957071.982141 	 4.029163 	 297.647000 	 44.546000 	 -2957071.982141 	 109.040411 	 109.607905 	 297.530863
2:43:02.626 PM 2/21/2024 	 4.016712 	 297.647000 	 44.546000 	 -2957055.389515 	 4.022336 	 297.647000 	 44.546000 	 -2957055.389515 	 109.042376 	 109.606118 	 297.529338
2:43:13.126 PM 2/21/2024 	 4.019926 	 297.647000 	 44.546000 	 -2957030.896804 	 4.024006 	 297.647000 	 44.546000 	 -2957030.896804 	 109.044461 	 109.606476 	 297.527088
2:43:23.626 PM 2/21/2024 	 4.010256 	 297.647000 	 44.546000 	 -2957008.775549 	 4.030923 	 297.647000 	 44.546000 	 -2957008.775549 	 109.049166 	 109.617555 	 297.525055
2:43:34.126 PM 2/21/2024 	 4.010023 	 297.647000 	 44.546000 	 -2956988.762056 	 4.032520 	 297.647000 	 44.546000 	 -2956988.762056 	 109.049107 	 109.615470 	 297.523216
2:43:44.626 PM 2/21/2024 	 4.011123 	 297.647000 	 44.546000 	 -2956974.542506 	 4.015790 	 297.647000 	 44.546000 	 -2956974.542506 	 109.048273 	 109.611598 	 297.521910
2:43:54.626 PM 2/21/2024 	 4.019304 	 297.647000 	 44.546000 	 -2956956.637072 	 4.030500 	 297.647000 	 44.546000 	 -2956956.637072 	 109.046605 	 109.604570 	 297.520265
2:44:04.626 PM 2/21/2024 	 4.007244 	 297.647000 	 44.546000 	 -2956940.838775 	 4.028217 	 297.647000 	 44.546000 	 -2956940.838775 	 109.051072 	 109.602545 	 297.518813
2:44:15.126 PM 2/21/2024 	 4.011537 	 297.647000 	 44.546000 	 -2956925.567637 	 4.025396 	 297.647000 	 44.546000 	 -2956925.567637 	 109.052144 	 109.600102 	 297.517410
2:44:25.626 PM 2/21/2024 	 4.017956 	 297.647000 	 44.546000 	 -2956918.195557 	 4.010167 	 297.647000 	 44.546000 	 -2956918.195557 	 109.049643 	 109.599268 	 297.516733
2:44:36.626 PM 2/21/2024 	 4.011777 	 297.647000 	 44.546000 	 -2956909.243915 	 4.035685 	 297.647000 	 44.546000 	 -2956909.243915 	 109.050536 	 109.603200 	 297.515910
2:44:46.627 PM 2/21/2024 	 4.012965 	 297.647000 	 44.546000 	 -2956902.398666 	 4.022800 	 297.647000 	 44.546000 	 -2956902.398666 	 109.051013 	 109.597064 	 297.515281
2:44:57.626 PM 2/21/2024 	 4.014050 	 297.647000 	 44.546000 	 -2956885.812552 	 4.024926 	 297.647000 	 44.546000 	 -2956885.812552 	 109.053216 	 109.595218 	 297.513757
2:45:07.626 PM 2/21/2024 	 4.009410 	 297.647000 	 44.546000 	 -2956871.333132 	 4.030526 	 297.647000 	 44.546000 	 -2956871.333132 	 109.054765 	 109.593729 	 297.512426
2:45:17.626 PM 2/21/2024 	 4.021511 	 297.647000 	 44.546000 	 -2956842.638986 	 4.020400 	 297.647000 	 44.546000 	 -2956842.638986 	 109.057326 	 109.594444 	 297.509790
2:45:28.626 PM 2/21/2024 	 4.012871 	 297.647000 	 44.546000 	 -2956808.155883 	 4.020885 	 297.647000 	 44.546000 	 -2956808.155883 	 109.056849 	 109.592418 	 297.506621
2:45:38.626 PM 2/21/2024 	 4.008067 	 297.647000 	 44.546000 	 -2956784.993205 	 4.016249 	 297.647000 	 44.546000 	 -2956784.993205 	 109.055777 	 109.586045 	 297.504493
2:45:48.626 PM 2/21/2024 	 4.001882 	 297.647000 	 44.546000 	 -2956757.883920 	 4.027040 	 297.647000 	 44.546000 	 -2956757.883920 	 109.053276 	 109.590453 	 297.502002
2:45:59.626 PM 2/21/2024 	 4.013204 	 297.647000 	 44.546000 	 -2956728.670963 	 4.025881 	 297.647000 	 44.546000 	 -2956728.670963 	 109.054110 	 109.584556 	 297.499317
2:46:09.627 PM 2/21/2024 	 4.014444 	 297.647000 	 44.546000 	 -2956693.933800 	 4.019177 	 297.647000 	 44.546000 	 -2956693.933800 	 109.060066 	 109.578837 	 297.496125
2:46:20.126 PM 2/21/2024 	 4.011940 	 297.647000 	 44.546000 	 -2956664.988296 	 4.021808 	 297.647000 	 44.546000 	 -2956664.988296 	 109.064771 	 109.577050 	 297.493465
2:46:30.126 PM 2/21/2024 	 4.019281 	 297.647000 	 44.546000 	 -2956632.887367 	 4.024932 	 297.647000 	 44.546000 	 -2956632.887367 	 109.067808 	 109.581458 	 297.490515
2:46:40.626 PM 2/21/2024 	 4.004492 	 297.647000 	 44.546000 	 -2956594.211544 	 4.028196 	 297.647000 	 44.546000 	 -2956594.211544 	 109.067987 	 109.581458 	 297.486961
2:46:51.626 PM 2/21/2024 	 4.004576 	 297.647000 	 44.546000 	 -2956555.802246 	 4.016371 	 297.647000 	 44.546000 	 -2956555.802246 	 109.067630 	 109.577825 	 297.483431
2:47:01.627 PM 2/21/2024 	 4.007869 	 297.647000 	 44.546000 	 -2956514.765943 	 4.029171 	 297.647000 	 44.546000 	 -2956514.765943 	 109.069536 	 109.577408 	 297.479660
2:47:12.626 PM 2/21/2024 	 4.009494 	 297.647000 	 44.546000 	 -2956470.840369 	 4.016289 	 297.647000 	 44.546000 	 -2956470.840369 	 109.067511 	 109.576336 	 297.475623
2:47:23.626 PM 2/21/2024 	 4.018977 	 297.647000 	 44.546000 	 -2956430.075115 	 4.022555 	 297.647000 	 44.546000 	 -2956430.075115 	 109.066022 	 109.585449 	 297.471876
2:47:33.626 PM 2/21/2024 	 4.012772 	 297.647000 	 44.546000 	 -2956399.043497 	 4.034561 	 297.647000 	 44.546000 	 -2956399.043497 	 109.061436 	 109.583484 	 297.469024
2:47:43.627 PM 2/21/2024 	 4.009941 	 297.647000 	 44.546000 	 -2956388.261845 	 4.035227 	 297.647000 	 44.546000 	 -2956388.261845 	 109.053693 	 109.582173 	 297.468033
2:47:54.626 PM 2/21/2024 	 4.004381 	 297.647000 	 44.546000 	 -2956378.795251 	 4.023370 	 297.647000 	 44.546000 	 -2956378.795251 	 109.048392 	 109.591584 	 297.467163
2:48:05.126 PM 2/21/2024 	 4.004751 	 297.647000 	 44.546000 	 -2956368.540007 	 4.029125 	 297.647000 	 44.546000 	 -2956368.540007 	 109.047022 	 109.593133 	 297.466220
2:48:15.626 PM 2/21/2024 	 4.015022 	 297.647000 	 44.546000 	 -2956351.711417 	 4.027577 	 297.647000 	 44.546000 	 -2956351.711417 	 109.046367 	 109.592716 	 297.464674
2:48:26.126 PM 2/21/2024 	 4.016905 	 297.647000 	 44.546000 	 -2956328.573173 	 4.029183 	 297.647000 	 44.546000 	 -2956328.573173 	 109.045831 	 109.581339 	 297.462547
2:48:37.127 PM 2/21/2024 	 4.018933 	 297.647000 	 44.546000 	 -2956315.164075 	 4.025031 	 297.647000 	 44.546000 	 -2956315.164075 	 109.038743 	 109.569664 	 297.461315
2:48:47.626 PM 2/21/2024 	 4.004144 	 297.647000 	 44.546000 	 -2956310.694468 	 4.024336 	 297.647000 	 44.546000 	 -2956310.694468 	 109.033800 	 109.571213 	 297.460904
2:48:58.126 PM 2/21/2024 	 4.015443 	 297.647000 	 44.546000 	 -2956306.224908 	 4.029119 	 297.647000 	 44.546000 	 -2956306.224908 	 109.027903 	 109.573894 	 297.460493
2:49:09.126 PM 2/21/2024 	 4.009556 	 297.647000 	 44.546000 	 -2956315.689914 	 4.031440 	 297.647000 	 44.546000 	 -2956315.689914 	 109.021113 	 109.573536 	 297.461363
2:49:20.126 PM 2/21/2024 	 4.010770 	 297.647000 	 44.546000 	 -2956319.633728 	 4.023227 	 297.647000 	 44.546000 	 -2956319.633728 	 109.015634 	 109.582828 	 297.461725
2:49:30.126 PM 2/21/2024 	 4.012857 	 297.647000 	 44.546000 	 -2956308.854056 	 4.033820 	 297.647000 	 44.546000 	 -2956308.854056 	 109.015634 	 109.582947 	 297.460735
2:49:40.126 PM 2/21/2024 	 4.008630 	 297.647000 	 44.546000 	 -2956293.342315 	 4.026716 	 297.647000 	 44.546000 	 -2956293.342315 	 109.015753 	 109.577884 	 297.459309
2:49:50.127 PM 2/21/2024 	 4.024675 	 297.647000 	 44.546000 	 -2956273.361908 	 4.019811 	 297.647000 	 44.546000 	 -2956273.361908 	 109.017182 	 109.573119 	 297.457472
2:50:01.126 PM 2/21/2024 	 4.013452 	 297.647000 	 44.546000 	 -2956241.290027 	 4.027043 	 297.647000 	 44.546000 	 -2956241.290027 	 109.016885 	 109.565376 	 297.454525
2:50:11.126 PM 2/21/2024 	 4.006217 	 297.647000 	 44.546000 	 -2956210.534800 	 4.023729 	 297.647000 	 44.546000 	 -2956210.534800 	 109.016766 	 109.559419 	 297.451698
2:50:21.127 PM 2/21/2024 	 4.008505 	 297.647000 	 44.546000 	 -2956174.262212 	 4.017037 	 297.647000 	 44.546000 	 -2956174.262212 	 109.018910 	 109.560134 	 297.448364
2:50:31.627 PM 2/21/2024 	 4.017407 	 297.647000 	 44.546000 	 -2956130.108381 	 4.026050 	 297.647000 	 44.546000 	 -2956130.108381 	 109.022066 	 109.552807 	 297.444305
2:50:42.627 PM 2/21/2024 	 4.005610 	 297.647000 	 44.546000 	 -2956083.331259 	 4.023370 	 297.647000 	 44.546000 	 -2956083.331259 	 109.028558 	 109.551259 	 297.440005
2:50:53.626 PM 2/21/2024 	 4.018770 	 297.647000 	 44.546000 	 -2956028.414010 	 4.023355 	 297.647000 	 44.546000 	 -2956028.414010 	 109.033681 	 109.541549 	 297.434957
2:51:03.627 PM 2/21/2024 	 4.015145 	 297.647000 	 44.546000 	 -2955981.385156 	 4.019968 	 297.647000 	 44.546000 	 -2955981.385156 	 109.033621 	 109.535057 	 297.430634
2:51:13.627 PM 2/21/2024 	 4.018452 	 297.647000 	 44.546000 	 -2955948.284108 	 4.035811 	 297.647000 	 44.546000 	 -2955948.284108 	 109.032549 	 109.533866 	 297.427591
2:51:24.626 PM 2/21/2024 	 4.016569 	 297.647000 	 44.546000 	 -2955912.558833 	 4.035291 	 297.647000 	 44.546000 	 -2955912.558833 	 109.032370 	 109.532019 	 297.424307
2:51:35.627 PM 2/21/2024 	 4.022737 	 297.647000 	 44.546000 	 -2955884.190860 	 4.025443 	 297.647000 	 44.546000 	 -2955884.190860 	 109.029214 	 109.534997 	 297.421699
2:51:45.627 PM 2/21/2024 	 4.012953 	 297.647000 	 44.546000 	 -2955859.764372 	 4.029615 	 297.647000 	 44.546000 	 -2955859.764372 	 109.030226 	 109.538690 	 297.419454
2:51:56.627 PM 2/21/2024 	 4.016152 	 297.647000 	 44.546000 	 -2955838.228181 	 4.027434 	 297.647000 	 44.546000 	 -2955838.228181 	 109.030464 	 109.541728 	 297.417474
2:52:07.627 PM 2/21/2024 	 4.013516 	 297.647000 	 44.546000 	 -2955817.743529 	 4.031291 	 297.647000 	 44.546000 	 -2955817.743529 	 109.028797 	 109.544468 	 297.415591
2:52:17.627 PM 2/21/2024 	 4.017010 	 297.647000 	 44.546000 	 -2955808.552013 	 4.019457 	 297.647000 	 44.546000 	 -2955808.552013 	 109.024747 	 109.545123 	 297.414746
2:52:28.627 PM 2/21/2024 	 4.003628 	 297.647000 	 44.546000 	 -2955786.755769 	 4.023674 	 297.647000 	 44.546000 	 -2955786.755769 	 109.025878 	 109.544111 	 297.412742
2:52:38.627 PM 2/21/2024 	 4.025162 	 297.647000 	 44.546000 	 -2955772.838259 	 4.021729 	 297.647000 	 44.546000 	 -2955772.838259 	 109.024568 	 109.544885 	 297.411462
2:52:49.626 PM 2/21/2024 	 4.009754 	 297.647000 	 44.546000 	 -2955743.954288 	 4.024590 	 297.647000 	 44.546000 	 -2955743.954288 	 109.026593 	 109.548697 	 297.408807
2:52:59.628 PM 2/21/2024 	 4.018148 	 297.647000 	 44.546000 	 -2955720.585938 	 4.023735 	 297.647000 	 44.546000 	 -2955720.585938 	 109.025580 	 109.547446 	 297.406658
2:53:10.627 PM 2/21/2024 	 4.004299 	 297.647000 	 44.546000 	 -2955688.817507 	 4.025095 	 297.647000 	 44.546000 	 -2955688.817507 	 109.025283 	 109.549293 	 297.403738
2:53:20.627 PM 2/21/2024 	 4.015279 	 297.647000 	 44.546000 	 -2955659.939135 	 4.028336 	 297.647000 	 44.546000 	 -2955659.939135 	 109.023258 	 109.554654 	 297.401083
2:53:31.626 PM 2/21/2024 	 4.000385 	 297.647000 	 44.546000 	 -2955636.837823 	 4.028260 	 297.647000 	 44.546000 	 -2955636.837823 	 109.022900 	 109.561980 	 297.398959
2:53:42.626 PM 2/21/2024 	 4.009880 	 297.647000 	 44.546000 	 -2955616.362689 	 4.036132 	 297.647000 	 44.546000 	 -2955616.362689 	 109.017718 	 109.577289 	 297.397076
2:53:52.627 PM 2/21/2024 	 4.017751 	 297.647000 	 44.546000 	 -2955603.500600 	 4.027709 	 297.647000 	 44.546000 	 -2955603.500600 	 109.012477 	 109.583960 	 297.395893
2:54:03.627 PM 2/21/2024 	 4.015606 	 297.647000 	 44.546000 	 -2955601.400703 	 4.032786 	 297.647000 	 44.546000 	 -2955601.400703 	 109.006700 	 109.591704 	 297.395700
2:54:13.627 PM 2/21/2024 	 4.012361 	 297.647000 	 44.546000 	 -2955600.875731 	 4.025831 	 297.647000 	 44.546000 	 -2955600.875731 	 109.005806 	 109.600817 	 297.395652
2:54:24.627 PM 2/21/2024 	 4.011797 	 297.647000 	 44.546000 	 -2955591.951294 	 4.030672 	 297.647000 	 44.546000 	 -2955591.951294 	 109.012120 	 109.597362 	 297.394832
2:54:35.627 PM 2/21/2024 	 4.008949 	 297.647000 	 44.546000 	 -2955574.365442 	 4.022768 	 297.647000 	 44.546000 	 -2955574.365442 	 109.013668 	 109.596409 	 297.393215
2:54:46.626 PM 2/21/2024 	 4.007005 	 297.647000 	 44.546000 	 -2955555.992926 	 4.038147 	 297.647000 	 44.546000 	 -2955555.992926 	 109.014085 	 109.599864 	 297.391525
2:54:56.627 PM 2/21/2024 	 4.004235 	 297.647000 	 44.546000 	 -2955531.322486 	 4.036088 	 297.647000 	 44.546000 	 -2955531.322486 	 109.016170 	 109.592657 	 297.389257
2:55:06.627 PM 2/21/2024 	 4.013274 	 297.647000 	 44.546000 	 -2955512.426928 	 4.023399 	 297.647000 	 44.546000 	 -2955512.426928 	 109.018255 	 109.601115 	 297.387520
2:55:17.627 PM 2/21/2024 	 4.002265 	 297.647000 	 44.546000 	 -2955488.808639 	 4.022657 	 297.647000 	 44.546000 	 -2955488.808639 	 109.023674 	 109.601294 	 297.385348
2:55:27.628 PM 2/21/2024 	 4.014494 	 297.647000 	 44.546000 	 -2955463.092409 	 4.027647 	 297.647000 	 44.546000 	 -2955463.092409 	 109.027844 	 109.593908 	 297.382984
2:55:38.626 PM 2/21/2024 	 4.017623 	 297.647000 	 44.546000 	 -2955432.917146 	 4.027525 	 297.647000 	 44.546000 	 -2955432.917146 	 109.030464 	 109.594801 	 297.380209
2:55:48.627 PM 2/21/2024 	 4.015533 	 297.647000 	 44.546000 	 -2955415.337743 	 4.019542 	 297.647000 	 44.546000 	 -2955415.337743 	 109.032370 	 109.590036 	 297.378593
2:55:59.627 PM 2/21/2024 	 4.013715 	 297.647000 	 44.546000 	 -2955388.051724 	 4.021271 	 297.647000 	 44.546000 	 -2955388.051724 	 109.038088 	 109.582352 	 297.376084
2:56:10.627 PM 2/21/2024 	 4.007083 	 297.647000 	 44.546000 	 -2955358.144021 	 4.017516 	 297.647000 	 44.546000 	 -2955358.144021 	 109.039101 	 109.573536 	 297.373334
2:56:21.627 PM 2/21/2024 	 4.013443 	 297.647000 	 44.546000 	 -2955326.926776 	 4.018365 	 297.647000 	 44.546000 	 -2955326.926776 	 109.043329 	 109.569247 	 297.370463
2:56:31.627 PM 2/21/2024 	 4.007066 	 297.647000 	 44.546000 	 -2955299.121711 	 4.020278 	 297.647000 	 44.546000 	 -2955299.121711 	 109.047618 	 109.565376 	 297.367906
2:56:42.627 PM 2/21/2024 	 4.006488 	 297.647000 	 44.546000 	 -2955268.695568 	 4.018938 	 297.647000 	 44.546000 	 -2955268.695568 	 109.047796 	 109.561802 	 297.365108
2:56:52.627 PM 2/21/2024 	 4.004162 	 297.647000 	 44.546000 	 -2955241.156503 	 4.019203 	 297.647000 	 44.546000 	 -2955241.156503 	 109.050357 	 109.562993 	 297.362576
2:57:03.627 PM 2/21/2024 	 4.006961 	 297.647000 	 44.546000 	 -2955207.325188 	 4.027463 	 297.647000 	 44.546000 	 -2955207.325188 	 109.061257 	 109.552271 	 297.359465
2:57:14.627 PM 2/21/2024 	 4.006485 	 297.647000 	 44.546000 	 -2955171.398695 	 4.029168 	 297.647000 	 44.546000 	 -2955171.398695 	 109.066915 	 109.545481 	 297.356161
2:57:25.627 PM 2/21/2024 	 4.016131 	 297.647000 	 44.546000 	 -2955147.536756 	 4.024564 	 297.647000 	 44.546000 	 -2955147.536756 	 109.064473 	 109.540477 	 297.353967
2:57:36.627 PM 2/21/2024 	 4.000910 	 297.647000 	 44.546000 	 -2955142.292550 	 4.029712 	 297.647000 	 44.546000 	 -2955142.292550 	 109.060721 	 109.546553 	 297.353484
2:57:47.627 PM 2/21/2024 	 4.012743 	 297.647000 	 44.546000 	 -2955138.097231 	 4.034205 	 297.647000 	 44.546000 	 -2955138.097231 	 109.062627 	 109.548102 	 297.353099
2:57:58.627 PM 2/21/2024 	 4.016975 	 297.647000 	 44.546000 	 -2955131.279923 	 4.025922 	 297.647000 	 44.546000 	 -2955131.279923 	 109.067094 	 109.544170 	 297.352472
2:58:08.627 PM 2/21/2024 	 4.015440 	 297.647000 	 44.546000 	 -2955128.395710 	 4.026231 	 297.647000 	 44.546000 	 -2955128.395710 	 109.067094 	 109.546017 	 297.352206
2:58:19.627 PM 2/21/2024 	 4.011870 	 297.647000 	 44.546000 	 -2955133.901952 	 4.022459 	 297.647000 	 44.546000 	 -2955133.901952 	 109.064830 	 109.556858 	 297.352713
2:58:30.627 PM 2/21/2024 	 4.017705 	 297.647000 	 44.546000 	 -2955141.243716 	 4.018736 	 297.647000 	 44.546000 	 -2955141.243716 	 109.068106 	 109.556322 	 297.353388
2:58:41.627 PM 2/21/2024 	 4.015122 	 297.647000 	 44.546000 	 -2955147.536756 	 4.023469 	 297.647000 	 44.546000 	 -2955147.536756 	 109.064890 	 109.554952 	 297.353967
2:58:51.627 PM 2/21/2024 	 4.003817 	 297.647000 	 44.546000 	 -2955163.794198 	 4.029566 	 297.647000 	 44.546000 	 -2955163.794198 	 109.064950 	 109.557751 	 297.355462
2:59:02.627 PM 2/21/2024 	 4.006943 	 297.647000 	 44.546000 	 -2955166.678647 	 4.020698 	 297.647000 	 44.546000 	 -2955166.678647 	 109.067511 	 109.569486 	 297.355727
2:59:12.627 PM 2/21/2024 	 4.006357 	 297.647000 	 44.546000 	 -2955174.283194 	 4.037983 	 297.647000 	 44.546000 	 -2955174.283194 	 109.073586 	 109.571987 	 297.356426
2:59:23.627 PM 2/21/2024 	 4.012147 	 297.647000 	 44.546000 	 -2955168.776440 	 4.020257 	 297.647000 	 44.546000 	 -2955168.776440 	 109.080673 	 109.569307 	 297.355920
2:59:33.627 PM 2/21/2024 	 4.009483 	 297.647000 	 44.546000 	 -2955167.989766 	 4.028006 	 297.647000 	 44.546000 	 -2955167.989766 	 109.081209 	 109.568056 	 297.355848
2:59:44.627 PM 2/21/2024 	 4.017051 	 297.647000 	 44.546000 	 -2955162.220871 	 4.032950 	 297.647000 	 44.546000 	 -2955162.220871 	 109.081209 	 109.573834 	 297.355317
2:59:54.628 PM 2/21/2024 	 4.004317 	 297.647000 	 44.546000 	 -2955162.220871 	 4.019781 	 297.647000 	 44.546000 	 -2955162.220871 	 109.082818 	 109.574549 	 297.355317
3:00:05.627 PM 2/21/2024 	 4.007574 	 297.647000 	 44.546000 	 -2955152.518811 	 4.028252 	 297.647000 	 44.546000 	 -2955152.518811 	 109.085438 	 109.573596 	 297.354425
3:00:16.627 PM 2/21/2024 	 4.013487 	 297.647000 	 44.546000 	 -2955133.377545 	 4.019781 	 297.647000 	 44.546000 	 -2955133.377545 	 109.086332 	 109.567639 	 297.352665
3:00:26.627 PM 2/21/2024 	 4.011713 	 297.647000 	 44.546000 	 -2955127.346910 	 4.030444 	 297.647000 	 44.546000 	 -2955127.346910 	 109.085200 	 109.570439 	 297.352110
3:00:37.627 PM 2/21/2024 	 3.998155 	 297.647000 	 44.546000 	 -2955121.054163 	 4.028751 	 297.647000 	 44.546000 	 -2955121.054163 	 109.083592 	 109.567520 	 297.351531
3:00:47.627 PM 2/21/2024 	 4.016167 	 297.647000 	 44.546000 	 -2955111.353023 	 4.032018 	 297.647000 	 44.546000 	 -2955111.353023 	 109.084366 	 109.563708 	 297.350639
3:00:58.628 PM 2/21/2024 	 4.012355 	 297.647000 	 44.546000 	 -2955097.194992 	 4.020167 	 297.647000 	 44.546000 	 -2955097.194992 	 109.088416 	 109.559538 	 297.349337
3:01:09.627 PM 2/21/2024 	 4.015370 	 297.647000 	 44.546000 	 -2955079.367017 	 4.022707 	 297.647000 	 44.546000 	 -2955079.367017 	 109.087165 	 109.562100 	 297.347697
3:01:20.627 PM 2/21/2024 	 4.012851 	 297.647000 	 44.546000 	 -2955074.910138 	 4.019729 	 297.647000 	 44.546000 	 -2955074.910138 	 109.082639 	 109.564423 	 297.347288
3:01:31.628 PM 2/21/2024 	 4.014488 	 297.647000 	 44.546000 	 -2955075.696643 	 4.029058 	 297.647000 	 44.546000 	 -2955075.696643 	 109.084366 	 109.565316 	 297.347360
3:01:42.627 PM 2/21/2024 	 4.014795 	 297.647000 	 44.546000 	 -2955074.123635 	 4.019130 	 297.647000 	 44.546000 	 -2955074.123635 	 109.089548 	 109.570439 	 297.347215
3:01:52.627 PM 2/21/2024 	 4.016362 	 297.647000 	 44.546000 	 -2955077.269657 	 4.028453 	 297.647000 	 44.546000 	 -2955077.269657 	 109.090203 	 109.576276 	 297.347505
3:02:03.627 PM 2/21/2024 	 4.015650 	 297.647000 	 44.546000 	 -2955077.531826 	 4.023431 	 297.647000 	 44.546000 	 -2955077.531826 	 109.089429 	 109.575502 	 297.347529
3:02:13.627 PM 2/21/2024 	 4.009777 	 297.647000 	 44.546000 	 -2955075.434474 	 4.026217 	 297.647000 	 44.546000 	 -2955075.434474 	 109.088416 	 109.578301 	 297.347336
3:02:23.627 PM 2/21/2024 	 4.011070 	 297.647000 	 44.546000 	 -2955072.550632 	 4.018386 	 297.647000 	 44.546000 	 -2955072.550632 	 109.091692 	 109.581935 	 297.347071
3:02:34.627 PM 2/21/2024 	 4.018192 	 297.647000 	 44.546000 	 -2955066.258680 	 4.019016 	 297.647000 	 44.546000 	 -2955066.258680 	 109.097588 	 109.584198 	 297.346492
3:02:45.627 PM 2/21/2024 	 4.023171 	 297.647000 	 44.546000 	 -2955064.685706 	 4.023084 	 297.647000 	 44.546000 	 -2955064.685706 	 109.098899 	 109.587594 	 297.346347
3:02:56.627 PM 2/21/2024 	 4.008493 	 297.647000 	 44.546000 	 -2955071.764133 	 4.024444 	 297.647000 	 44.546000 	 -2955071.764133 	 109.094789 	 109.585390 	 297.346998
3:03:07.627 PM 2/21/2024 	 4.012705 	 297.647000 	 44.546000 	 -2955084.086116 	 4.023779 	 297.647000 	 44.546000 	 -2955084.086116 	 109.095921 	 109.583722 	 297.348131
3:03:17.628 PM 2/21/2024 	 4.012404 	 297.647000 	 44.546000 	 -2955088.018737 	 4.018970 	 297.647000 	 44.546000 	 -2955088.018737 	 109.096695 	 109.580922 	 297.348493
3:03:27.628 PM 2/21/2024 	 4.009229 	 297.647000 	 44.546000 	 -2955085.921335 	 4.031373 	 297.647000 	 44.546000 	 -2955085.921335 	 109.096755 	 109.582888 	 297.348300
3:03:38.627 PM 2/21/2024 	 4.012895 	 297.647000 	 44.546000 	 -2955083.823942 	 4.020389 	 297.647000 	 44.546000 	 -2955083.823942 	 109.102234 	 109.581399 	 297.348107
3:03:48.628 PM 2/21/2024 	 4.020965 	 297.647000 	 44.546000 	 -2955069.404645 	 4.024876 	 297.647000 	 44.546000 	 -2955069.404645 	 109.104081 	 109.578063 	 297.346781
3:03:59.627 PM 2/21/2024 	 4.002230 	 297.647000 	 44.546000 	 -2955058.656025 	 4.033253 	 297.647000 	 44.546000 	 -2955058.656025 	 109.104855 	 109.572821 	 297.345793
3:04:09.628 PM 2/21/2024 	 4.014760 	 297.647000 	 44.546000 	 -2955045.024013 	 4.031020 	 297.647000 	 44.546000 	 -2955045.024013 	 109.107178 	 109.566924 	 297.344539
3:04:20.628 PM 2/21/2024 	 4.005198 	 297.647000 	 44.546000 	 -2955026.149626 	 4.026549 	 297.647000 	 44.546000 	 -2955026.149626 	 109.109143 	 109.565852 	 297.342803
3:04:31.627 PM 2/21/2024 	 3.993996 	 297.647000 	 44.546000 	 -2955011.470114 	 4.030179 	 297.647000 	 44.546000 	 -2955011.470114 	 109.112240 	 109.565852 	 297.341453
3:04:42.128 PM 2/21/2024 	 4.011823 	 297.647000 	 44.546000 	 -2954992.597186 	 4.023472 	 297.647000 	 44.546000 	 -2954992.597186 	 109.117184 	 109.565793 	 297.339718
3:04:52.128 PM 2/21/2024 	 4.003712 	 297.647000 	 44.546000 	 -2954973.725078 	 4.021925 	 297.647000 	 44.546000 	 -2954973.725078 	 109.123557 	 109.565912 	 297.337982
3:05:02.128 PM 2/21/2024 	 4.023560 	 297.647000 	 44.546000 	 -2954948.563544 	 4.023510 	 297.647000 	 44.546000 	 -2954948.563544 	 109.128024 	 109.564959 	 297.335668
3:05:13.127 PM 2/21/2024 	 4.008190 	 297.647000 	 44.546000 	 -2954932.052079 	 4.023989 	 297.647000 	 44.546000 	 -2954932.052079 	 109.131359 	 109.576395 	 297.334149
3:05:23.127 PM 2/21/2024 	 4.010755 	 297.647000 	 44.546000 	 -2954915.279171 	 4.027933 	 297.647000 	 44.546000 	 -2954915.279171 	 109.129394 	 109.583007 	 297.332607
3:05:33.128 PM 2/21/2024 	 4.013458 	 297.647000 	 44.546000 	 -2954903.486108 	 4.038436 	 297.647000 	 44.546000 	 -2954903.486108 	 109.127011 	 109.579314 	 297.331522
3:05:43.128 PM 2/21/2024 	 4.018893 	 297.647000 	 44.546000 	 -2954900.341345 	 4.031315 	 297.647000 	 44.546000 	 -2954900.341345 	 109.125046 	 109.586104 	 297.331233
3:05:53.128 PM 2/21/2024 	 4.015527 	 297.647000 	 44.546000 	 -2954891.955423 	 4.015778 	 297.647000 	 44.546000 	 -2954891.955423 	 109.129036 	 109.582173 	 297.330461
3:06:03.128 PM 2/21/2024 	 4.009167 	 297.647000 	 44.546000 	 -2954879.376843 	 4.026132 	 297.647000 	 44.546000 	 -2954879.376843 	 109.128977 	 109.583781 	 297.329305
3:06:14.128 PM 2/21/2024 	 4.019076 	 297.647000 	 44.546000 	 -2954863.654130 	 4.025411 	 297.647000 	 44.546000 	 -2954863.654130 	 109.125463 	 109.582590 	 297.327858
3:06:25.128 PM 2/21/2024 	 4.008266 	 297.647000 	 44.546000 	 -2954841.643288 	 4.030030 	 297.647000 	 44.546000 	 -2954841.643288 	 109.124152 	 109.581399 	 297.325834
3:06:36.129 PM 2/21/2024 	 4.014605 	 297.647000 	 44.546000 	 -2954822.777740 	 4.026529 	 297.647000 	 44.546000 	 -2954822.777740 	 109.122306 	 109.574787 	 297.324099
3:06:47.128 PM 2/21/2024 	 4.004792 	 297.647000 	 44.546000 	 -2954826.445977 	 4.025294 	 297.647000 	 44.546000 	 -2954826.445977 	 109.115218 	 109.574727 	 297.324436
3:06:57.628 PM 2/21/2024 	 4.012819 	 297.647000 	 44.546000 	 -2954839.023024 	 4.025644 	 297.647000 	 44.546000 	 -2954839.023024 	 109.112240 	 109.583484 	 297.325593
3:07:07.629 PM 2/21/2024 	 4.011920 	 297.647000 	 44.546000 	 -2954852.124502 	 4.028809 	 297.647000 	 44.546000 	 -2954852.124502 	 109.111168 	 109.583722 	 297.326798
3:07:17.629 PM 2/21/2024 	 4.008902 	 297.647000 	 44.546000 	 -2954861.295772 	 4.024973 	 297.647000 	 44.546000 	 -2954861.295772 	 109.107416 	 109.577467 	 297.327642
3:07:28.629 PM 2/21/2024 	 4.000963 	 297.647000 	 44.546000 	 -2954867.060669 	 4.019927 	 297.647000 	 44.546000 	 -2954867.060669 	 109.104438 	 109.562219 	 297.328172
3:07:39.128 PM 2/21/2024 	 4.008053 	 297.647000 	 44.546000 	 -2954868.632927 	 4.020120 	 297.647000 	 44.546000 	 -2954868.632927 	 109.101103 	 109.556143 	 297.328316
3:07:49.629 PM 2/21/2024 	 4.013575 	 297.647000 	 44.546000 	 -2954871.253370 	 4.014686 	 297.647000 	 44.546000 	 -2954871.253370 	 109.097767 	 109.554654 	 297.328557
3:08:00.628 PM 2/21/2024 	 4.022232 	 297.647000 	 44.546000 	 -2954867.584755 	 4.017595 	 297.647000 	 44.546000 	 -2954867.584755 	 109.098184 	 109.564899 	 297.328220
3:08:10.629 PM 2/21/2024 	 4.020632 	 297.647000 	 44.546000 	 -2954858.937427 	 4.030322 	 297.647000 	 44.546000 	 -2954858.937427 	 109.099554 	 109.568890 	 297.327425
3:08:20.629 PM 2/21/2024 	 3.999845 	 297.647000 	 44.546000 	 -2954850.028239 	 4.021052 	 297.647000 	 44.546000 	 -2954850.028239 	 109.100507 	 109.565554 	 297.326605
3:08:31.129 PM 2/21/2024 	 4.015802 	 297.647000 	 44.546000 	 -2954833.520521 	 4.037046 	 297.647000 	 44.546000 	 -2954833.520521 	 109.100686 	 109.563112 	 297.325087
3:08:41.129 PM 2/21/2024 	 4.005087 	 297.647000 	 44.546000 	 -2954819.371548 	 4.034383 	 297.647000 	 44.546000 	 -2954819.371548 	 109.098482 	 109.561921 	 297.323786
3:08:51.130 PM 2/21/2024 	 4.019147 	 297.647000 	 44.546000 	 -2954807.581090 	 4.034123 	 297.647000 	 44.546000 	 -2954807.581090 	 109.099018 	 109.557037 	 297.322701
3:09:01.629 PM 2/21/2024 	 4.015002 	 297.647000 	 44.546000 	 -2954793.432962 	 4.021653 	 297.647000 	 44.546000 	 -2954793.432962 	 109.096457 	 109.568056 	 297.321400
3:09:12.130 PM 2/21/2024 	 4.015419 	 297.647000 	 44.546000 	 -2954786.883059 	 4.025998 	 297.647000 	 44.546000 	 -2954786.883059 	 109.091930 	 109.565078 	 297.320797
3:09:22.629 PM 2/21/2024 	 4.003491 	 297.647000 	 44.546000 	 -2954796.838951 	 4.032561 	 297.647000 	 44.546000 	 -2954796.838951 	 109.088476 	 109.568652 	 297.321713
3:09:33.629 PM 2/21/2024 	 4.012591 	 297.647000 	 44.546000 	 -2954823.563789 	 4.030509 	 297.647000 	 44.546000 	 -2954823.563789 	 109.089131 	 109.566031 	 297.324171
3:09:44.130 PM 2/21/2024 	 4.014500 	 297.647000 	 44.546000 	 -2954850.814337 	 4.025075 	 297.647000 	 44.546000 	 -2954850.814337 	 109.091692 	 109.558943 	 297.326678
3:09:54.130 PM 2/21/2024 	 3.997892 	 297.647000 	 44.546000 	 -2954875.708159 	 4.031752 	 297.647000 	 44.546000 	 -2954875.708159 	 109.093360 	 109.558168 	 297.328967
3:10:05.130 PM 2/21/2024 	 4.016149 	 297.647000 	 44.546000 	 -2954895.100125 	 4.017317 	 297.647000 	 44.546000 	 -2954895.100125 	 109.098303 	 109.558883 	 297.330751
3:10:15.630 PM 2/21/2024 	 4.014789 	 297.647000 	 44.546000 	 -2954916.589531 	 4.017008 	 297.647000 	 44.546000 	 -2954916.589531 	 109.102651 	 109.555845 	 297.332727
3:10:25.630 PM 2/21/2024 	 4.015749 	 297.647000 	 44.546000 	 -2954927.334633 	 4.019533 	 297.647000 	 44.546000 	 -2954927.334633 	 109.102651 	 109.549889 	 297.333715
3:10:37.130 PM 2/21/2024 	 4.003666 	 297.647000 	 44.546000 	 -2954952.232843 	 4.029977 	 297.647000 	 44.546000 	 -2954952.232843 	 109.097708 	 109.555726 	 297.336005
3:10:47.630 PM 2/21/2024 	 4.022132 	 297.647000 	 44.546000 	 -2954979.229358 	 4.015892 	 297.647000 	 44.546000 	 -2954979.229358 	 109.098303 	 109.560372 	 297.338488
3:10:57.630 PM 2/21/2024 	 4.004775 	 297.647000 	 44.546000 	 -2955004.130544 	 4.027706 	 297.647000 	 44.546000 	 -2955004.130544 	 109.099494 	 109.562278 	 297.340778
3:11:08.130 PM 2/21/2024 	 4.014024 	 297.647000 	 44.546000 	 -2955031.392429 	 4.017174 	 297.647000 	 44.546000 	 -2955031.392429 	 109.095385 	 109.564006 	 297.343285
3:11:19.130 PM 2/21/2024 	 4.014015 	 297.647000 	 44.546000 	 -2955054.461514 	 4.031650 	 297.647000 	 44.546000 	 -2955054.461514 	 109.088654 	 109.581994 	 297.345407
3:11:30.130 PM 2/21/2024 	 4.014891 	 297.647000 	 44.546000 	 -2955073.337133 	 4.028284 	 297.647000 	 44.546000 	 -2955073.337133 	 109.088416 	 109.588308 	 297.347143
3:11:40.630 PM 2/21/2024 	 4.007606 	 297.647000 	 44.546000 	 -2955084.610463 	 4.036874 	 297.647000 	 44.546000 	 -2955084.610463 	 109.089607 	 109.590631 	 297.348180
3:11:50.630 PM 2/21/2024 	 4.012594 	 297.647000 	 44.546000 	 -2955092.475751 	 4.023303 	 297.647000 	 44.546000 	 -2955092.475751 	 109.085974 	 109.591108 	 297.348903
3:12:00.630 PM 2/21/2024 	 4.004786 	 297.647000 	 44.546000 	 -2955098.243719 	 4.029601 	 297.647000 	 44.546000 	 -2955098.243719 	 109.083771 	 109.586045 	 297.349433
3:12:11.130 PM 2/21/2024 	 4.009935 	 297.647000 	 44.546000 	 -2955107.944566 	 4.020053 	 297.647000 	 44.546000 	 -2955107.944566 	 109.083175 	 109.580565 	 297.350326
3:12:21.630 PM 2/21/2024 	 4.002825 	 297.647000 	 44.546000 	 -2955115.285891 	 4.023665 	 297.647000 	 44.546000 	 -2955115.285891 	 109.078529 	 109.575561 	 297.351001
3:12:32.131 PM 2/21/2024 	 3.996036 	 297.647000 	 44.546000 	 -2955122.627341 	 4.023180 	 297.647000 	 44.546000 	 -2955122.627341 	 109.075313 	 109.587653 	 297.351676
3:12:43.130 PM 2/21/2024 	 4.009322 	 297.647000 	 44.546000 	 -2955137.835024 	 4.020649 	 297.647000 	 44.546000 	 -2955137.835024 	 109.068583 	 109.590274 	 297.353074
3:12:53.630 PM 2/21/2024 	 4.005674 	 297.647000 	 44.546000 	 -2955162.220871 	 4.019551 	 297.647000 	 44.546000 	 -2955162.220871 	 109.066439 	 109.595158 	 297.355317
3:13:03.631 PM 2/21/2024 	 4.017352 	 297.647000 	 44.546000 	 -2955192.377308 	 4.031262 	 297.647000 	 44.546000 	 -2955192.377308 	 109.073109 	 109.594086 	 297.358090
3:13:14.131 PM 2/21/2024 	 4.004401 	 297.647000 	 44.546000 	 -2955222.011326 	 4.025104 	 297.647000 	 44.546000 	 -2955222.011326 	 109.077159 	 109.587355 	 297.360815
3:13:25.631 PM 2/21/2024 	 4.010574 	 297.647000 	 44.546000 	 -2955240.894235 	 4.024257 	 297.647000 	 44.546000 	 -2955240.894235 	 109.080673 	 109.586224 	 297.362552
3:13:36.131 PM 2/21/2024 	 3.998894 	 297.647000 	 44.546000 	 -2955265.285875 	 4.017694 	 297.647000 	 44.546000 	 -2955265.285875 	 109.081388 	 109.584079 	 297.364795
3:13:47.131 PM 2/21/2024 	 4.015189 	 297.647000 	 44.546000 	 -2955291.514975 	 4.027805 	 297.647000 	 44.546000 	 -2955291.514975 	 109.081924 	 109.587296 	 297.367207
3:13:58.131 PM 2/21/2024 	 4.013794 	 297.647000 	 44.546000 	 -2955320.631133 	 4.017501 	 297.647000 	 44.546000 	 -2955320.631133 	 109.083056 	 109.585628 	 297.369884
3:14:08.132 PM 2/21/2024 	 4.018802 	 297.647000 	 44.546000 	 -2955347.388246 	 4.026722 	 297.647000 	 44.546000 	 -2955347.388246 	 109.082639 	 109.589440 	 297.372345
3:14:19.631 PM 2/21/2024 	 4.008458 	 297.647000 	 44.546000 	 -2955376.245805 	 4.026041 	 297.647000 	 44.546000 	 -2955376.245805 	 109.082222 	 109.589142 	 297.374998
3:14:30.631 PM 2/21/2024 	 4.017328 	 297.647000 	 44.546000 	 -2955418.748616 	 4.032687 	 297.647000 	 44.546000 	 -2955418.748616 	 109.081031 	 109.594265 	 297.378906
3:14:41.131 PM 2/21/2024 	 4.018107 	 297.647000 	 44.546000 	 -2955456.532391 	 4.022036 	 297.647000 	 44.546000 	 -2955456.532391 	 109.079065 	 109.596290 	 297.382380
3:14:52.131 PM 2/21/2024 	 4.009077 	 297.647000 	 44.546000 	 -2955493.794615 	 4.030932 	 297.647000 	 44.546000 	 -2955493.794615 	 109.080435 	 109.597541 	 297.385807
3:15:03.131 PM 2/21/2024 	 4.017051 	 297.647000 	 44.546000 	 -2955536.046504 	 4.026117 	 297.647000 	 44.546000 	 -2955536.046504 	 109.081626 	 109.607429 	 297.389692
3:15:13.632 PM 2/21/2024 	 4.005983 	 297.647000 	 44.546000 	 -2955578.564984 	 4.016713 	 297.647000 	 44.546000 	 -2955578.564984 	 109.087761 	 109.608382 	 297.393601
3:15:23.632 PM 2/21/2024 	 4.012460 	 297.647000 	 44.546000 	 -2955599.563302 	 4.014806 	 297.647000 	 44.546000 	 -2955599.563302 	 109.096040 	 109.606655 	 297.395531
3:15:35.131 PM 2/21/2024 	 4.013125 	 297.647000 	 44.546000 	 -2955639.200400 	 4.027218 	 297.647000 	 44.546000 	 -2955639.200400 	 109.104378 	 109.605821 	 297.399176
3:15:45.632 PM 2/21/2024 	 4.012466 	 297.647000 	 44.546000 	 -2955674.640611 	 4.022275 	 297.647000 	 44.546000 	 -2955674.640611 	 109.107654 	 109.613385 	 297.402434
3:15:56.131 PM 2/21/2024 	 4.016330 	 297.647000 	 44.546000 	 -2955706.933104 	 4.028596 	 297.647000 	 44.546000 	 -2955706.933104 	 109.114623 	 109.611658 	 297.405403
3:16:06.631 PM 2/21/2024 	 4.009310 	 297.647000 	 44.546000 	 -2955732.926370 	 4.037172 	 297.647000 	 44.546000 	 -2955732.926370 	 109.118613 	 109.607905 	 297.407793
3:16:17.132 PM 2/21/2024 	 4.010691 	 297.647000 	 44.546000 	 -2955759.971525 	 4.023732 	 297.647000 	 44.546000 	 -2955759.971525 	 109.119447 	 109.609514 	 297.410279
3:16:27.632 PM 2/21/2024 	 4.009979 	 297.647000 	 44.546000 	 -2955788.068765 	 4.018438 	 297.647000 	 44.546000 	 -2955788.068765 	 109.119923 	 109.610824 	 297.412862
3:16:38.132 PM 2/21/2024 	 4.025460 	 297.647000 	 44.546000 	 -2955818.006147 	 4.033440 	 297.647000 	 44.546000 	 -2955818.006147 	 109.115933 	 109.608620 	 297.415615
3:16:48.632 PM 2/21/2024 	 4.015011 	 297.647000 	 44.546000 	 -2955846.895056 	 4.014307 	 297.647000 	 44.546000 	 -2955846.895056 	 109.110811 	 109.603498 	 297.418270
3:16:58.632 PM 2/21/2024 	 4.007638 	 297.647000 	 44.546000 	 -2955883.402887 	 4.016418 	 297.647000 	 44.546000 	 -2955883.402887 	 109.107416 	 109.599268 	 297.421627
3:17:09.132 PM 2/21/2024 	 4.022083 	 297.647000 	 44.546000 	 -2955925.430100 	 4.031954 	 297.647000 	 44.546000 	 -2955925.430100 	 109.101222 	 109.600102 	 297.425490
3:17:19.632 PM 2/21/2024 	 4.013000 	 297.647000 	 44.546000 	 -2955989.792174 	 4.031326 	 297.647000 	 44.546000 	 -2955989.792174 	 109.097529 	 109.605880 	 297.431407
3:17:29.633 PM 2/21/2024 	 4.023317 	 297.647000 	 44.546000 	 -2956035.770941 	 4.031861 	 297.647000 	 44.546000 	 -2956035.770941 	 109.093777 	 109.607488 	 297.435633
3:17:40.133 PM 2/21/2024 	 4.012722 	 297.647000 	 44.546000 	 -2956078.864046 	 4.026885 	 297.647000 	 44.546000 	 -2956078.864046 	 109.096219 	 109.610705 	 297.439595
3:17:50.632 PM 2/21/2024 	 4.006713 	 297.647000 	 44.546000 	 -2956112.237873 	 4.025586 	 297.647000 	 44.546000 	 -2956112.237873 	 109.098363 	 109.606238 	 297.442662
3:18:01.132 PM 2/21/2024 	 4.004133 	 297.647000 	 44.546000 	 -2956142.460487 	 4.023125 	 297.647000 	 44.546000 	 -2956142.460487 	 109.095444 	 109.608084 	 297.445441
3:18:11.632 PM 2/21/2024 	 4.008522 	 297.647000 	 44.546000 	 -2956157.966822 	 4.032231 	 297.647000 	 44.546000 	 -2956157.966822 	 109.095027 	 109.610467 	 297.446866
3:18:22.132 PM 2/21/2024 	 4.011295 	 297.647000 	 44.546000 	 -2956181.358784 	 4.033317 	 297.647000 	 44.546000 	 -2956181.358784 	 109.090739 	 109.618270 	 297.449016
3:18:32.632 PM 2/21/2024 	 4.014179 	 297.647000 	 44.546000 	 -2956204.489157 	 4.016062 	 297.647000 	 44.546000 	 -2956204.489157 	 109.085438 	 109.616840 	 297.451142
3:18:43.132 PM 2/21/2024 	 4.008622 	 297.647000 	 44.546000 	 -2956246.810428 	 4.027968 	 297.647000 	 44.546000 	 -2956246.810428 	 109.081209 	 109.622439 	 297.455032
3:18:53.633 PM 2/21/2024 	 4.009920 	 297.647000 	 44.546000 	 -2956286.769711 	 4.032488 	 297.647000 	 44.546000 	 -2956286.769711 	 109.079720 	 109.624762 	 297.458705
3:19:04.133 PM 2/21/2024 	 4.008166 	 297.647000 	 44.546000 	 -2956320.685418 	 4.027399 	 297.647000 	 44.546000 	 -2956320.685418 	 109.078410 	 109.622558 	 297.461822
3:19:14.633 PM 2/21/2024 	 4.007317 	 297.647000 	 44.546000 	 -2956345.663802 	 4.027522 	 297.647000 	 44.546000 	 -2956345.663802 	 109.075432 	 109.621248 	 297.464118
3:19:25.133 PM 2/21/2024 	 4.016073 	 297.647000 	 44.546000 	 -2956371.695441 	 4.020908 	 297.647000 	 44.546000 	 -2956371.695441 	 109.073824 	 109.620474 	 297.466510
3:19:35.633 PM 2/21/2024 	 4.001229 	 297.647000 	 44.546000 	 -2956385.369253 	 4.022529 	 297.647000 	 44.546000 	 -2956385.369253 	 109.075432 	 109.626549 	 297.467767
3:19:46.133 PM 2/21/2024 	 4.010621 	 297.647000 	 44.546000 	 -2956398.517556 	 4.018774 	 297.647000 	 44.546000 	 -2956398.517556 	 109.077576 	 109.625656 	 297.468976
3:19:56.633 PM 2/21/2024 	 4.013983 	 297.647000 	 44.546000 	 -2956402.199153 	 4.029215 	 297.647000 	 44.546000 	 -2956402.199153 	 109.081090 	 109.623869 	 297.469314
3:20:07.133 PM 2/21/2024 	 4.003981 	 297.647000 	 44.546000 	 -2956396.939739 	 4.029513 	 297.647000 	 44.546000 	 -2956396.939739 	 109.080376 	 109.624822 	 297.468831
3:20:17.633 PM 2/21/2024 	 4.015913 	 297.647000 	 44.546000 	 -2956390.628526 	 4.025043 	 297.647000 	 44.546000 	 -2956390.628526 	 109.073586 	 109.628336 	 297.468251
3:20:28.133 PM 2/21/2024 	 4.012401 	 297.647000 	 44.546000 	 -2956395.624895 	 4.016485 	 297.647000 	 44.546000 	 -2956395.624895 	 109.067689 	 109.628753 	 297.468710
3:20:38.634 PM 2/21/2024 	 4.017299 	 297.647000 	 44.546000 	 -2956392.206321 	 4.023951 	 297.647000 	 44.546000 	 -2956392.206321 	 109.068821 	 109.622797 	 297.468396
3:20:49.134 PM 2/21/2024 	 4.013081 	 297.647000 	 44.546000 	 -2956383.528522 	 4.029837 	 297.647000 	 44.546000 	 -2956383.528522 	 109.066915 	 109.616066 	 297.467598
3:20:59.634 PM 2/21/2024 	 4.014938 	 297.647000 	 44.546000 	 -2956370.906580 	 4.025887 	 297.647000 	 44.546000 	 -2956370.906580 	 109.065962 	 109.616364 	 297.466438
3:21:10.134 PM 2/21/2024 	 4.003266 	 297.647000 	 44.546000 	 -2956356.707336 	 4.026295 	 297.647000 	 44.546000 	 -2956356.707336 	 109.062269 	 109.619402 	 297.465133
3:21:20.633 PM 2/21/2024 	 4.016242 	 297.647000 	 44.546000 	 -2956351.974358 	 4.019314 	 297.647000 	 44.546000 	 -2956351.974358 	 109.056671 	 109.619223 	 297.464698
3:21:31.134 PM 2/21/2024 	 4.013248 	 297.647000 	 44.546000 	 -2956358.022061 	 4.016917 	 297.647000 	 44.546000 	 -2956358.022061 	 109.057266 	 109.623988 	 297.465254
3:21:41.634 PM 2/21/2024 	 4.012620 	 297.647000 	 44.546000 	 -2956372.747257 	 4.035472 	 297.647000 	 44.546000 	 -2956372.747257 	 109.059947 	 109.623750 	 297.466607
3:21:52.133 PM 2/21/2024 	 4.013271 	 297.647000 	 44.546000 	 -2956381.424840 	 4.014485 	 297.647000 	 44.546000 	 -2956381.424840 	 109.066915 	 109.628158 	 297.467405
3:22:02.634 PM 2/21/2024 	 4.014523 	 297.647000 	 44.546000 	 -2956391.680389 	 4.020076 	 297.647000 	 44.546000 	 -2956391.680389 	 109.071263 	 109.623750 	 297.468347
3:22:13.134 PM 2/21/2024 	 4.000391 	 297.647000 	 44.546000 	 -2956405.880781 	 4.021247 	 297.647000 	 44.546000 	 -2956405.880781 	 109.070846 	 109.625715 	 297.469652
3:22:23.634 PM 2/21/2024 	 4.012833 	 297.647000 	 44.546000 	 -2956417.714797 	 4.024374 	 297.647000 	 44.546000 	 -2956417.714797 	 109.072216 	 109.623154 	 297.470740
3:22:34.134 PM 2/21/2024 	 4.016569 	 297.647000 	 44.546000 	 -2956425.341334 	 4.029513 	 297.647000 	 44.546000 	 -2956425.341334 	 109.072633 	 109.621308 	 297.471441
3:22:44.634 PM 2/21/2024 	 4.003639 	 297.647000 	 44.546000 	 -2956434.808947 	 4.020952 	 297.647000 	 44.546000 	 -2956434.808947 	 109.069238 	 109.616662 	 297.472311
3:22:55.134 PM 2/21/2024 	 4.011459 	 297.647000 	 44.546000 	 -2956449.536757 	 4.022690 	 297.647000 	 44.546000 	 -2956449.536757 	 109.065843 	 109.616900 	 297.473665
3:23:05.635 PM 2/21/2024 	 4.012191 	 297.647000 	 44.546000 	 -2956482.413141 	 4.019279 	 297.647000 	 44.546000 	 -2956482.413141 	 109.066022 	 109.619997 	 297.476686
3:23:16.134 PM 2/21/2024 	 4.010364 	 297.647000 	 44.546000 	 -2956500.298944 	 4.026430 	 297.647000 	 44.546000 	 -2956500.298944 	 109.062805 	 109.619640 	 297.478330
3:23:26.634 PM 2/21/2024 	 4.007469 	 297.647000 	 44.546000 	 -2956516.081149 	 4.037823 	 297.647000 	 44.546000 	 -2956516.081149 	 109.055301 	 109.620116 	 297.479780
3:23:37.135 PM 2/21/2024 	 3.998818 	 297.647000 	 44.546000 	 -2956523.709421 	 4.017816 	 297.647000 	 44.546000 	 -2956523.709421 	 109.053693 	 109.625358 	 297.480481
3:23:47.634 PM 2/21/2024 	 4.010297 	 297.647000 	 44.546000 	 -2956518.974615 	 4.015110 	 297.647000 	 44.546000 	 -2956518.974615 	 109.057028 	 109.618568 	 297.480046
3:23:58.135 PM 2/21/2024 	 4.010872 	 297.647000 	 44.546000 	 -2956513.976822 	 4.024976 	 297.647000 	 44.546000 	 -2956513.976822 	 109.057028 	 109.620414 	 297.479587
3:24:08.634 PM 2/21/2024 	 4.014042 	 297.647000 	 44.546000 	 -2956507.137829 	 4.030868 	 297.647000 	 44.546000 	 -2956507.137829 	 109.053931 	 109.619818 	 297.478958
3:24:19.135 PM 2/21/2024 	 4.006222 	 297.647000 	 44.546000 	 -2956510.557312 	 4.016529 	 297.647000 	 44.546000 	 -2956510.557312 	 109.050536 	 109.623869 	 297.479273
3:24:29.634 PM 2/21/2024 	 4.007796 	 297.647000 	 44.546000 	 -2956518.711572 	 4.029300 	 297.647000 	 44.546000 	 -2956518.711572 	 109.050596 	 109.630183 	 297.480022
3:24:40.135 PM 2/21/2024 	 4.012629 	 297.647000 	 44.546000 	 -2956522.920283 	 4.030147 	 297.647000 	 44.546000 	 -2956522.920283 	 109.047618 	 109.635782 	 297.480409
3:24:50.635 PM 2/21/2024 	 4.015279 	 297.647000 	 44.546000 	 -2956529.759525 	 4.026424 	 297.647000 	 44.546000 	 -2956529.759525 	 109.048928 	 109.642751 	 297.481037
3:25:01.135 PM 2/21/2024 	 4.012241 	 297.647000 	 44.546000 	 -2956517.922443 	 4.031878 	 297.647000 	 44.546000 	 -2956517.922443 	 109.053871 	 109.642692 	 297.479950
3:25:11.635 PM 2/21/2024 	 4.009165 	 297.647000 	 44.546000 	 -2956500.561976 	 4.032570 	 297.647000 	 44.546000 	 -2956500.561976 	 109.054705 	 109.637688 	 297.478354
3:25:22.135 PM 2/21/2024 	 4.013350 	 297.647000 	 44.546000 	 -2956476.889734 	 4.022789 	 297.647000 	 44.546000 	 -2956476.889734 	 109.048630 	 109.637331 	 297.476179
3:25:32.635 PM 2/21/2024 	 4.010504 	 297.647000 	 44.546000 	 -2956460.582944 	 4.026243 	 297.647000 	 44.546000 	 -2956460.582944 	 109.042853 	 109.648172 	 297.474680
3:25:43.135 PM 2/21/2024 	 4.017022 	 297.647000 	 44.546000 	 -2956438.490853 	 4.033131 	 297.647000 	 44.546000 	 -2956438.490853 	 109.041542 	 109.648350 	 297.472649
3:25:53.635 PM 2/21/2024 	 4.015358 	 297.647000 	 44.546000 	 -2956418.503743 	 4.025133 	 297.647000 	 44.546000 	 -2956418.503743 	 109.037552 	 109.647338 	 297.470813
3:26:04.135 PM 2/21/2024 	 4.018408 	 297.647000 	 44.546000 	 -2956406.406730 	 4.024272 	 297.647000 	 44.546000 	 -2956406.406730 	 109.037909 	 109.652163 	 297.469701
3:26:14.635 PM 2/21/2024 	 4.012150 	 297.647000 	 44.546000 	 -2956391.680389 	 4.021250 	 297.647000 	 44.546000 	 -2956391.680389 	 109.037492 	 109.655617 	 297.468347
3:26:25.135 PM 2/21/2024 	 4.016324 	 297.647000 	 44.546000 	 -2956379.847084 	 4.017872 	 297.647000 	 44.546000 	 -2956379.847084 	 109.034157 	 109.664790 	 297.467260
3:26:35.635 PM 2/21/2024 	 4.018913 	 297.647000 	 44.546000 	 -2956371.695441 	 4.011282 	 297.647000 	 44.546000 	 -2956371.695441 	 109.030464 	 109.666399 	 297.466510
3:26:46.135 PM 2/21/2024 	 4.010163 	 297.647000 	 44.546000 	 -2956359.336791 	 4.033735 	 297.647000 	 44.546000 	 -2956359.336791 	 109.023317 	 109.664314 	 297.465375
3:26:56.637 PM 2/21/2024 	 4.003488 	 297.647000 	 44.546000 	 -2956353.026127 	 4.028836 	 297.647000 	 44.546000 	 -2956353.026127 	 109.021054 	 109.664135 	 297.464795
3:27:07.135 PM 2/21/2024 	 4.006978 	 297.647000 	 44.546000 	 -2956341.982686 	 4.021332 	 297.647000 	 44.546000 	 -2956341.982686 	 109.026593 	 109.661991 	 297.463780
3:27:17.636 PM 2/21/2024 	 4.009016 	 297.647000 	 44.546000 	 -2956324.892203 	 4.025399 	 297.647000 	 44.546000 	 -2956324.892203 	 109.033621 	 109.655617 	 297.462209
3:27:28.136 PM 2/21/2024 	 4.015405 	 297.647000 	 44.546000 	 -2956315.164075 	 4.025986 	 297.647000 	 44.546000 	 -2956315.164075 	 109.031834 	 109.656094 	 297.461315
3:27:38.636 PM 2/21/2024 	 4.021855 	 297.647000 	 44.546000 	 -2956315.164075 	 4.019379 	 297.647000 	 44.546000 	 -2956315.164075 	 109.027248 	 109.660502 	 297.461315
3:27:49.136 PM 2/21/2024 	 4.007839 	 297.647000 	 44.546000 	 -2956319.370806 	 4.024471 	 297.647000 	 44.546000 	 -2956319.370806 	 109.024508 	 109.656511 	 297.461701
3:27:59.636 PM 2/21/2024 	 4.007720 	 297.647000 	 44.546000 	 -2956332.780034 	 4.019393 	 297.647000 	 44.546000 	 -2956332.780034 	 109.022245 	 109.655915 	 297.462934
3:28:10.136 PM 2/21/2024 	 4.011660 	 297.647000 	 44.546000 	 -2956339.616271 	 4.016041 	 297.647000 	 44.546000 	 -2956339.616271 	 109.028261 	 109.656332 	 297.463562
3:28:20.636 PM 2/21/2024 	 4.011826 	 297.647000 	 44.546000 	 -2956347.767310 	 4.016456 	 297.647000 	 44.546000 	 -2956347.767310 	 109.035110 	 109.653294 	 297.464311
3:28:31.136 PM 2/21/2024 	 4.007513 	 297.647000 	 44.546000 	 -2956349.607889 	 4.022984 	 297.647000 	 44.546000 	 -2956349.607889 	 109.038684 	 109.653294 	 297.464480
3:28:41.637 PM 2/21/2024 	 4.016957 	 297.647000 	 44.546000 	 -2956348.293189 	 4.030082 	 297.647000 	 44.546000 	 -2956348.293189 	 109.044580 	 109.653533 	 297.464360
3:28:52.136 PM 2/21/2024 	 4.003050 	 297.647000 	 44.546000 	 -2956334.094687 	 4.027014 	 297.647000 	 44.546000 	 -2956334.094687 	 109.051310 	 109.645491 	 297.463055
3:29:02.636 PM 2/21/2024 	 4.011269 	 297.647000 	 44.546000 	 -2956325.155128 	 4.035312 	 297.647000 	 44.546000 	 -2956325.155128 	 109.061733 	 109.639237 	 297.462233
3:29:13.136 PM 2/21/2024 	 4.015752 	 297.647000 	 44.546000 	 -2956306.750736 	 4.033294 	 297.647000 	 44.546000 	 -2956306.750736 	 109.064771 	 109.638999 	 297.460541
3:29:23.636 PM 2/21/2024 	 4.015991 	 297.647000 	 44.546000 	 -2956292.290691 	 4.027069 	 297.647000 	 44.546000 	 -2956292.290691 	 109.060661 	 109.639713 	 297.459212
3:29:34.136 PM 2/21/2024 	 4.011961 	 297.647000 	 44.546000 	 -2956294.919754 	 4.017469 	 297.647000 	 44.546000 	 -2956294.919754 	 109.061436 	 109.638820 	 297.459454
3:29:45.136 PM 2/21/2024 	 4.016397 	 297.647000 	 44.546000 	 -2956302.018305 	 4.023887 	 297.647000 	 44.546000 	 -2956302.018305 	 109.063997 	 109.643585 	 297.460106
3:29:55.637 PM 2/21/2024 	 4.020008 	 297.647000 	 44.546000 	 -2956311.483219 	 4.028687 	 297.647000 	 44.546000 	 -2956311.483219 	 109.072275 	 109.646563 	 297.460976
3:30:06.137 PM 2/21/2024 	 4.023504 	 297.647000 	 44.546000 	 -2956316.478674 	 4.019259 	 297.647000 	 44.546000 	 -2956316.478674 	 109.075492 	 109.637033 	 297.461435
3:30:16.636 PM 2/21/2024 	 4.003345 	 297.647000 	 44.546000 	 -2956315.426995 	 4.019381 	 297.647000 	 44.546000 	 -2956315.426995 	 109.079244 	 109.642394 	 297.461339
3:30:27.136 PM 2/21/2024 	 4.011234 	 297.647000 	 44.546000 	 -2956315.689914 	 4.020707 	 297.647000 	 44.546000 	 -2956315.689914 	 109.082282 	 109.638701 	 297.461363
3:30:37.637 PM 2/21/2024 	 4.011508 	 297.647000 	 44.546000 	 -2956316.741595 	 4.021811 	 297.647000 	 44.546000 	 -2956316.741595 	 109.085438 	 109.640905 	 297.461460
3:30:48.137 PM 2/21/2024 	 4.015615 	 297.647000 	 44.546000 	 -2956323.051730 	 4.028722 	 297.647000 	 44.546000 	 -2956323.051730 	 109.087642 	 109.643168 	 297.462040
3:30:58.637 PM 2/21/2024 	 4.011704 	 297.647000 	 44.546000 	 -2956333.042965 	 4.027058 	 297.647000 	 44.546000 	 -2956333.042965 	 109.084545 	 109.649244 	 297.462958
3:31:09.137 PM 2/21/2024 	 4.005744 	 297.647000 	 44.546000 	 -2956341.456815 	 4.032450 	 297.647000 	 44.546000 	 -2956341.456815 	 109.088833 	 109.649780 	 297.463731
3:31:20.137 PM 2/21/2024 	 4.013662 	 297.647000 	 44.546000 	 -2956353.814955 	 4.031040 	 297.647000 	 44.546000 	 -2956353.814955 	 109.092347 	 109.646266 	 297.464867
3:31:30.637 PM 2/21/2024 	 4.013724 	 297.647000 	 44.546000 	 -2956362.755106 	 4.020144 	 297.647000 	 44.546000 	 -2956362.755106 	 109.092109 	 109.652163 	 297.465689
3:31:41.137 PM 2/21/2024 	 4.003791 	 297.647000 	 44.546000 	 -2956362.492157 	 4.018409 	 297.647000 	 44.546000 	 -2956362.492157 	 109.087999 	 109.652460 	 297.465665
3:31:52.137 PM 2/21/2024 	 4.007025 	 297.647000 	 44.546000 	 -2956356.444392 	 4.033224 	 297.647000 	 44.546000 	 -2956356.444392 	 109.088059 	 109.654247 	 297.465109
3:32:02.637 PM 2/21/2024 	 4.009430 	 297.647000 	 44.546000 	 -2956352.763184 	 4.027166 	 297.647000 	 44.546000 	 -2956352.763184 	 109.087701 	 109.652996 	 297.464770
3:32:13.637 PM 2/21/2024 	 4.007711 	 297.647000 	 44.546000 	 -2956341.456815 	 4.023399 	 297.647000 	 44.546000 	 -2956341.456815 	 109.082103 	 109.647636 	 297.463731
3:32:24.137 PM 2/21/2024 	 4.029344 	 297.647000 	 44.546000 	 -2956347.504371 	 4.023367 	 297.647000 	 44.546000 	 -2956347.504371 	 109.080495 	 109.655975 	 297.464287
3:32:35.138 PM 2/21/2024 	 4.005204 	 297.647000 	 44.546000 	 -2956355.392615 	 4.031998 	 297.647000 	 44.546000 	 -2956355.392615 	 109.084902 	 109.653711 	 297.465012
3:32:46.637 PM 2/21/2024 	 4.007206 	 297.647000 	 44.546000 	 -2956355.392615 	 4.029557 	 297.647000 	 44.546000 	 -2956355.392615 	 109.089667 	 109.653592 	 297.465012
3:32:57.138 PM 2/21/2024 	 4.004871 	 297.647000 	 44.546000 	 -2956359.336791 	 4.018494 	 297.647000 	 44.546000 	 -2956359.336791 	 109.088595 	 109.649303 	 297.465375
3:33:08.138 PM 2/21/2024 	 4.022900 	 297.647000 	 44.546000 	 -2956364.858697 	 4.023822 	 297.647000 	 44.546000 	 -2956364.858697 	 109.084068 	 109.645789 	 297.465882
3:33:18.638 PM 2/21/2024 	 4.016041 	 297.647000 	 44.546000 	 -2956372.747257 	 4.027081 	 297.647000 	 44.546000 	 -2956372.747257 	 109.078231 	 109.647636 	 297.466607
3:33:29.137 PM 2/21/2024 	 4.010802 	 297.647000 	 44.546000 	 -2956382.739640 	 4.024453 	 297.647000 	 44.546000 	 -2956382.739640 	 109.078529 	 109.646027 	 297.467526
3:33:39.637 PM 2/21/2024 	 4.007264 	 297.647000 	 44.546000 	 -2956392.732253 	 4.016161 	 297.647000 	 44.546000 	 -2956392.732253 	 109.079542 	 109.644896 	 297.468444
3:33:50.138 PM 2/21/2024 	 4.008957 	 297.647000 	 44.546000 	 -2956402.199153 	 4.024427 	 297.647000 	 44.546000 	 -2956402.199153 	 109.073228 	 109.642513 	 297.469314
3:34:00.638 PM 2/21/2024 	 4.017956 	 297.647000 	 44.546000 	 -2956416.925852 	 4.030754 	 297.647000 	 44.546000 	 -2956416.925852 	 109.067213 	 109.638760 	 297.470668
3:34:11.638 PM 2/21/2024 	 4.013875 	 297.647000 	 44.546000 	 -2956445.854758 	 4.027385 	 297.647000 	 44.546000 	 -2956445.854758 	 109.062746 	 109.628992 	 297.473326
3:34:22.138 PM 2/21/2024 	 4.009594 	 297.647000 	 44.546000 	 -2956478.730862 	 4.026348 	 297.647000 	 44.546000 	 -2956478.730862 	 109.064830 	 109.626788 	 297.476348
3:34:32.638 PM 2/21/2024 	 4.014806 	 297.647000 	 44.546000 	 -2956503.718373 	 4.019358 	 297.647000 	 44.546000 	 -2956503.718373 	 109.064116 	 109.626252 	 297.478644
3:34:43.638 PM 2/21/2024 	 4.004988 	 297.647000 	 44.546000 	 -2956537.914148 	 4.028561 	 297.647000 	 44.546000 	 -2956537.914148 	 109.061793 	 109.625120 	 297.481787
3:34:54.138 PM 2/21/2024 	 4.013137 	 297.647000 	 44.546000 	 -2956563.694289 	 4.025443 	 297.647000 	 44.546000 	 -2956563.694289 	 109.062150 	 109.624107 	 297.484156
3:35:05.138 PM 2/21/2024 	 4.010218 	 297.647000 	 44.546000 	 -2956586.055860 	 4.016450 	 297.647000 	 44.546000 	 -2956586.055860 	 109.063639 	 109.628277 	 297.486211
3:35:16.138 PM 2/21/2024 	 4.011389 	 297.647000 	 44.546000 	 -2956603.945949 	 4.022631 	 297.647000 	 44.546000 	 -2956603.945949 	 109.061495 	 109.635782 	 297.487855
3:35:26.139 PM 2/21/2024 	 4.016975 	 297.647000 	 44.546000 	 -2956618.416416 	 4.032004 	 297.647000 	 44.546000 	 -2956618.416416 	 109.057266 	 109.635067 	 297.489185
3:35:36.639 PM 2/21/2024 	 4.009807 	 297.647000 	 44.546000 	 -2956638.938999 	 4.026660 	 297.647000 	 44.546000 	 -2956638.938999 	 109.050774 	 109.640011 	 297.491071
3:35:47.138 PM 2/21/2024 	 4.010405 	 297.647000 	 44.546000 	 -2956650.516271 	 4.027317 	 297.647000 	 44.546000 	 -2956650.516271 	 109.050774 	 109.643347 	 297.492135
3:35:57.138 PM 2/21/2024 	 4.012393 	 297.647000 	 44.546000 	 -2956654.989391 	 4.025837 	 297.647000 	 44.546000 	 -2956654.989391 	 109.055301 	 109.642989 	 297.492546
3:36:07.638 PM 2/21/2024 	 4.014620 	 297.647000 	 44.546000 	 -2956653.673762 	 4.028625 	 297.647000 	 44.546000 	 -2956653.673762 	 109.053454 	 109.642036 	 297.492425
3:36:18.139 PM 2/21/2024 	 4.010469 	 297.647000 	 44.546000 	 -2956661.041332 	 4.025571 	 297.647000 	 44.546000 	 -2956661.041332 	 109.053157 	 109.646027 	 297.493102
3:36:29.638 PM 2/21/2024 	 4.013440 	 297.647000 	 44.546000 	 -2956660.778203 	 4.029192 	 297.647000 	 44.546000 	 -2956660.778203 	 109.058696 	 109.646802 	 297.493078
3:36:39.639 PM 2/21/2024 	 4.007828 	 297.647000 	 44.546000 	 -2956656.568150 	 4.018514 	 297.647000 	 44.546000 	 -2956656.568150 	 109.067630 	 109.644002 	 297.492691
3:36:51.139 PM 2/21/2024 	 4.006786 	 297.647000 	 44.546000 	 -2956643.938238 	 4.022003 	 297.647000 	 44.546000 	 -2956643.938238 	 109.078589 	 109.646980 	 297.491531
3:37:01.638 PM 2/21/2024 	 4.011088 	 297.647000 	 44.546000 	 -2956638.149651 	 4.025849 	 297.647000 	 44.546000 	 -2956638.149651 	 109.083234 	 109.637331 	 297.490999
3:37:12.139 PM 2/21/2024 	 4.024453 	 297.647000 	 44.546000 	 -2956632.361142 	 4.033828 	 297.647000 	 44.546000 	 -2956632.361142 	 109.085915 	 109.630242 	 297.490467
3:37:23.139 PM 2/21/2024 	 4.021817 	 297.647000 	 44.546000 	 -2956620.784357 	 4.021563 	 297.647000 	 44.546000 	 -2956620.784357 	 109.083354 	 109.615351 	 297.489403
3:37:34.639 PM 2/21/2024 	 4.009885 	 297.647000 	 44.546000 	 -2956603.682855 	 4.010911 	 297.647000 	 44.546000 	 -2956603.682855 	 109.077457 	 109.599328 	 297.487831
3:37:45.639 PM 2/21/2024 	 4.009509 	 297.647000 	 44.546000 	 -2956575.006469 	 4.025767 	 297.647000 	 44.546000 	 -2956575.006469 	 109.070786 	 109.582173 	 297.485196
