12:00:49.900 AM 10/4/2022 	 108.530815 	 294.944475 	 108.695601 	 295.389589 	 295.138047 	 294.737802 	 295.609513 	 294.875970 
12:01:36.668 AM 10/4/2022 	 108.531054 	 294.945088 	 108.696256 	 295.391275 	 295.134982 	 294.753127 	 295.612571 	 294.871488 
12:02:23.514 AM 10/4/2022 	 108.531173 	 294.945394 	 108.696435 	 295.391735 	 295.135188 	 294.732110 	 295.611364 	 294.856135 
12:03:10.262 AM 10/4/2022 	 108.531530 	 294.946313 	 108.695244 	 295.388670 	 295.162513 	 294.745310 	 295.601473 	 294.850470 
12:03:57.072 AM 10/4/2022 	 108.531709 	 294.946773 	 108.693933 	 295.385298 	 295.128991 	 294.732511 	 295.581635 	 294.855592 
12:04:43.897 AM 10/4/2022 	 108.531828 	 294.947079 	 108.693635 	 295.384531 	 295.142094 	 294.759302 	 295.628149 	 294.892749 
12:05:30.765 AM 10/4/2022 	 108.531768 	 294.946926 	 108.694172 	 295.385911 	 295.114816 	 294.708891 	 295.561824 	 294.852726 
12:06:17.521 AM 10/4/2022 	 108.531471 	 294.946160 	 108.694291 	 295.386217 	 295.128082 	 294.757069 	 295.602382 	 294.865056 
12:07:04.352 AM 10/4/2022 	 108.532245 	 294.948152 	 108.693993 	 295.385451 	 295.157471 	 294.773748 	 295.601143 	 294.862871 
12:07:51.151 AM 10/4/2022 	 108.532304 	 294.948305 	 108.692206 	 295.380853 	 295.108917 	 294.737889 	 295.605834 	 294.874171 
12:08:37.968 AM 10/4/2022 	 108.532007 	 294.947539 	 108.690657 	 295.376868 	 295.114983 	 294.735942 	 295.573290 	 294.847706 
12:09:24.739 AM 10/4/2022 	 108.532126 	 294.947845 	 108.688692 	 295.371810 	 295.083581 	 294.763469 	 295.584762 	 294.878527 
12:10:11.631 AM 10/4/2022 	 108.531768 	 294.946926 	 108.687322 	 295.368285 	 295.108699 	 294.722107 	 295.595730 	 294.841418 
12:10:58.365 AM 10/4/2022 	 108.532066 	 294.947692 	 108.684284 	 295.360468 	 295.102826 	 294.715285 	 295.565853 	 294.852989 
12:11:45.255 AM 10/4/2022 	 108.532066 	 294.947692 	 108.682080 	 295.354797 	 295.118399 	 294.747850 	 295.585648 	 294.875642 
12:12:32.004 AM 10/4/2022 	 108.532245 	 294.948152 	 108.678804 	 295.346367 	 295.054386 	 294.730952 	 295.580079 	 294.846018 
12:13:18.984 AM 10/4/2022 	 108.532126 	 294.947845 	 108.674872 	 295.336251 	 295.119948 	 294.746571 	 295.601789 	 294.839000 
12:14:05.619 AM 10/4/2022 	 108.531888 	 294.947233 	 108.671537 	 295.327668 	 295.126058 	 294.751270 	 295.615425 	 294.872461 
12:14:52.424 AM 10/4/2022 	 108.532483 	 294.948765 	 108.667605 	 295.317552 	 295.092203 	 294.765023 	 295.606085 	 294.891867 
12:15:39.254 AM 10/4/2022 	 108.532245 	 294.948152 	 108.664627 	 295.309889 	 295.096184 	 294.735522 	 295.592644 	 294.881234 
12:16:26.036 AM 10/4/2022 	 108.532364 	 294.948458 	 108.661470 	 295.301765 	 295.079846 	 294.734735 	 295.605511 	 294.862531 
12:17:12.847 AM 10/4/2022 	 108.532602 	 294.949071 	 108.658134 	 295.293182 	 295.069363 	 294.715284 	 295.542311 	 294.853458 
12:17:59.661 AM 10/4/2022 	 108.532304 	 294.948305 	 108.653905 	 295.282300 	 295.082478 	 294.748689 	 295.569537 	 294.853849 
12:18:46.677 AM 10/4/2022 	 108.532602 	 294.949071 	 108.651404 	 295.275863 	 295.099877 	 294.768458 	 295.611868 	 294.866069 
12:19:33.258 AM 10/4/2022 	 108.532424 	 294.948611 	 108.649557 	 295.271112 	 295.086096 	 294.752309 	 295.590099 	 294.838607 
12:20:20.151 AM 10/4/2022 	 108.532483 	 294.948765 	 108.648008 	 295.267127 	 295.075099 	 294.739889 	 295.565461 	 294.869098 
12:21:06.923 AM 10/4/2022 	 108.532483 	 294.948765 	 108.646757 	 295.263908 	 295.043916 	 294.724249 	 295.585629 	 294.843089 
12:21:53.722 AM 10/4/2022 	 108.532840 	 294.949684 	 108.645983 	 295.261916 	 295.095532 	 294.740057 	 295.600937 	 294.893783 
12:22:40.524 AM 10/4/2022 	 108.532662 	 294.949224 	 108.647353 	 295.265441 	 295.051327 	 294.730722 	 295.545009 	 294.848617 
12:23:27.282 AM 10/4/2022 	 108.532007 	 294.947539 	 108.648425 	 295.268200 	 295.078858 	 294.737991 	 295.585222 	 294.859657 
12:24:14.366 AM 10/4/2022 	 108.532721 	 294.949377 	 108.649259 	 295.270345 	 295.044306 	 294.753409 	 295.615676 	 294.878842 
12:25:01.033 AM 10/4/2022 	 108.532840 	 294.949684 	 108.650391 	 295.273257 	 295.059816 	 294.733086 	 295.548311 	 294.876441 
12:25:47.804 AM 10/4/2022 	 108.532602 	 294.949071 	 108.650272 	 295.272951 	 295.076616 	 294.750368 	 295.575921 	 294.888533 
12:26:34.638 AM 10/4/2022 	 108.532781 	 294.949531 	 108.649319 	 295.270499 	 295.068512 	 294.755464 	 295.597956 	 294.847892 
12:27:21.398 AM 10/4/2022 	 108.532662 	 294.949224 	 108.648544 	 295.268506 	 295.069325 	 294.730810 	 295.578054 	 294.875581 
12:28:08.214 AM 10/4/2022 	 108.533198 	 294.950603 	 108.648127 	 295.267433 	 295.075187 	 294.742336 	 295.557074 	 294.852684 
12:28:55.048 AM 10/4/2022 	 108.532900 	 294.949837 	 108.647591 	 295.266054 	 295.039276 	 294.741301 	 295.605474 	 294.890312 
12:29:41.958 AM 10/4/2022 	 108.533079 	 294.950297 	 108.646698 	 295.263755 	 295.054039 	 294.745698 	 295.574084 	 294.858403 
12:30:28.639 AM 10/4/2022 	 108.532900 	 294.949837 	 108.645328 	 295.260230 	 295.071793 	 294.734694 	 295.584756 	 294.857775 
12:31:15.514 AM 10/4/2022 	 108.532781 	 294.949531 	 108.645268 	 295.260076 	 295.022776 	 294.745543 	 295.565454 	 294.861548 
12:32:02.273 AM 10/4/2022 	 108.532960 	 294.949990 	 108.644732 	 295.258697 	 295.042481 	 294.729888 	 295.585137 	 294.881260 
12:32:49.100 AM 10/4/2022 	 108.532900 	 294.949837 	 108.644613 	 295.258391 	 295.029306 	 294.756793 	 295.577156 	 294.867609 
12:33:35.877 AM 10/4/2022 	 108.533317 	 294.950909 	 108.644554 	 295.258237 	 295.063421 	 294.731505 	 295.553324 	 294.866374 
12:34:26.301 AM 10/4/2022 	 108.533138 	 294.950450 	 108.644137 	 295.257164 	 295.079414 	 294.727228 	 295.560825 	 294.882373 
12:35:13.283 AM 10/4/2022 	 108.533496 	 294.951369 	 108.643422 	 295.255325 	 295.034174 	 294.747986 	 295.556595 	 294.868235 
12:36:03.513 AM 10/4/2022 	 108.533377 	 294.951063 	 108.643124 	 295.254559 	 295.039246 	 294.761079 	 295.567781 	 294.853505 
12:36:53.968 AM 10/4/2022 	 108.532900 	 294.949837 	 108.642409 	 295.252720 	 295.020631 	 294.730190 	 295.559074 	 294.858459 
12:37:44.383 AM 10/4/2022 	 108.533079 	 294.950297 	 108.641873 	 295.251340 	 295.007239 	 294.750748 	 295.564059 	 294.857793 
12:38:31.321 AM 10/4/2022 	 108.533317 	 294.950909 	 108.641754 	 295.251034 	 295.029302 	 294.740753 	 295.584213 	 294.869490 
12:39:21.556 AM 10/4/2022 	 108.533257 	 294.950756 	 108.642171 	 295.252107 	 294.997906 	 294.745654 	 295.595696 	 294.881934 
12:40:11.964 AM 10/4/2022 	 108.533734 	 294.951982 	 108.643005 	 295.254252 	 295.025186 	 294.741351 	 295.546675 	 294.865373 
12:41:02.394 AM 10/4/2022 	 108.533496 	 294.951369 	 108.642647 	 295.253333 	 295.027522 	 294.764440 	 295.583377 	 294.886570 
12:41:52.880 AM 10/4/2022 	 108.533496 	 294.951369 	 108.642826 	 295.253793 	 294.987860 	 294.734660 	 295.548941 	 294.860098 
12:42:43.258 AM 10/4/2022 	 108.533734 	 294.951982 	 108.642826 	 295.253793 	 295.037219 	 294.761409 	 295.558224 	 294.884954 
12:43:33.674 AM 10/4/2022 	 108.533853 	 294.952288 	 108.642469 	 295.252873 	 295.034545 	 294.755903 	 295.593216 	 294.898309 
12:44:24.055 AM 10/4/2022 	 108.533853 	 294.952288 	 108.642528 	 295.253026 	 295.038210 	 294.747780 	 295.545560 	 294.869443 
12:45:14.534 AM 10/4/2022 	 108.533436 	 294.951216 	 108.641039 	 295.249195 	 294.943617 	 294.725767 	 295.534884 	 294.867711 
12:46:04.840 AM 10/4/2022 	 108.533793 	 294.952135 	 108.640146 	 295.246896 	 294.979760 	 294.721367 	 295.520133 	 294.871799 
12:46:55.280 AM 10/4/2022 	 108.533615 	 294.951675 	 108.640444 	 295.247662 	 294.987726 	 294.745845 	 295.566227 	 294.872224 
12:47:45.717 AM 10/4/2022 	 108.533853 	 294.952288 	 108.639669 	 295.245669 	 294.981563 	 294.747225 	 295.538414 	 294.873603 
12:48:36.124 AM 10/4/2022 	 108.533972 	 294.952595 	 108.639252 	 295.244597 	 295.014129 	 294.743965 	 295.559642 	 294.867515 
12:49:26.580 AM 10/4/2022 	 108.533555 	 294.951522 	 108.638299 	 295.242144 	 294.978146 	 294.756068 	 295.538767 	 294.855568 
12:50:16.937 AM 10/4/2022 	 108.533853 	 294.952288 	 108.638537 	 295.242757 	 294.939076 	 294.735846 	 295.522345 	 294.855626 
12:51:07.344 AM 10/4/2022 	 108.533615 	 294.951675 	 108.638240 	 295.241991 	 294.951785 	 294.747617 	 295.563288 	 294.877767 
12:51:57.791 AM 10/4/2022 	 108.534032 	 294.952748 	 108.637108 	 295.239079 	 295.027712 	 294.791982 	 295.593924 	 294.911276 
12:52:48.342 AM 10/4/2022 	 108.533972 	 294.952595 	 108.636334 	 295.237087 	 294.990393 	 294.766435 	 295.543938 	 294.888093 
12:53:38.601 AM 10/4/2022 	 108.533555 	 294.951522 	 108.635261 	 295.234328 	 294.997421 	 294.734322 	 295.557078 	 294.869662 
12:54:28.951 AM 10/4/2022 	 108.533555 	 294.951522 	 108.635142 	 295.234021 	 295.005199 	 294.786907 	 295.578029 	 294.898187 
12:55:19.443 AM 10/4/2022 	 108.533734 	 294.951982 	 108.635142 	 295.234021 	 294.984486 	 294.744961 	 295.540391 	 294.874169 
12:56:09.993 AM 10/4/2022 	 108.534091 	 294.952901 	 108.634427 	 295.232182 	 295.003368 	 294.742159 	 295.548423 	 294.898242 
12:57:00.294 AM 10/4/2022 	 108.534151 	 294.953054 	 108.634010 	 295.231109 	 294.957311 	 294.745600 	 295.526433 	 294.894609 
12:57:50.708 AM 10/4/2022 	 108.534687 	 294.954433 	 108.632104 	 295.226205 	 294.979854 	 294.762493 	 295.563072 	 294.888867 
12:58:41.122 AM 10/4/2022 	 108.534329 	 294.953514 	 108.630317 	 295.221607 	 294.922704 	 294.745406 	 295.527182 	 294.871313 
12:59:31.533 AM 10/4/2022 	 108.534210 	 294.953208 	 108.630258 	 295.221454 	 294.988111 	 294.764623 	 295.555783 	 294.885338 
1:00:21.933 AM 10/4/2022 	 108.534627 	 294.954280 	 108.628054 	 295.215783 	 294.969885 	 294.746860 	 295.544641 	 294.871824 
1:01:12.312 AM 10/4/2022 	 108.534210 	 294.953208 	 108.626386 	 295.211491 	 294.928249 	 294.773591 	 295.541195 	 294.884403 
1:02:02.739 AM 10/4/2022 	 108.534091 	 294.952901 	 108.624182 	 295.205821 	 294.926612 	 294.743656 	 295.548976 	 294.877579 
1:02:53.110 AM 10/4/2022 	 108.534210 	 294.953208 	 108.622097 	 295.200456 	 294.962475 	 294.745578 	 295.531120 	 294.879972 
1:03:43.639 AM 10/4/2022 	 108.534091 	 294.952901 	 108.620310 	 295.195858 	 294.917763 	 294.754613 	 295.526956 	 294.867315 
1:04:33.920 AM 10/4/2022 	 108.534568 	 294.954127 	 108.618345 	 295.190801 	 294.914750 	 294.750655 	 295.551255 	 294.879861 
1:05:24.355 AM 10/4/2022 	 108.534389 	 294.953667 	 108.617809 	 295.189421 	 294.962018 	 294.761627 	 295.530193 	 294.863012 
1:06:14.774 AM 10/4/2022 	 108.534151 	 294.953054 	 108.616320 	 295.185590 	 294.948959 	 294.782047 	 295.568940 	 294.898514 
1:07:05.359 AM 10/4/2022 	 108.534270 	 294.953361 	 108.615009 	 295.182218 	 294.949111 	 294.766636 	 295.559205 	 294.909510 
1:07:55.586 AM 10/4/2022 	 108.534329 	 294.953514 	 108.614056 	 295.179766 	 294.951285 	 294.775413 	 295.531714 	 294.890468 
1:08:46.049 AM 10/4/2022 	 108.533972 	 294.952595 	 108.611912 	 295.174248 	 294.924419 	 294.755139 	 295.530307 	 294.867370 
1:09:36.425 AM 10/4/2022 	 108.534508 	 294.953974 	 108.608576 	 295.165666 	 294.903248 	 294.741979 	 295.544947 	 294.907020 
1:10:26.866 AM 10/4/2022 	 108.534746 	 294.954586 	 108.606313 	 295.159842 	 294.897758 	 294.734601 	 295.505564 	 294.852023 
1:11:17.295 AM 10/4/2022 	 108.534627 	 294.954280 	 108.603394 	 295.152332 	 294.906401 	 294.729569 	 295.512312 	 294.869625 
1:12:07.680 AM 10/4/2022 	 108.534329 	 294.953514 	 108.600058 	 295.143749 	 294.917275 	 294.757425 	 295.521759 	 294.895587 
1:12:58.054 AM 10/4/2022 	 108.534508 	 294.953974 	 108.598986 	 295.140990 	 294.898609 	 294.764220 	 295.529485 	 294.874092 
1:13:48.469 AM 10/4/2022 	 108.534210 	 294.953208 	 108.596484 	 295.134553 	 294.860437 	 294.750091 	 295.533741 	 294.900513 
1:14:38.895 AM 10/4/2022 	 108.534270 	 294.953361 	 108.594042 	 295.128270 	 294.953766 	 294.757616 	 295.529013 	 294.892949 
1:15:29.308 AM 10/4/2022 	 108.534091 	 294.952901 	 108.592970 	 295.125511 	 294.931657 	 294.783603 	 295.532357 	 294.887812 
1:16:19.698 AM 10/4/2022 	 108.534151 	 294.953054 	 108.593387 	 295.126584 	 294.907206 	 294.737448 	 295.522533 	 294.875617 
1:17:10.111 AM 10/4/2022 	 108.534270 	 294.953361 	 108.591838 	 295.122599 	 294.901759 	 294.767371 	 295.510031 	 294.891858 
1:18:00.565 AM 10/4/2022 	 108.534389 	 294.953667 	 108.591659 	 295.122139 	 294.890937 	 294.765978 	 295.497339 	 294.892823 
1:18:50.965 AM 10/4/2022 	 108.534627 	 294.954280 	 108.591302 	 295.121220 	 294.888019 	 294.747025 	 295.493954 	 294.891320 
1:19:41.419 AM 10/4/2022 	 108.534449 	 294.953820 	 108.591004 	 295.120453 	 294.909029 	 294.752950 	 295.507874 	 294.905729 
1:20:35.372 AM 10/4/2022 	 108.534389 	 294.953667 	 108.590826 	 295.119994 	 294.894301 	 294.757553 	 295.505407 	 294.883928 
1:21:25.931 AM 10/4/2022 	 108.534091 	 294.952901 	 108.589694 	 295.117082 	 294.855120 	 294.758922 	 295.515249 	 294.854177 
1:22:19.783 AM 10/4/2022 	 108.534270 	 294.953361 	 108.588919 	 295.115089 	 294.928352 	 294.764734 	 295.516814 	 294.902422 
1:23:10.156 AM 10/4/2022 	 108.534627 	 294.954280 	 108.588205 	 295.113250 	 294.826842 	 294.780157 	 295.507258 	 294.893796 
1:24:00.607 AM 10/4/2022 	 108.534329 	 294.953514 	 108.589158 	 295.115702 	 294.876848 	 294.793858 	 295.532238 	 294.908437 
1:24:54.639 AM 10/4/2022 	 108.534389 	 294.953667 	 108.588681 	 295.114476 	 294.879498 	 294.767270 	 295.504750 	 294.902129 
1:25:48.762 AM 10/4/2022 	 108.534627 	 294.954280 	 108.587490 	 295.111411 	 294.912646 	 294.794767 	 295.534558 	 294.920190 
1:26:42.727 AM 10/4/2022 	 108.534866 	 294.954893 	 108.588502 	 295.114017 	 294.880376 	 294.786069 	 295.521165 	 294.930823 
1:27:36.617 AM 10/4/2022 	 108.534687 	 294.954433 	 108.587669 	 295.111871 	 294.874511 	 294.791049 	 295.503066 	 294.908929 
1:28:30.528 AM 10/4/2022 	 108.534687 	 294.954433 	 108.585882 	 295.107273 	 294.821155 	 294.765509 	 295.519942 	 294.900840 
1:29:24.733 AM 10/4/2022 	 108.534866 	 294.954893 	 108.584333 	 295.103288 	 294.828249 	 294.788167 	 295.519493 	 294.899447 
1:30:18.820 AM 10/4/2022 	 108.534687 	 294.954433 	 108.582486 	 295.098537 	 294.815942 	 294.735771 	 295.508616 	 294.888556 
1:31:12.729 AM 10/4/2022 	 108.534568 	 294.954127 	 108.580819 	 295.094246 	 294.877275 	 294.758444 	 295.492641 	 294.887648 
1:32:06.772 AM 10/4/2022 	 108.535104 	 294.955506 	 108.578198 	 295.087503 	 294.852993 	 294.749719 	 295.495232 	 294.897313 
1:33:00.789 AM 10/4/2022 	 108.534746 	 294.954586 	 108.575696 	 295.081066 	 294.835258 	 294.784801 	 295.503419 	 294.893253 
1:33:54.668 AM 10/4/2022 	 108.534806 	 294.954740 	 108.572956 	 295.074016 	 294.875362 	 294.779639 	 295.509095 	 294.897050 
1:34:48.801 AM 10/4/2022 	 108.534866 	 294.954893 	 108.569382 	 295.064821 	 294.838257 	 294.726963 	 295.475807 	 294.881165 
1:35:42.948 AM 10/4/2022 	 108.535044 	 294.955352 	 108.565629 	 295.055165 	 294.847024 	 294.761671 	 295.471378 	 294.890874 
1:36:36.824 AM 10/4/2022 	 108.534746 	 294.954586 	 108.562949 	 295.048269 	 294.842764 	 294.785234 	 295.506677 	 294.910187 
1:37:30.758 AM 10/4/2022 	 108.534627 	 294.954280 	 108.562175 	 295.046276 	 294.874053 	 294.777387 	 295.504021 	 294.932044 
1:38:24.870 AM 10/4/2022 	 108.534627 	 294.954280 	 108.561460 	 295.044437 	 294.841434 	 294.779189 	 295.493107 	 294.904143 
1:39:18.831 AM 10/4/2022 	 108.534449 	 294.953820 	 108.560685 	 295.042445 	 294.812114 	 294.762127 	 295.483605 	 294.915374 
1:40:12.841 AM 10/4/2022 	 108.534210 	 294.953208 	 108.559196 	 295.038614 	 294.790163 	 294.784033 	 295.493706 	 294.883998 
1:41:06.909 AM 10/4/2022 	 108.534687 	 294.954433 	 108.557469 	 295.034169 	 294.849697 	 294.772362 	 295.489586 	 294.895433 
1:42:00.817 AM 10/4/2022 	 108.534508 	 294.953974 	 108.554550 	 295.026660 	 294.834282 	 294.768734 	 295.497265 	 294.927165 
1:42:54.915 AM 10/4/2022 	 108.534210 	 294.953208 	 108.552823 	 295.022215 	 294.828729 	 294.764595 	 295.479948 	 294.891911 
1:43:48.932 AM 10/4/2022 	 108.534151 	 294.953054 	 108.551393 	 295.018537 	 294.828753 	 294.770279 	 295.487977 	 294.903251 
1:44:42.887 AM 10/4/2022 	 108.534627 	 294.954280 	 108.549904 	 295.014706 	 294.830030 	 294.757879 	 295.472300 	 294.880482 
1:45:37.246 AM 10/4/2022 	 108.534329 	 294.953514 	 108.547819 	 295.009342 	 294.782966 	 294.759858 	 295.462503 	 294.895190 
1:46:30.894 AM 10/4/2022 	 108.534210 	 294.953208 	 108.546449 	 295.005817 	 294.784837 	 294.765502 	 295.436588 	 294.882445 
1:47:24.989 AM 10/4/2022 	 108.534151 	 294.953054 	 108.546568 	 295.006123 	 294.798768 	 294.764814 	 295.449557 	 294.895430 
1:48:19.021 AM 10/4/2022 	 108.534210 	 294.953208 	 108.548475 	 295.011028 	 294.770782 	 294.778799 	 295.483771 	 294.907054 
1:49:12.951 AM 10/4/2022 	 108.534389 	 294.953667 	 108.550500 	 295.016238 	 294.768274 	 294.760257 	 295.451600 	 294.887574 
1:50:06.958 AM 10/4/2022 	 108.534687 	 294.954433 	 108.551751 	 295.019457 	 294.806283 	 294.733185 	 295.439167 	 294.867110 
1:51:01.168 AM 10/4/2022 	 108.534270 	 294.953361 	 108.552704 	 295.021909 	 294.757129 	 294.773164 	 295.451302 	 294.894348 
1:51:55.016 AM 10/4/2022 	 108.534449 	 294.953820 	 108.552525 	 295.021449 	 294.795557 	 294.775279 	 295.415740 	 294.868645 
1:52:49.035 AM 10/4/2022 	 108.534329 	 294.953514 	 108.552525 	 295.021449 	 294.803613 	 294.770131 	 295.459105 	 294.901217 
1:53:43.034 AM 10/4/2022 	 108.534389 	 294.953667 	 108.552227 	 295.020683 	 294.825251 	 294.776679 	 295.481183 	 294.908707 
1:54:37.044 AM 10/4/2022 	 108.534091 	 294.952901 	 108.552644 	 295.021755 	 294.774617 	 294.779805 	 295.456521 	 294.884486 
1:55:31.240 AM 10/4/2022 	 108.534270 	 294.953361 	 108.553001 	 295.022675 	 294.740782 	 294.729935 	 295.438747 	 294.877064 
1:56:25.093 AM 10/4/2022 	 108.534627 	 294.954280 	 108.551989 	 295.020070 	 294.790557 	 294.790557 	 295.463962 	 294.906551 
1:57:19.085 AM 10/4/2022 	 108.534329 	 294.953514 	 108.551215 	 295.018077 	 294.812964 	 294.732792 	 295.429356 	 294.863417 
1:58:13.573 AM 10/4/2022 	 108.534210 	 294.953208 	 108.550798 	 295.017005 	 294.760268 	 294.786205 	 295.453965 	 294.914459 
1:59:07.093 AM 10/4/2022 	 108.534091 	 294.952901 	 108.549011 	 295.012407 	 294.748599 	 294.752843 	 295.421593 	 294.872619 
2:00:01.134 AM 10/4/2022 	 108.534151 	 294.953054 	 108.547343 	 295.008116 	 294.804409 	 294.777058 	 295.462255 	 294.924172 
2:00:55.273 AM 10/4/2022 	 108.534508 	 294.953974 	 108.544365 	 295.000453 	 294.780009 	 294.791799 	 295.468498 	 294.925236 
2:01:49.209 AM 10/4/2022 	 108.534210 	 294.953208 	 108.542399 	 294.995396 	 294.785804 	 294.772599 	 295.455448 	 294.898499 
2:02:43.181 AM 10/4/2022 	 108.534329 	 294.953514 	 108.540314 	 294.990032 	 294.750906 	 294.753736 	 295.422484 	 294.869739 
2:03:37.165 AM 10/4/2022 	 108.534270 	 294.953361 	 108.537812 	 294.983595 	 294.767912 	 294.805167 	 295.462540 	 294.911729 
2:04:31.165 AM 10/4/2022 	 108.534210 	 294.953208 	 108.534358 	 294.974706 	 294.774839 	 294.798418 	 295.475108 	 294.916768 
2:05:28.970 AM 10/4/2022 	 108.534270 	 294.953361 	 108.530545 	 294.964898 	 294.762026 	 294.767685 	 295.452425 	 294.896887 
2:06:22.777 AM 10/4/2022 	 108.533734 	 294.951982 	 108.528103 	 294.958615 	 294.804619 	 294.765006 	 295.439860 	 294.921553 
2:07:16.857 AM 10/4/2022 	 108.533793 	 294.952135 	 108.525304 	 294.951412 	 294.800283 	 294.767272 	 295.428937 	 294.920518 
2:08:14.449 AM 10/4/2022 	 108.533793 	 294.952135 	 108.521015 	 294.940378 	 294.791366 	 294.778162 	 295.444992 	 294.877186 
2:09:08.546 AM 10/4/2022 	 108.533853 	 294.952288 	 108.518870 	 294.934861 	 294.749006 	 294.744289 	 295.430476 	 294.911687 
2:10:02.521 AM 10/4/2022 	 108.534091 	 294.952901 	 108.517560 	 294.931489 	 294.737474 	 294.738417 	 295.415664 	 294.898273 
2:11:00.161 AM 10/4/2022 	 108.533377 	 294.951063 	 108.514999 	 294.924899 	 294.763214 	 294.779248 	 295.436186 	 294.909389 
2:11:57.831 AM 10/4/2022 	 108.533793 	 294.952135 	 108.513807 	 294.921834 	 294.712846 	 294.755293 	 295.401904 	 294.891098 
2:12:55.307 AM 10/4/2022 	 108.534091 	 294.952901 	 108.513271 	 294.920455 	 294.755404 	 294.773797 	 295.434981 	 294.900639 
2:13:52.925 AM 10/4/2022 	 108.533674 	 294.951829 	 108.512140 	 294.917543 	 294.703178 	 294.777224 	 295.419566 	 294.898408 
2:14:50.578 AM 10/4/2022 	 108.533555 	 294.951522 	 108.511723 	 294.916471 	 294.729999 	 294.759712 	 295.396897 	 294.890330 
2:15:48.181 AM 10/4/2022 	 108.533674 	 294.951829 	 108.510472 	 294.913252 	 294.754028 	 294.764404 	 295.407705 	 294.890777 
2:16:45.739 AM 10/4/2022 	 108.533674 	 294.951829 	 108.508447 	 294.908042 	 294.735840 	 294.766495 	 295.429103 	 294.903240 
2:17:43.369 AM 10/4/2022 	 108.533793 	 294.952135 	 108.506779 	 294.903751 	 294.711805 	 294.755195 	 295.398509 	 294.889586 
2:18:41.163 AM 10/4/2022 	 108.533496 	 294.951369 	 108.504753 	 294.898540 	 294.734772 	 294.789951 	 295.436043 	 294.917731 
2:19:38.685 AM 10/4/2022 	 108.533615 	 294.951675 	 108.503741 	 294.895935 	 294.725518 	 294.804748 	 295.409377 	 294.920267 
2:20:36.236 AM 10/4/2022 	 108.533496 	 294.951369 	 108.502669 	 294.893177 	 294.718946 	 294.771768 	 295.405640 	 294.905682 
2:21:33.842 AM 10/4/2022 	 108.533615 	 294.951675 	 108.500882 	 294.888579 	 294.698465 	 294.805522 	 295.415802 	 294.921984 
2:22:31.456 AM 10/4/2022 	 108.533377 	 294.951063 	 108.500048 	 294.886434 	 294.692700 	 294.751185 	 295.389795 	 294.902079 
2:23:29.069 AM 10/4/2022 	 108.533377 	 294.951063 	 108.499393 	 294.884748 	 294.722458 	 294.766319 	 295.406793 	 294.904479 
2:24:26.700 AM 10/4/2022 	 108.533377 	 294.951063 	 108.497725 	 294.880457 	 294.752686 	 294.793243 	 295.410603 	 294.934223 
2:25:24.253 AM 10/4/2022 	 108.533615 	 294.951675 	 108.497427 	 294.879691 	 294.698786 	 294.774719 	 295.401051 	 294.909104 
2:26:22.072 AM 10/4/2022 	 108.533496 	 294.951369 	 108.496474 	 294.877239 	 294.678912 	 294.771826 	 295.400047 	 294.902441 
2:27:19.560 AM 10/4/2022 	 108.533555 	 294.951522 	 108.496414 	 294.877086 	 294.695224 	 294.788135 	 295.407857 	 294.935246 
2:28:17.145 AM 10/4/2022 	 108.533377 	 294.951063 	 108.496236 	 294.876626 	 294.651414 	 294.755652 	 295.378714 	 294.875899 
2:29:14.733 AM 10/4/2022 	 108.532840 	 294.949684 	 108.496236 	 294.876626 	 294.651784 	 294.763097 	 295.385677 	 294.897485 
2:30:12.364 AM 10/4/2022 	 108.532900 	 294.949837 	 108.496414 	 294.877086 	 294.722650 	 294.784432 	 295.389088 	 294.919286 
2:31:10.040 AM 10/4/2022 	 108.533079 	 294.950297 	 108.496414 	 294.877086 	 294.686593 	 294.775733 	 295.386051 	 294.923319 
2:32:07.557 AM 10/4/2022 	 108.532900 	 294.949837 	 108.497070 	 294.878771 	 294.669211 	 294.756939 	 295.378115 	 294.885200 
2:33:05.203 AM 10/4/2022 	 108.532781 	 294.949531 	 108.497903 	 294.880917 	 294.702527 	 294.769970 	 295.374644 	 294.912372 
2:34:02.957 AM 10/4/2022 	 108.532781 	 294.949531 	 108.500405 	 294.887353 	 294.664366 	 294.772846 	 295.395414 	 294.896388 
2:35:00.376 AM 10/4/2022 	 108.532960 	 294.949990 	 108.502430 	 294.892564 	 294.683673 	 294.779887 	 295.374187 	 294.880797 
2:35:58.031 AM 10/4/2022 	 108.532960 	 294.949990 	 108.504158 	 294.897008 	 294.663261 	 294.741086 	 295.366521 	 294.876424 
2:36:55.597 AM 10/4/2022 	 108.533079 	 294.950297 	 108.505051 	 294.899307 	 294.666379 	 294.773444 	 295.382352 	 294.882370 
2:37:53.238 AM 10/4/2022 	 108.532840 	 294.949684 	 108.504575 	 294.898081 	 294.686061 	 294.767183 	 295.379397 	 294.895442 
2:38:50.933 AM 10/4/2022 	 108.533079 	 294.950297 	 108.504515 	 294.897927 	 294.610145 	 294.762028 	 295.372364 	 294.904432 
2:39:48.502 AM 10/4/2022 	 108.532840 	 294.949684 	 108.504694 	 294.898387 	 294.649818 	 294.758301 	 295.362048 	 294.900707 
2:40:46.120 AM 10/4/2022 	 108.532781 	 294.949531 	 108.505290 	 294.899920 	 294.636916 	 294.776528 	 295.341629 	 294.895355 
2:41:43.873 AM 10/4/2022 	 108.532721 	 294.949377 	 108.507017 	 294.904364 	 294.665890 	 294.793233 	 295.395522 	 294.915827 
2:42:41.295 AM 10/4/2022 	 108.533198 	 294.950603 	 108.508149 	 294.907276 	 294.643268 	 294.773446 	 295.361631 	 294.894631 
2:43:38.922 AM 10/4/2022 	 108.532721 	 294.949377 	 108.508387 	 294.907889 	 294.626168 	 294.782290 	 295.364341 	 294.909130 
2:44:36.513 AM 10/4/2022 	 108.532781 	 294.949531 	 108.507732 	 294.906203 	 294.654705 	 294.779693 	 295.370225 	 294.906534 
2:45:34.245 AM 10/4/2022 	 108.533138 	 294.950450 	 108.507970 	 294.906816 	 294.606862 	 294.750728 	 295.346477 	 294.904451 
2:46:31.746 AM 10/4/2022 	 108.532662 	 294.949224 	 108.506957 	 294.904211 	 294.686318 	 294.780645 	 295.385776 	 294.929644 
2:47:29.373 AM 10/4/2022 	 108.532662 	 294.949224 	 108.506540 	 294.903138 	 294.633250 	 294.770034 	 295.357281 	 294.901592 
2:48:27.021 AM 10/4/2022 	 108.532781 	 294.949531 	 108.506302 	 294.902525 	 294.630211 	 294.783973 	 295.363666 	 294.921184 
2:49:24.782 AM 10/4/2022 	 108.532781 	 294.949531 	 108.505170 	 294.899613 	 294.645527 	 294.784194 	 295.356351 	 294.917634 
2:50:22.252 AM 10/4/2022 	 108.532602 	 294.949071 	 108.505111 	 294.899460 	 294.660276 	 294.769700 	 295.354592 	 294.906444 
2:51:19.848 AM 10/4/2022 	 108.532960 	 294.949990 	 108.504337 	 294.897468 	 294.668785 	 294.776320 	 295.356494 	 294.891847 
2:52:17.528 AM 10/4/2022 	 108.532424 	 294.948611 	 108.503443 	 294.895169 	 294.656780 	 294.788370 	 295.352986 	 294.911908 
2:53:18.720 AM 10/4/2022 	 108.532781 	 294.949531 	 108.501656 	 294.890571 	 294.620639 	 294.789024 	 295.354110 	 294.897947 
2:54:19.942 AM 10/4/2022 	 108.532483 	 294.948765 	 108.500286 	 294.887047 	 294.594890 	 294.766114 	 295.343003 	 294.910402 
2:55:21.218 AM 10/4/2022 	 108.532185 	 294.947999 	 108.497665 	 294.880304 	 294.641708 	 294.795466 	 295.353008 	 294.927488 
2:56:22.409 AM 10/4/2022 	 108.532364 	 294.948458 	 108.496414 	 294.877086 	 294.643425 	 294.775018 	 295.346716 	 294.933919 
2:57:23.577 AM 10/4/2022 	 108.532543 	 294.948918 	 108.493972 	 294.870802 	 294.642772 	 294.769650 	 295.353600 	 294.888949 
2:58:24.750 AM 10/4/2022 	 108.532185 	 294.947999 	 108.493079 	 294.868504 	 294.609664 	 294.775695 	 295.348333 	 294.911023 
2:59:25.941 AM 10/4/2022 	 108.532245 	 294.948152 	 108.492423 	 294.866818 	 294.659783 	 294.761661 	 295.295219 	 294.905008 
3:00:27.441 AM 10/4/2022 	 108.532304 	 294.948305 	 108.491590 	 294.864672 	 294.637231 	 294.783446 	 295.332052 	 294.911228 
3:01:28.479 AM 10/4/2022 	 108.532066 	 294.947692 	 108.489564 	 294.859462 	 294.668414 	 294.798114 	 295.348588 	 294.924950 
3:02:29.630 AM 10/4/2022 	 108.532483 	 294.948765 	 108.487777 	 294.854865 	 294.619783 	 294.766475 	 295.324051 	 294.904634 
3:03:30.777 AM 10/4/2022 	 108.532066 	 294.947692 	 108.486467 	 294.851493 	 294.618486 	 294.794889 	 295.352902 	 294.954254 
3:04:32.007 AM 10/4/2022 	 108.531888 	 294.947233 	 108.484263 	 294.845823 	 294.629509 	 294.776198 	 295.321044 	 294.929441 
3:05:33.268 AM 10/4/2022 	 108.531888 	 294.947233 	 108.481642 	 294.839080 	 294.586736 	 294.777769 	 295.329209 	 294.920169 
3:06:34.492 AM 10/4/2022 	 108.531530 	 294.946313 	 108.478426 	 294.830805 	 294.582041 	 294.757985 	 295.308977 	 294.905105 
3:07:35.640 AM 10/4/2022 	 108.531888 	 294.947233 	 108.475686 	 294.823755 	 294.562908 	 294.775174 	 295.301651 	 294.903902 
3:08:36.914 AM 10/4/2022 	 108.531947 	 294.947386 	 108.473899 	 294.819158 	 294.561244 	 294.756533 	 295.296220 	 294.879136 
3:09:38.101 AM 10/4/2022 	 108.531768 	 294.946926 	 108.471337 	 294.812568 	 294.578570 	 294.787528 	 295.303627 	 294.906352 
3:10:39.333 AM 10/4/2022 	 108.531590 	 294.946466 	 108.470027 	 294.809197 	 294.586787 	 294.791968 	 295.342449 	 294.922106 
3:11:40.535 AM 10/4/2022 	 108.531649 	 294.946620 	 108.470086 	 294.809350 	 294.585153 	 294.787506 	 295.310671 	 294.920002 
3:12:41.755 AM 10/4/2022 	 108.531590 	 294.946466 	 108.468776 	 294.805979 	 294.594333 	 294.756125 	 295.312771 	 294.913146 
3:13:43.075 AM 10/4/2022 	 108.531471 	 294.946160 	 108.466215 	 294.799389 	 294.571320 	 294.795843 	 295.312404 	 294.913722 
3:14:44.410 AM 10/4/2022 	 108.531590 	 294.946466 	 108.464070 	 294.793873 	 294.592666 	 294.801618 	 295.320999 	 294.929395 
3:15:45.568 AM 10/4/2022 	 108.531292 	 294.945700 	 108.461866 	 294.788203 	 294.545924 	 294.751595 	 295.300710 	 294.917104 
3:16:46.626 AM 10/4/2022 	 108.530935 	 294.944781 	 108.461628 	 294.787590 	 294.549106 	 294.778827 	 295.303886 	 294.882094 
3:17:47.880 AM 10/4/2022 	 108.530875 	 294.944628 	 108.460020 	 294.783452 	 294.524572 	 294.769397 	 295.284103 	 294.908027 
3:18:49.069 AM 10/4/2022 	 108.530935 	 294.944781 	 108.458709 	 294.780081 	 294.555089 	 294.766415 	 295.292431 	 294.933334 
3:19:50.335 AM 10/4/2022 	 108.530935 	 294.944781 	 108.458531 	 294.779621 	 294.575766 	 294.761145 	 295.264554 	 294.895535 
3:20:51.549 AM 10/4/2022 	 108.531054 	 294.945088 	 108.457578 	 294.777169 	 294.566402 	 294.760274 	 295.280643 	 294.897964 
3:21:52.749 AM 10/4/2022 	 108.531054 	 294.945088 	 108.456803 	 294.775177 	 294.618162 	 294.798809 	 295.312541 	 294.925173 
3:22:53.958 AM 10/4/2022 	 108.531113 	 294.945241 	 108.455374 	 294.771499 	 294.546127 	 294.775849 	 295.301383 	 294.934750 
3:23:55.146 AM 10/4/2022 	 108.531232 	 294.945547 	 108.455850 	 294.772725 	 294.591966 	 294.782054 	 295.302871 	 294.942838 
3:24:56.307 AM 10/4/2022 	 108.531292 	 294.945700 	 108.455493 	 294.771805 	 294.547326 	 294.758184 	 295.261596 	 294.900589 
3:25:57.552 AM 10/4/2022 	 108.531173 	 294.945394 	 108.454838 	 294.770120 	 294.550568 	 294.777459 	 295.293098 	 294.891571 
3:26:58.835 AM 10/4/2022 	 108.530637 	 294.944015 	 108.454302 	 294.768741 	 294.559842 	 294.783428 	 295.293879 	 294.888108 
3:28:00.130 AM 10/4/2022 	 108.530696 	 294.944168 	 108.453706 	 294.767208 	 294.531966 	 294.805082 	 295.285361 	 294.936630 
3:29:01.359 AM 10/4/2022 	 108.530458 	 294.943556 	 108.452455 	 294.763990 	 294.532974 	 294.785339 	 295.267523 	 294.875875 
3:30:02.450 AM 10/4/2022 	 108.530339 	 294.943249 	 108.453408 	 294.766442 	 294.553342 	 294.786834 	 295.277496 	 294.913673 
3:31:03.749 AM 10/4/2022 	 108.530875 	 294.944628 	 108.454123 	 294.768281 	 294.527922 	 294.775574 	 295.270488 	 294.901001 
3:32:04.823 AM 10/4/2022 	 108.530339 	 294.943249 	 108.455076 	 294.770733 	 294.566391 	 294.782900 	 295.267912 	 294.923411 
3:33:06.066 AM 10/4/2022 	 108.530101 	 294.942636 	 108.455314 	 294.771346 	 294.529305 	 294.768939 	 295.228054 	 294.892954 
3:34:07.231 AM 10/4/2022 	 108.530339 	 294.943249 	 108.454480 	 294.769200 	 294.489561 	 294.755155 	 295.254801 	 294.905576 
3:35:08.507 AM 10/4/2022 	 108.530160 	 294.942790 	 108.453110 	 294.765676 	 294.496392 	 294.766699 	 295.245604 	 294.899672 
3:36:13.278 AM 10/4/2022 	 108.530339 	 294.943249 	 108.450609 	 294.759239 	 294.535685 	 294.787106 	 295.227358 	 294.885185 
3:37:14.574 AM 10/4/2022 	 108.529922 	 294.942177 	 108.448583 	 294.754029 	 294.534334 	 294.777739 	 295.285841 	 294.930981 
3:38:15.743 AM 10/4/2022 	 108.530101 	 294.942636 	 108.445605 	 294.746367 	 294.497610 	 294.787251 	 295.250589 	 294.910790 
3:39:20.618 AM 10/4/2022 	 108.529624 	 294.941411 	 108.444890 	 294.744528 	 294.523820 	 294.767231 	 295.244722 	 294.890303 
3:40:25.338 AM 10/4/2022 	 108.529684 	 294.941564 	 108.443461 	 294.740850 	 294.558876 	 294.805098 	 295.260409 	 294.907887 
3:41:30.331 AM 10/4/2022 	 108.529624 	 294.941411 	 108.441733 	 294.736406 	 294.526894 	 294.772189 	 295.242608 	 294.914119 
3:42:31.289 AM 10/4/2022 	 108.529803 	 294.941870 	 108.442269 	 294.737786 	 294.527640 	 294.770105 	 295.232046 	 294.920992 
3:43:36.165 AM 10/4/2022 	 108.529684 	 294.941564 	 108.442388 	 294.738092 	 294.502981 	 294.750646 	 295.219202 	 294.880795 
3:44:41.040 AM 10/4/2022 	 108.529624 	 294.941411 	 108.441733 	 294.736406 	 294.540198 	 294.768981 	 295.213490 	 294.885923 
3:45:45.890 AM 10/4/2022 	 108.529565 	 294.941258 	 108.441316 	 294.735334 	 294.548204 	 294.808107 	 295.244099 	 294.916553 
3:46:50.747 AM 10/4/2022 	 108.529624 	 294.941411 	 108.439887 	 294.731656 	 294.527128 	 294.782326 	 295.230121 	 294.925196 
3:47:55.475 AM 10/4/2022 	 108.529684 	 294.941564 	 108.438815 	 294.728897 	 294.527781 	 294.794769 	 295.221351 	 294.911234 
3:49:00.295 AM 10/4/2022 	 108.529267 	 294.940491 	 108.439768 	 294.731349 	 294.516447 	 294.764577 	 295.228879 	 294.866432 
3:50:05.057 AM 10/4/2022 	 108.529267 	 294.940491 	 108.441138 	 294.734874 	 294.484665 	 294.785160 	 295.219761 	 294.914828 
3:51:10.042 AM 10/4/2022 	 108.529446 	 294.940951 	 108.440363 	 294.732882 	 294.499293 	 294.787990 	 295.224943 	 294.905871 
3:52:14.674 AM 10/4/2022 	 108.529446 	 294.940951 	 108.437742 	 294.726139 	 294.524029 	 294.769325 	 295.220902 	 294.921156 
3:53:19.520 AM 10/4/2022 	 108.529207 	 294.940338 	 108.435300 	 294.719856 	 294.495654 	 294.782467 	 295.222253 	 294.913550 
3:54:24.338 AM 10/4/2022 	 108.529088 	 294.940032 	 108.433394 	 294.714953 	 294.526494 	 294.803856 	 295.233728 	 294.925976 
3:55:29.196 AM 10/4/2022 	 108.528790 	 294.939266 	 108.431250 	 294.709436 	 294.499198 	 294.769974 	 295.196579 	 294.914262 
3:56:34.063 AM 10/4/2022 	 108.528790 	 294.939266 	 108.429403 	 294.704685 	 294.493533 	 294.782233 	 295.211182 	 294.908602 
3:57:38.946 AM 10/4/2022 	 108.528552 	 294.938653 	 108.426544 	 294.697330 	 294.527536 	 294.790279 	 295.199432 	 294.918060 
3:58:43.664 AM 10/4/2022 	 108.528612 	 294.938806 	 108.427080 	 294.698709 	 294.478474 	 294.754922 	 295.218762 	 294.915715 
3:59:48.605 AM 10/4/2022 	 108.528552 	 294.938653 	 108.425531 	 294.694725 	 294.516156 	 294.772303 	 295.193723 	 294.898203 
4:00:53.414 AM 10/4/2022 	 108.528612 	 294.938806 	 108.423804 	 294.690281 	 294.464777 	 294.779905 	 295.184355 	 294.893073 
4:01:58.213 AM 10/4/2022 	 108.528254 	 294.937887 	 108.424102 	 294.691047 	 294.491182 	 294.800634 	 295.209307 	 294.915683 
4:03:03.035 AM 10/4/2022 	 108.527659 	 294.936355 	 108.422374 	 294.686603 	 294.463524 	 294.766863 	 295.205721 	 294.897951 
4:04:07.838 AM 10/4/2022 	 108.528195 	 294.937734 	 108.419456 	 294.679094 	 294.490234 	 294.786010 	 295.182445 	 294.910492 
4:05:12.750 AM 10/4/2022 	 108.528433 	 294.938347 	 108.417192 	 294.673271 	 294.501920 	 294.771752 	 295.197412 	 294.903781 
4:06:17.375 AM 10/4/2022 	 108.528016 	 294.937274 	 108.415048 	 294.667755 	 294.449857 	 294.756506 	 295.156736 	 294.893255 
4:07:22.402 AM 10/4/2022 	 108.527778 	 294.936661 	 108.413023 	 294.662545 	 294.501920 	 294.769393 	 295.198354 	 294.912738 
4:08:26.954 AM 10/4/2022 	 108.527837 	 294.936815 	 108.410938 	 294.657181 	 294.525974 	 294.792963 	 295.210595 	 294.930643 
4:09:31.776 AM 10/4/2022 	 108.528076 	 294.937427 	 108.409449 	 294.653350 	 294.485558 	 294.784638 	 295.179190 	 294.918549 
4:10:36.600 AM 10/4/2022 	 108.527540 	 294.936049 	 108.410402 	 294.655802 	 294.487763 	 294.786371 	 295.183748 	 294.938667 
4:11:41.379 AM 10/4/2022 	 108.527540 	 294.936049 	 108.411712 	 294.659173 	 294.512244 	 294.787729 	 295.184162 	 294.918339 
4:12:46.225 AM 10/4/2022 	 108.527242 	 294.935283 	 108.412129 	 294.660246 	 294.467067 	 294.777006 	 295.168265 	 294.907619 
4:13:51.033 AM 10/4/2022 	 108.527599 	 294.936202 	 108.412367 	 294.660859 	 294.468469 	 294.789725 	 295.177205 	 294.909963 
4:14:55.864 AM 10/4/2022 	 108.527480 	 294.935895 	 108.412487 	 294.661165 	 294.478497 	 294.794087 	 295.215016 	 294.942610 
4:16:00.658 AM 10/4/2022 	 108.527242 	 294.935283 	 108.413499 	 294.663770 	 294.474876 	 294.793298 	 295.190198 	 294.887133 
4:17:05.433 AM 10/4/2022 	 108.527540 	 294.936049 	 108.413737 	 294.664383 	 294.482538 	 294.788694 	 295.172404 	 294.915532 
4:18:10.387 AM 10/4/2022 	 108.527242 	 294.935283 	 108.413499 	 294.663770 	 294.491955 	 294.780185 	 295.160604 	 294.893825 
4:19:15.190 AM 10/4/2022 	 108.526884 	 294.934363 	 108.415167 	 294.668061 	 294.464272 	 294.799678 	 295.173484 	 294.893039 
4:20:19.917 AM 10/4/2022 	 108.527004 	 294.934670 	 108.417133 	 294.673118 	 294.465959 	 294.774956 	 295.158206 	 294.906984 
4:21:24.716 AM 10/4/2022 	 108.527123 	 294.934976 	 108.417431 	 294.673884 	 294.508905 	 294.797596 	 295.173289 	 294.941875 
4:22:29.518 AM 10/4/2022 	 108.526765 	 294.934057 	 108.415108 	 294.667908 	 294.492973 	 294.773657 	 295.163505 	 294.914171 
4:23:34.398 AM 10/4/2022 	 108.526527 	 294.933444 	 108.414988 	 294.667601 	 294.442983 	 294.770859 	 295.139505 	 294.922218 
4:24:39.150 AM 10/4/2022 	 108.526229 	 294.932678 	 108.413976 	 294.664996 	 294.483119 	 294.775599 	 295.142827 	 294.902912 
4:25:43.948 AM 10/4/2022 	 108.526527 	 294.933444 	 108.414393 	 294.666069 	 294.441766 	 294.753608 	 295.109544 	 294.876213 
4:26:48.832 AM 10/4/2022 	 108.526170 	 294.932525 	 108.412546 	 294.661319 	 294.502690 	 294.778181 	 295.124673 	 294.919165 
4:27:57.262 AM 10/4/2022 	 108.526170 	 294.932525 	 108.409985 	 294.654729 	 294.476306 	 294.788125 	 295.167596 	 294.924393 
4:29:05.604 AM 10/4/2022 	 108.526646 	 294.933751 	 108.405994 	 294.644462 	 294.454667 	 294.772160 	 295.160125 	 294.917389 
4:30:14.039 AM 10/4/2022 	 108.526110 	 294.932372 	 108.405279 	 294.642624 	 294.447332 	 294.784166 	 295.098137 	 294.890260 
4:31:22.508 AM 10/4/2022 	 108.525693 	 294.931299 	 108.405696 	 294.643696 	 294.461045 	 294.762499 	 295.109474 	 294.909146 
4:32:30.852 AM 10/4/2022 	 108.525991 	 294.932065 	 108.404207 	 294.639865 	 294.450981 	 294.792999 	 295.163984 	 294.921251 
4:33:39.286 AM 10/4/2022 	 108.526348 	 294.932984 	 108.403373 	 294.637720 	 294.459793 	 294.771623 	 295.099741 	 294.903652 
4:34:47.733 AM 10/4/2022 	 108.526051 	 294.932218 	 108.400931 	 294.631437 	 294.442899 	 294.786337 	 295.112089 	 294.907519 
4:35:56.043 AM 10/4/2022 	 108.525693 	 294.931299 	 108.397119 	 294.621630 	 294.434777 	 294.785766 	 295.134138 	 294.923920 
4:37:04.702 AM 10/4/2022 	 108.525753 	 294.931452 	 108.394796 	 294.615654 	 294.447891 	 294.806888 	 295.149589 	 294.916749 
4:38:13.177 AM 10/4/2022 	 108.525753 	 294.931452 	 108.393068 	 294.611210 	 294.471777 	 294.783128 	 295.114065 	 294.913739 
4:39:21.523 AM 10/4/2022 	 108.525217 	 294.930074 	 108.390983 	 294.605847 	 294.437165 	 294.796641 	 295.113903 	 294.892361 
4:40:29.949 AM 10/4/2022 	 108.525336 	 294.930380 	 108.388839 	 294.600330 	 294.452097 	 294.759687 	 295.121745 	 294.897849 
4:41:38.257 AM 10/4/2022 	 108.525157 	 294.929920 	 108.386457 	 294.594201 	 294.435986 	 294.802066 	 295.117910 	 294.889298 
4:42:46.625 AM 10/4/2022 	 108.524443 	 294.928082 	 108.385384 	 294.591443 	 294.414017 	 294.768324 	 295.106341 	 294.904597 
4:43:55.034 AM 10/4/2022 	 108.524979 	 294.929461 	 108.385801 	 294.592515 	 294.435777 	 294.780635 	 295.082827 	 294.911719 
4:45:03.429 AM 10/4/2022 	 108.524800 	 294.929001 	 108.385682 	 294.592209 	 294.481791 	 294.805868 	 295.138674 	 294.929873 
4:46:11.836 AM 10/4/2022 	 108.524979 	 294.929461 	 108.383180 	 294.585773 	 294.446886 	 294.783719 	 295.121725 	 294.920931 
4:47:20.377 AM 10/4/2022 	 108.524800 	 294.929001 	 108.383121 	 294.585620 	 294.430376 	 294.736095 	 295.071307 	 294.874263 
4:48:28.907 AM 10/4/2022 	 108.524264 	 294.927622 	 108.381632 	 294.581789 	 294.386081 	 294.753143 	 295.083630 	 294.888949 
4:49:37.259 AM 10/4/2022 	 108.524383 	 294.927929 	 108.379606 	 294.576579 	 294.422698 	 294.766623 	 295.083434 	 294.893467 
4:50:45.570 AM 10/4/2022 	 108.523966 	 294.926856 	 108.377045 	 294.569990 	 294.434130 	 294.774274 	 295.113229 	 294.919975 
4:51:54.047 AM 10/4/2022 	 108.523906 	 294.926703 	 108.375258 	 294.565393 	 294.441768 	 294.784736 	 295.087868 	 294.889416 
4:53:02.327 AM 10/4/2022 	 108.523906 	 294.926703 	 108.373710 	 294.561409 	 294.429728 	 294.784966 	 295.088569 	 294.924063 
4:54:10.803 AM 10/4/2022 	 108.523668 	 294.926090 	 108.373054 	 294.559723 	 294.422719 	 294.765229 	 295.072143 	 294.899617 
4:55:19.182 AM 10/4/2022 	 108.523668 	 294.926090 	 108.372518 	 294.558344 	 294.413526 	 294.798958 	 295.086999 	 294.896091 
4:56:27.576 AM 10/4/2022 	 108.523668 	 294.926090 	 108.373054 	 294.559723 	 294.378687 	 294.789142 	 295.078604 	 294.907966 
4:57:36.004 AM 10/4/2022 	 108.523609 	 294.925937 	 108.373471 	 294.560796 	 294.377964 	 294.772857 	 295.050546 	 294.900642 
4:58:44.475 AM 10/4/2022 	 108.523251 	 294.925018 	 108.374543 	 294.563554 	 294.383145 	 294.776147 	 295.066560 	 294.880358 
4:59:52.877 AM 10/4/2022 	 108.523251 	 294.925018 	 108.373590 	 294.561102 	 294.451631 	 294.780915 	 295.087820 	 294.936986 
5:01:01.210 AM 10/4/2022 	 108.522954 	 294.924252 	 108.374067 	 294.562328 	 294.422619 	 294.767487 	 295.064974 	 294.889616 
5:02:09.698 AM 10/4/2022 	 108.523013 	 294.924405 	 108.373412 	 294.560643 	 294.423330 	 294.743674 	 295.077467 	 294.893156 
5:03:18.114 AM 10/4/2022 	 108.523073 	 294.924558 	 108.372637 	 294.558651 	 294.412137 	 294.784837 	 295.086084 	 294.896590 
5:04:26.484 AM 10/4/2022 	 108.522834 	 294.923945 	 108.372220 	 294.557578 	 294.398192 	 294.765715 	 295.040109 	 294.908590 
5:05:38.659 AM 10/4/2022 	 108.522656 	 294.923486 	 108.372935 	 294.559417 	 294.384308 	 294.817864 	 295.073848 	 294.925838 
5:06:46.996 AM 10/4/2022 	 108.522120 	 294.922107 	 108.372756 	 294.558957 	 294.387683 	 294.793886 	 295.092770 	 294.904221 
5:07:55.501 AM 10/4/2022 	 108.522358 	 294.922720 	 108.372637 	 294.558651 	 294.380371 	 294.755926 	 295.053892 	 294.893617 
5:09:04.032 AM 10/4/2022 	 108.522358 	 294.922720 	 108.372220 	 294.557578 	 294.374431 	 294.800451 	 295.066341 	 294.922101 
5:10:12.270 AM 10/4/2022 	 108.522298 	 294.922567 	 108.371625 	 294.556046 	 294.378866 	 294.768570 	 295.025052 	 294.896829 
5:11:20.673 AM 10/4/2022 	 108.521822 	 294.921341 	 108.371982 	 294.556965 	 294.414691 	 294.780316 	 295.037733 	 294.910457 
5:12:28.989 AM 10/4/2022 	 108.521941 	 294.921647 	 108.370672 	 294.553594 	 294.393738 	 294.792862 	 295.053572 	 294.891883 
5:13:37.491 AM 10/4/2022 	 108.522060 	 294.921954 	 108.369242 	 294.549916 	 294.408467 	 294.776455 	 295.041887 	 294.937240 
5:14:45.890 AM 10/4/2022 	 108.521822 	 294.921341 	 108.366919 	 294.543940 	 294.364475 	 294.756078 	 295.021522 	 294.901313 
5:15:54.311 AM 10/4/2022 	 108.521703 	 294.921035 	 108.366562 	 294.543021 	 294.416251 	 294.791778 	 295.047304 	 294.912015 
5:17:02.671 AM 10/4/2022 	 108.521345 	 294.920115 	 108.366383 	 294.542561 	 294.383125 	 294.794991 	 295.036846 	 294.931728 
5:18:14.661 AM 10/4/2022 	 108.521345 	 294.920115 	 108.365370 	 294.539956 	 294.365635 	 294.791663 	 295.052374 	 294.917558 
5:19:26.689 AM 10/4/2022 	 108.520928 	 294.919043 	 108.365311 	 294.539803 	 294.382075 	 294.761874 	 295.027785 	 294.916536 
5:20:38.684 AM 10/4/2022 	 108.521167 	 294.919656 	 108.362869 	 294.533520 	 294.400323 	 294.791896 	 295.057791 	 294.922034 
5:21:50.755 AM 10/4/2022 	 108.521167 	 294.919656 	 108.359831 	 294.525705 	 294.302455 	 294.747406 	 295.005784 	 294.888872 
5:23:02.716 AM 10/4/2022 	 108.521107 	 294.919503 	 108.357210 	 294.518963 	 294.355227 	 294.737877 	 295.009930 	 294.888775 
5:24:15.406 AM 10/4/2022 	 108.521167 	 294.919656 	 108.353755 	 294.510076 	 294.337310 	 294.794961 	 295.026919 	 294.926983 
5:25:26.949 AM 10/4/2022 	 108.520809 	 294.918737 	 108.349824 	 294.499963 	 294.345675 	 294.788227 	 294.997563 	 294.880648 
5:26:38.922 AM 10/4/2022 	 108.520750 	 294.918583 	 108.346786 	 294.492148 	 294.325683 	 294.727694 	 294.995040 	 294.872938 
5:27:50.836 AM 10/4/2022 	 108.520512 	 294.917971 	 108.344344 	 294.485865 	 294.334824 	 294.792949 	 295.045646 	 294.917900 
5:29:02.787 AM 10/4/2022 	 108.519797 	 294.916132 	 108.341723 	 294.479123 	 294.392839 	 294.758008 	 295.012610 	 294.898056 
5:30:14.976 AM 10/4/2022 	 108.520333 	 294.917511 	 108.341187 	 294.477744 	 294.361750 	 294.744395 	 294.964592 	 294.886804 
5:31:26.870 AM 10/4/2022 	 108.520035 	 294.916745 	 108.339221 	 294.472688 	 294.344108 	 294.784776 	 295.006369 	 294.906901 
5:32:38.852 AM 10/4/2022 	 108.519737 	 294.915979 	 108.337017 	 294.467018 	 294.334981 	 294.775185 	 294.994426 	 294.909571 
5:33:50.988 AM 10/4/2022 	 108.519797 	 294.916132 	 108.335588 	 294.463341 	 294.340906 	 294.749978 	 294.992800 	 294.901344 
5:35:02.885 AM 10/4/2022 	 108.519320 	 294.914906 	 108.335052 	 294.461962 	 294.329980 	 294.793297 	 295.015829 	 294.914005 
5:36:15.047 AM 10/4/2022 	 108.519261 	 294.914753 	 108.333503 	 294.457978 	 294.372100 	 294.782089 	 295.011225 	 294.926844 
5:37:26.981 AM 10/4/2022 	 108.518963 	 294.913987 	 108.332133 	 294.454453 	 294.339313 	 294.757819 	 294.985081 	 294.889852 
5:38:39.164 AM 10/4/2022 	 108.519976 	 294.916592 	 108.331239 	 294.452155 	 294.352293 	 294.784464 	 294.992387 	 294.924033 
5:39:51.115 AM 10/4/2022 	 108.518725 	 294.913374 	 108.331597 	 294.453074 	 294.324225 	 294.744160 	 294.978029 	 294.893642 
5:41:03.009 AM 10/4/2022 	 108.518844 	 294.913681 	 108.332252 	 294.454760 	 294.293377 	 294.751071 	 294.950523 	 294.889706 
5:42:15.018 AM 10/4/2022 	 108.518665 	 294.913221 	 108.333979 	 294.459203 	 294.298486 	 294.771738 	 294.978724 	 294.909424 
5:43:27.100 AM 10/4/2022 	 108.518606 	 294.913068 	 108.333860 	 294.458897 	 294.285262 	 294.763243 	 294.958448 	 294.887731 
5:44:39.163 AM 10/4/2022 	 108.518070 	 294.911689 	 108.333145 	 294.457058 	 294.272590 	 294.751527 	 294.957108 	 294.881676 
5:45:51.100 AM 10/4/2022 	 108.518070 	 294.911689 	 108.332669 	 294.455832 	 294.254751 	 294.777566 	 294.960509 	 294.895921 
5:47:03.140 AM 10/4/2022 	 108.517534 	 294.910310 	 108.334039 	 294.459357 	 294.287750 	 294.742619 	 294.976017 	 294.873713 
5:48:15.111 AM 10/4/2022 	 108.518070 	 294.911689 	 108.334337 	 294.460123 	 294.306289 	 294.767742 	 294.967188 	 294.903544 
5:49:27.097 AM 10/4/2022 	 108.517772 	 294.910923 	 108.334218 	 294.459816 	 294.282663 	 294.757817 	 294.953024 	 294.896451 
5:50:39.229 AM 10/4/2022 	 108.517236 	 294.909544 	 108.333562 	 294.458131 	 294.329678 	 294.772245 	 294.955190 	 294.920304 
5:51:51.358 AM 10/4/2022 	 108.517117 	 294.909238 	 108.333920 	 294.459050 	 294.303531 	 294.776778 	 294.959249 	 294.912577 
5:53:03.301 AM 10/4/2022 	 108.517474 	 294.910157 	 108.333741 	 294.458591 	 294.317136 	 294.755471 	 294.979906 	 294.916264 
5:54:15.270 AM 10/4/2022 	 108.517295 	 294.909698 	 108.333503 	 294.457978 	 294.289172 	 294.778939 	 294.982151 	 294.903894 
5:55:27.163 AM 10/4/2022 	 108.516998 	 294.908932 	 108.333682 	 294.458437 	 294.272476 	 294.772636 	 294.956995 	 294.893350 
5:56:39.207 AM 10/4/2022 	 108.516521 	 294.907706 	 108.333265 	 294.457365 	 294.327997 	 294.785186 	 294.970953 	 294.884680 
5:57:51.332 AM 10/4/2022 	 108.516700 	 294.908165 	 108.333443 	 294.457824 	 294.302776 	 294.770364 	 294.950481 	 294.899565 
5:59:03.244 AM 10/4/2022 	 108.516581 	 294.907859 	 108.334039 	 294.459357 	 294.275532 	 294.758711 	 294.947789 	 294.887443 
6:00:15.339 AM 10/4/2022 	 108.516878 	 294.908625 	 108.335528 	 294.463187 	 294.306354 	 294.769694 	 294.930482 	 294.882393 
6:01:30.835 AM 10/4/2022 	 108.516759 	 294.908319 	 108.336422 	 294.465486 	 294.335990 	 294.760630 	 294.948765 	 294.902563 
6:02:43.002 AM 10/4/2022 	 108.516521 	 294.907706 	 108.335885 	 294.464107 	 294.268871 	 294.747341 	 294.913794 	 294.903893 
6:03:55.050 AM 10/4/2022 	 108.516223 	 294.906940 	 108.333086 	 294.456905 	 294.227579 	 294.748538 	 294.920649 	 294.889060 
6:05:07.031 AM 10/4/2022 	 108.515985 	 294.906327 	 108.330286 	 294.449703 	 294.271174 	 294.759544 	 294.928822 	 294.889219 
6:06:19.036 AM 10/4/2022 	 108.515925 	 294.906174 	 108.328082 	 294.444034 	 294.228869 	 294.753128 	 294.922879 	 294.901664 
6:07:34.524 AM 10/4/2022 	 108.515449 	 294.904948 	 108.326057 	 294.438824 	 294.259237 	 294.779690 	 294.938117 	 294.909831 
6:08:46.578 AM 10/4/2022 	 108.515270 	 294.904489 	 108.323138 	 294.431316 	 294.273652 	 294.797861 	 294.958640 	 294.916682 
6:10:02.174 AM 10/4/2022 	 108.514913 	 294.903569 	 108.320696 	 294.425034 	 294.226208 	 294.799044 	 294.915508 	 294.909379 
6:11:17.817 AM 10/4/2022 	 108.514853 	 294.903416 	 108.316527 	 294.414308 	 294.251152 	 294.764067 	 294.939001 	 294.912128 
6:12:33.429 AM 10/4/2022 	 108.514734 	 294.903110 	 108.313072 	 294.405421 	 294.203413 	 294.756469 	 294.941306 	 294.880488 
6:13:49.266 AM 10/4/2022 	 108.514734 	 294.903110 	 108.312298 	 294.403429 	 294.232665 	 294.763051 	 294.937513 	 294.889425 
6:15:04.643 AM 10/4/2022 	 108.514377 	 294.902191 	 108.310928 	 294.399904 	 294.286865 	 294.800685 	 294.927520 	 294.927049 
6:16:20.212 AM 10/4/2022 	 108.514436 	 294.902344 	 108.308902 	 294.394695 	 294.244324 	 294.775640 	 294.903425 	 294.891167 
6:17:35.895 AM 10/4/2022 	 108.513900 	 294.900965 	 108.308366 	 294.393316 	 294.268032 	 294.757821 	 294.915784 	 294.902584 
6:18:51.520 AM 10/4/2022 	 108.514198 	 294.901731 	 108.306758 	 294.389179 	 294.205422 	 294.747629 	 294.901353 	 294.874007 
6:20:07.107 AM 10/4/2022 	 108.514020 	 294.901271 	 108.304673 	 294.383816 	 294.210323 	 294.759127 	 294.861927 	 294.898232 
6:21:22.797 AM 10/4/2022 	 108.513781 	 294.900659 	 108.303958 	 294.381977 	 294.288221 	 294.776574 	 294.902944 	 294.913316 
6:22:38.552 AM 10/4/2022 	 108.513483 	 294.899893 	 108.302052 	 294.377074 	 294.231744 	 294.773921 	 294.879075 	 294.912550 
6:23:53.944 AM 10/4/2022 	 108.513126 	 294.898973 	 108.300861 	 294.374009 	 294.273819 	 294.743323 	 294.911192 	 294.926278 
6:25:09.590 AM 10/4/2022 	 108.513364 	 294.899586 	 108.298657 	 294.368340 	 294.220393 	 294.749377 	 294.884242 	 294.889428 
6:26:25.224 AM 10/4/2022 	 108.513245 	 294.899280 	 108.298359 	 294.367574 	 294.264331 	 294.771102 	 294.910674 	 294.921046 
6:27:40.780 AM 10/4/2022 	 108.513067 	 294.898820 	 108.296572 	 294.362977 	 294.184868 	 294.777091 	 294.897332 	 294.878944 
6:28:56.364 AM 10/4/2022 	 108.512650 	 294.897748 	 108.295441 	 294.360066 	 294.225367 	 294.739726 	 294.874121 	 294.893452 
6:30:12.143 AM 10/4/2022 	 108.512531 	 294.897441 	 108.296036 	 294.361598 	 294.273875 	 294.799970 	 294.915491 	 294.899932 
6:31:27.806 AM 10/4/2022 	 108.512471 	 294.897288 	 108.298955 	 294.369106 	 294.223548 	 294.785542 	 294.874191 	 294.905309 
6:32:43.248 AM 10/4/2022 	 108.512471 	 294.897288 	 108.300980 	 294.374316 	 294.170071 	 294.734486 	 294.871712 	 294.867469 
6:33:59.001 AM 10/4/2022 	 108.512114 	 294.896369 	 108.303601 	 294.381058 	 294.156788 	 294.751404 	 294.870708 	 294.891925 
6:35:14.505 AM 10/4/2022 	 108.511756 	 294.895450 	 108.302946 	 294.379372 	 294.229809 	 294.803584 	 294.922875 	 294.914861 
6:36:30.071 AM 10/4/2022 	 108.511756 	 294.895450 	 108.302171 	 294.377380 	 294.224256 	 294.759367 	 294.878670 	 294.900829 
6:37:45.721 AM 10/4/2022 	 108.511637 	 294.895143 	 108.300206 	 294.372324 	 294.243486 	 294.758297 	 294.886558 	 294.887029 
6:39:01.549 AM 10/4/2022 	 108.511220 	 294.894071 	 108.297942 	 294.366501 	 294.213474 	 294.781610 	 294.885348 	 294.932023 
6:40:16.960 AM 10/4/2022 	 108.511339 	 294.894377 	 108.297227 	 294.364663 	 294.203045 	 294.769307 	 294.868805 	 294.899451 
6:41:32.526 AM 10/4/2022 	 108.510803 	 294.892998 	 108.296870 	 294.363743 	 294.211504 	 294.763608 	 294.840002 	 294.897525 
6:42:48.275 AM 10/4/2022 	 108.510744 	 294.892845 	 108.295500 	 294.360219 	 294.215506 	 294.755344 	 294.849658 	 294.895393 
6:44:03.869 AM 10/4/2022 	 108.510625 	 294.892539 	 108.295262 	 294.359606 	 294.199785 	 294.756148 	 294.853762 	 294.886295 
6:45:19.433 AM 10/4/2022 	 108.510386 	 294.891926 	 108.294309 	 294.357155 	 294.200317 	 294.767526 	 294.866080 	 294.895313 
6:46:35.348 AM 10/4/2022 	 108.510505 	 294.892232 	 108.292701 	 294.353018 	 294.220560 	 294.778784 	 294.829242 	 294.918355 
6:47:50.705 AM 10/4/2022 	 108.509672 	 294.890088 	 108.291152 	 294.349034 	 294.177187 	 294.747253 	 294.825536 	 294.911349 
6:49:06.269 AM 10/4/2022 	 108.509553 	 294.889781 	 108.289544 	 294.344897 	 294.216564 	 294.768662 	 294.860615 	 294.881833 
6:50:21.905 AM 10/4/2022 	 108.509672 	 294.890088 	 108.289007 	 294.343518 	 294.180453 	 294.744856 	 294.827854 	 294.886793 
6:51:37.579 AM 10/4/2022 	 108.509731 	 294.890241 	 108.288352 	 294.341832 	 294.166546 	 294.752189 	 294.816325 	 294.894596 
6:52:53.135 AM 10/4/2022 	 108.509493 	 294.889628 	 108.287042 	 294.338461 	 294.177348 	 294.753074 	 294.838429 	 294.895952 
6:54:08.991 AM 10/4/2022 	 108.509136 	 294.888709 	 108.285136 	 294.333558 	 294.208546 	 294.760653 	 294.818658 	 294.895514 
6:55:24.663 AM 10/4/2022 	 108.508957 	 294.888249 	 108.281919 	 294.325284 	 294.191329 	 294.760907 	 294.809952 	 294.888695 
6:56:43.591 AM 10/4/2022 	 108.508957 	 294.888249 	 108.279894 	 294.320075 	 294.182126 	 294.768222 	 294.847915 	 294.891765 
6:58:02.822 AM 10/4/2022 	 108.508719 	 294.887636 	 108.278464 	 294.316397 	 294.172949 	 294.755283 	 294.828849 	 294.893917 
6:59:22.161 AM 10/4/2022 	 108.508421 	 294.886870 	 108.276141 	 294.310422 	 294.127690 	 294.755357 	 294.822322 	 294.874661 
7:00:41.254 AM 10/4/2022 	 108.508302 	 294.886564 	 108.274116 	 294.305212 	 294.169786 	 294.758255 	 294.816260 	 294.886045 
7:02:00.771 AM 10/4/2022 	 108.508540 	 294.887177 	 108.272329 	 294.300615 	 294.166801 	 294.776024 	 294.810449 	 294.885421 
7:03:19.781 AM 10/4/2022 	 108.507647 	 294.884879 	 108.270066 	 294.294793 	 294.186050 	 294.730166 	 294.808924 	 294.883896 
7:04:38.882 AM 10/4/2022 	 108.507527 	 294.884572 	 108.267921 	 294.289277 	 294.142196 	 294.753337 	 294.804269 	 294.876413 
7:05:58.123 AM 10/4/2022 	 108.507170 	 294.883653 	 108.268755 	 294.291422 	 294.120249 	 294.737550 	 294.788012 	 294.848842 
7:07:18.249 AM 10/4/2022 	 108.507230 	 294.883806 	 108.269410 	 294.293108 	 294.149523 	 294.754052 	 294.812058 	 294.874771 
7:08:36.773 AM 10/4/2022 	 108.507170 	 294.883653 	 108.269053 	 294.292188 	 294.134939 	 294.777687 	 294.817300 	 294.902171 
7:09:55.802 AM 10/4/2022 	 108.506991 	 294.883194 	 108.270423 	 294.295712 	 294.147417 	 294.755250 	 294.807125 	 294.873611 
7:11:15.085 AM 10/4/2022 	 108.506753 	 294.882581 	 108.270721 	 294.296478 	 294.161281 	 294.756363 	 294.787960 	 294.878967 
7:12:34.243 AM 10/4/2022 	 108.506158 	 294.881049 	 108.269232 	 294.292648 	 294.189323 	 294.752300 	 294.804647 	 294.859345 
7:13:53.473 AM 10/4/2022 	 108.506277 	 294.881355 	 108.266492 	 294.285600 	 294.137729 	 294.769627 	 294.788963 	 294.905429 
7:15:12.943 AM 10/4/2022 	 108.505979 	 294.880589 	 108.265598 	 294.283301 	 294.170082 	 294.752891 	 294.777886 	 294.873138 
7:16:31.833 AM 10/4/2022 	 108.505741 	 294.879976 	 108.264407 	 294.280237 	 294.137170 	 294.750676 	 294.793592 	 294.869038 
7:17:51.121 AM 10/4/2022 	 108.505562 	 294.879517 	 108.263752 	 294.278552 	 294.177697 	 294.777003 	 294.819916 	 294.916102 
7:19:10.384 AM 10/4/2022 	 108.505562 	 294.879517 	 108.264645 	 294.280850 	 294.151159 	 294.750027 	 294.800487 	 294.884419 
7:20:29.559 AM 10/4/2022 	 108.505026 	 294.878138 	 108.266611 	 294.285906 	 294.161485 	 294.736759 	 294.778261 	 294.878699 
7:21:48.904 AM 10/4/2022 	 108.505086 	 294.878291 	 108.270066 	 294.294793 	 294.143780 	 294.729923 	 294.775199 	 294.870923 
7:23:07.974 AM 10/4/2022 	 108.504907 	 294.877831 	 108.273282 	 294.303067 	 294.153898 	 294.751348 	 294.759837 	 294.873953 
7:24:27.196 AM 10/4/2022 	 108.504430 	 294.876606 	 108.275069 	 294.307664 	 294.139522 	 294.764816 	 294.785566 	 294.902976 
7:25:46.417 AM 10/4/2022 	 108.504371 	 294.876453 	 108.277571 	 294.314099 	 294.161726 	 294.744545 	 294.761995 	 294.900156 
7:27:05.618 AM 10/4/2022 	 108.504609 	 294.877065 	 108.278703 	 294.317010 	 294.127575 	 294.753356 	 294.742981 	 294.851914 
7:28:25.048 AM 10/4/2022 	 108.504252 	 294.876146 	 108.279060 	 294.317930 	 294.159345 	 294.732263 	 294.760089 	 294.857702 
7:29:43.973 AM 10/4/2022 	 108.503954 	 294.875380 	 108.276737 	 294.311954 	 294.114301 	 294.728308 	 294.721705 	 294.857992 
7:31:03.398 AM 10/4/2022 	 108.503716 	 294.874767 	 108.275546 	 294.308889 	 294.157538 	 294.739419 	 294.770546 	 294.909176 
7:32:22.529 AM 10/4/2022 	 108.503418 	 294.874001 	 108.275427 	 294.308583 	 294.124920 	 294.747403 	 294.764381 	 294.881796 
7:33:41.746 AM 10/4/2022 	 108.503358 	 294.873848 	 108.273520 	 294.303680 	 294.103948 	 294.742022 	 294.762302 	 294.892448 
7:35:01.149 AM 10/4/2022 	 108.502941 	 294.872776 	 108.272508 	 294.301075 	 294.140569 	 294.742752 	 294.729546 	 294.865359 
7:36:20.179 AM 10/4/2022 	 108.503239 	 294.873542 	 108.270542 	 294.296019 	 294.131478 	 294.737917 	 294.740276 	 294.870899 
7:37:39.294 AM 10/4/2022 	 108.502584 	 294.871857 	 108.267802 	 294.288971 	 294.124723 	 294.757582 	 294.726454 	 294.887729 
7:38:58.555 AM 10/4/2022 	 108.502584 	 294.871857 	 108.268338 	 294.290350 	 294.094419 	 294.728262 	 294.720715 	 294.857474 
7:40:18.002 AM 10/4/2022 	 108.502405 	 294.871397 	 108.271555 	 294.298624 	 294.120260 	 294.730486 	 294.722468 	 294.902132 
7:41:37.169 AM 10/4/2022 	 108.502346 	 294.871244 	 108.275844 	 294.309656 	 294.115234 	 294.750464 	 294.738673 	 294.892871 
7:42:56.298 AM 10/4/2022 	 108.501869 	 294.870018 	 108.279060 	 294.317930 	 294.158531 	 294.759747 	 294.746070 	 294.876692 
7:44:19.018 AM 10/4/2022 	 108.501988 	 294.870325 	 108.285076 	 294.333405 	 294.142204 	 294.740612 	 294.730707 	 294.875950 
7:45:38.671 AM 10/4/2022 	 108.501571 	 294.869252 	 108.292343 	 294.352098 	 294.122662 	 294.751751 	 294.719680 	 294.857381 
7:47:01.220 AM 10/4/2022 	 108.501929 	 294.870171 	 108.300087 	 294.372017 	 294.141217 	 294.755661 	 294.746700 	 294.866477 
7:48:23.947 AM 10/4/2022 	 108.501631 	 294.869405 	 108.308604 	 294.393929 	 294.119148 	 294.756731 	 294.760032 	 294.886878 
7:49:46.826 AM 10/4/2022 	 108.501214 	 294.868333 	 108.316348 	 294.413848 	 294.154401 	 294.767413 	 294.730626 	 294.867854 
7:51:09.545 AM 10/4/2022 	 108.501571 	 294.869252 	 108.322126 	 294.428711 	 294.140393 	 294.719937 	 294.712862 	 294.847266 
7:52:32.504 AM 10/4/2022 	 108.501214 	 294.868333 	 108.329274 	 294.447098 	 294.171650 	 294.749269 	 294.746439 	 294.853014 
7:53:55.214 AM 10/4/2022 	 108.500976 	 294.867720 	 108.336243 	 294.465026 	 294.151764 	 294.723747 	 294.704410 	 294.880780 
7:55:18.100 AM 10/4/2022 	 108.500857 	 294.867414 	 108.340889 	 294.476978 	 294.190893 	 294.739720 	 294.728872 	 294.857612 
7:56:40.837 AM 10/4/2022 	 108.500976 	 294.867720 	 108.346548 	 294.491535 	 294.164158 	 294.769140 	 294.708771 	 294.885611 
7:58:03.856 AM 10/4/2022 	 108.500976 	 294.867720 	 108.353696 	 294.509923 	 294.168063 	 294.734839 	 294.702767 	 294.856505 
7:59:26.534 AM 10/4/2022 	 108.500857 	 294.867414 	 108.358223 	 294.521568 	 294.168769 	 294.735072 	 294.730827 	 294.848251 
8:00:49.357 AM 10/4/2022 	 108.500261 	 294.865882 	 108.362273 	 294.531988 	 294.173841 	 294.745798 	 294.717971 	 294.865104 
8:02:12.103 AM 10/4/2022 	 108.500559 	 294.866648 	 108.369063 	 294.549457 	 294.179104 	 294.740679 	 294.706720 	 294.883089 
8:03:35.091 AM 10/4/2022 	 108.500738 	 294.867107 	 108.374901 	 294.564473 	 294.175777 	 294.756221 	 294.716132 	 294.889669 
8:04:57.680 AM 10/4/2022 	 108.500440 	 294.866341 	 108.381334 	 294.581023 	 294.226608 	 294.753227 	 294.732004 	 294.883376 
8:06:20.524 AM 10/4/2022 	 108.500738 	 294.867107 	 108.388422 	 294.599258 	 294.199604 	 294.732386 	 294.707388 	 294.882814 
8:07:43.390 AM 10/4/2022 	 108.500559 	 294.866648 	 108.394974 	 294.616114 	 294.225366 	 294.731236 	 294.709068 	 294.849602 
8:09:06.152 AM 10/4/2022 	 108.500440 	 294.866341 	 108.400871 	 294.631284 	 294.210205 	 294.770799 	 294.714676 	 294.882084 
8:10:28.973 AM 10/4/2022 	 108.500142 	 294.865575 	 108.408019 	 294.649673 	 294.209972 	 294.762078 	 294.721046 	 294.876665 
8:11:51.903 AM 10/4/2022 	 108.500857 	 294.867414 	 108.416894 	 294.672505 	 294.249962 	 294.759578 	 294.717131 	 294.866150 
8:13:14.658 AM 10/4/2022 	 108.500678 	 294.866954 	 108.424995 	 294.693346 	 294.235646 	 294.727356 	 294.693868 	 294.855154 
8:14:37.440 AM 10/4/2022 	 108.500440 	 294.866341 	 108.432084 	 294.711581 	 294.258501 	 294.754903 	 294.715757 	 294.865248 
8:16:00.220 AM 10/4/2022 	 108.500202 	 294.865729 	 108.441257 	 294.735180 	 294.290049 	 294.765196 	 294.709071 	 294.867994 
8:17:23.064 AM 10/4/2022 	 108.501035 	 294.867873 	 108.451145 	 294.760619 	 294.292068 	 294.740802 	 294.694108 	 294.870482 
8:18:46.067 AM 10/4/2022 	 108.500976 	 294.867720 	 108.458829 	 294.780387 	 294.296406 	 294.733345 	 294.720139 	 294.863027 
8:20:08.821 AM 10/4/2022 	 108.500440 	 294.866341 	 108.464428 	 294.794792 	 294.281998 	 294.714705 	 294.704329 	 294.859953 
8:21:31.491 AM 10/4/2022 	 108.500559 	 294.866648 	 108.470325 	 294.809963 	 294.295174 	 294.701928 	 294.705230 	 294.848594 
8:22:54.471 AM 10/4/2022 	 108.500619 	 294.866801 	 108.479140 	 294.832644 	 294.314991 	 294.766533 	 294.727860 	 294.864145 
8:24:17.488 AM 10/4/2022 	 108.500976 	 294.867720 	 108.486050 	 294.850420 	 294.313150 	 294.706683 	 294.681212 	 294.819868 
8:25:39.997 AM 10/4/2022 	 108.500916 	 294.867567 	 108.490398 	 294.861607 	 294.328281 	 294.739251 	 294.733591 	 294.867517 
8:27:02.888 AM 10/4/2022 	 108.501095 	 294.868027 	 108.493317 	 294.869117 	 294.332242 	 294.728116 	 294.716325 	 294.838939 
8:28:25.686 AM 10/4/2022 	 108.501214 	 294.868333 	 108.497606 	 294.880150 	 294.353449 	 294.721007 	 294.698839 	 294.853050 
8:29:48.687 AM 10/4/2022 	 108.501512 	 294.869099 	 108.503145 	 294.894403 	 294.351515 	 294.727093 	 294.693605 	 294.840274 
8:31:15.153 AM 10/4/2022 	 108.501274 	 294.868486 	 108.508447 	 294.908042 	 294.367797 	 294.721195 	 294.703272 	 294.835320 
8:32:41.462 AM 10/4/2022 	 108.501274 	 294.868486 	 108.515833 	 294.927045 	 294.388043 	 294.751801 	 294.699449 	 294.872049 
8:34:07.956 AM 10/4/2022 	 108.501691 	 294.869559 	 108.523457 	 294.946661 	 294.424135 	 294.739291 	 294.703445 	 294.849639 
8:35:30.494 AM 10/4/2022 	 108.501929 	 294.870171 	 108.532630 	 294.970262 	 294.419088 	 294.725757 	 294.722456 	 294.865815 
8:36:56.907 AM 10/4/2022 	 108.501691 	 294.869559 	 108.540612 	 294.990798 	 294.413359 	 294.714372 	 294.708712 	 294.849717 
8:38:23.491 AM 10/4/2022 	 108.501691 	 294.869559 	 108.548475 	 295.011028 	 294.438999 	 294.742354 	 294.707924 	 294.848930 
8:39:49.966 AM 10/4/2022 	 108.501691 	 294.869559 	 108.555682 	 295.029571 	 294.453786 	 294.745812 	 294.713269 	 294.843429 
8:41:16.351 AM 10/4/2022 	 108.502584 	 294.871857 	 108.563842 	 295.050568 	 294.466123 	 294.761914 	 294.735975 	 294.860942 
8:42:42.624 AM 10/4/2022 	 108.502822 	 294.872469 	 108.571526 	 295.070338 	 294.454494 	 294.742747 	 294.700770 	 294.854981 
8:44:09.345 AM 10/4/2022 	 108.502763 	 294.872316 	 108.578436 	 295.088116 	 294.513670 	 294.747653 	 294.724543 	 294.861772 
8:45:35.645 AM 10/4/2022 	 108.502405 	 294.871397 	 108.587430 	 295.111258 	 294.527021 	 294.726097 	 294.719494 	 294.834563 
8:47:01.881 AM 10/4/2022 	 108.503001 	 294.872929 	 108.597735 	 295.137772 	 294.519251 	 294.719274 	 294.726348 	 294.827741 
8:48:28.694 AM 10/4/2022 	 108.503180 	 294.873389 	 108.607385 	 295.162600 	 294.540316 	 294.733255 	 294.737500 	 294.848792 
8:49:54.756 AM 10/4/2022 	 108.503358 	 294.873848 	 108.618047 	 295.190034 	 294.559739 	 294.723429 	 294.724373 	 294.844155 
8:51:21.219 AM 10/4/2022 	 108.503835 	 294.875074 	 108.627577 	 295.214557 	 294.548362 	 294.721018 	 294.699793 	 294.811094 
8:52:47.553 AM 10/4/2022 	 108.504013 	 294.875533 	 108.638537 	 295.242757 	 294.607786 	 294.749294 	 294.751180 	 294.866713 
8:54:13.903 AM 10/4/2022 	 108.504430 	 294.876606 	 108.651940 	 295.277242 	 294.598608 	 294.713707 	 294.732573 	 294.833964 
8:55:40.476 AM 10/4/2022 	 108.504609 	 294.877065 	 108.665104 	 295.311115 	 294.598701 	 294.716157 	 294.744456 	 294.818967 
8:57:06.880 AM 10/4/2022 	 108.504192 	 294.875993 	 108.677434 	 295.342842 	 294.645747 	 294.724990 	 294.721689 	 294.844301 
8:58:33.337 AM 10/4/2022 	 108.504549 	 294.876912 	 108.688811 	 295.372116 	 294.652395 	 294.726449 	 294.749559 	 294.844817 
8:59:59.742 AM 10/4/2022 	 108.505324 	 294.878904 	 108.701498 	 295.404764 	 294.685656 	 294.716786 	 294.730935 	 294.837985 
9:01:26.138 AM 10/4/2022 	 108.505800 	 294.880129 	 108.712339 	 295.432659 	 294.699561 	 294.738708 	 294.782568 	 294.852358 
9:02:52.747 AM 10/4/2022 	 108.506038 	 294.880742 	 108.725026 	 295.465307 	 294.697416 	 294.739393 	 294.738450 	 294.828994 
9:04:18.989 AM 10/4/2022 	 108.506991 	 294.883194 	 108.736999 	 295.496116 	 294.717790 	 294.700339 	 294.746560 	 294.830973 
9:05:45.441 AM 10/4/2022 	 108.506872 	 294.882887 	 108.747304 	 295.522633 	 294.730711 	 294.717976 	 294.759951 	 294.797679 
9:07:11.948 AM 10/4/2022 	 108.507468 	 294.884419 	 108.759038 	 295.552829 	 294.722386 	 294.720027 	 294.763417 	 294.837925 
9:08:38.125 AM 10/4/2022 	 108.507647 	 294.884879 	 108.772024 	 295.586245 	 294.773541 	 294.715060 	 294.771655 	 294.843333 
9:10:04.652 AM 10/4/2022 	 108.508421 	 294.886870 	 108.783281 	 295.615215 	 294.824618 	 294.757182 	 294.795381 	 294.848194 
9:11:31.230 AM 10/4/2022 	 108.509076 	 294.888556 	 108.793229 	 295.640814 	 294.817706 	 294.711595 	 294.790355 	 294.844584 
9:12:57.460 AM 10/4/2022 	 108.509314 	 294.889168 	 108.802521 	 295.664726 	 294.799344 	 294.722472 	 294.783310 	 294.823865 
9:14:23.928 AM 10/4/2022 	 108.509910 	 294.890700 	 108.811873 	 295.688792 	 294.813153 	 294.703739 	 294.774484 	 294.807966 
9:15:50.239 AM 10/4/2022 	 108.510208 	 294.891466 	 108.820986 	 295.712245 	 294.831917 	 294.702698 	 294.793721 	 294.810226 
9:17:16.696 AM 10/4/2022 	 108.510922 	 294.893305 	 108.829266 	 295.733552 	 294.865410 	 294.726296 	 294.818729 	 294.817786 
9:18:43.243 AM 10/4/2022 	 108.511161 	 294.893918 	 108.837248 	 295.754093 	 294.907178 	 294.727045 	 294.832210 	 294.835982 
9:20:09.568 AM 10/4/2022 	 108.511578 	 294.894990 	 108.840703 	 295.762984 	 294.889449 	 294.731949 	 294.823438 	 294.835698 
9:21:36.292 AM 10/4/2022 	 108.512054 	 294.896216 	 108.844157 	 295.771875 	 294.914773 	 294.708230 	 294.821416 	 294.825660 
9:23:02.367 AM 10/4/2022 	 108.512709 	 294.897901 	 108.844634 	 295.773101 	 294.928681 	 294.772608 	 294.849472 	 294.836269 
9:24:28.771 AM 10/4/2022 	 108.512828 	 294.898207 	 108.841477 	 295.764977 	 294.915887 	 294.733871 	 294.840920 	 294.846107 
9:25:55.439 AM 10/4/2022 	 108.513126 	 294.898973 	 108.837546 	 295.754859 	 294.929924 	 294.719144 	 294.841285 	 294.847415 
9:27:21.592 AM 10/4/2022 	 108.513841 	 294.900812 	 108.828670 	 295.732019 	 294.951446 	 294.717092 	 294.833105 	 294.791608 
9:28:48.095 AM 10/4/2022 	 108.514079 	 294.901425 	 108.814792 	 295.696303 	 294.929378 	 294.743594 	 294.843568 	 294.812918 
9:30:14.824 AM 10/4/2022 	 108.514556 	 294.902650 	 108.798649 	 295.654762 	 294.941300 	 294.738542 	 294.879068 	 294.819656 
9:31:44.465 AM 10/4/2022 	 108.514615 	 294.902803 	 108.778457 	 295.602799 	 294.939449 	 294.715938 	 294.878159 	 294.823463 
9:33:11.027 AM 10/4/2022 	 108.514377 	 294.902191 	 108.754988 	 295.542406 	 294.907760 	 294.711119 	 294.876642 	 294.823832 
9:34:41.043 AM 10/4/2022 	 108.514853 	 294.903416 	 108.729970 	 295.478029 	 294.906691 	 294.713823 	 294.855770 	 294.809088 
9:36:11.060 AM 10/4/2022 	 108.514496 	 294.902497 	 108.708050 	 295.421624 	 294.928715 	 294.727839 	 294.877326 	 294.814141 
9:37:41.018 AM 10/4/2022 	 108.514853 	 294.903416 	 108.693278 	 295.383612 	 294.978526 	 294.766352 	 294.890839 	 294.842746 
9:39:11.236 AM 10/4/2022 	 108.514556 	 294.902650 	 108.689109 	 295.372883 	 294.952899 	 294.752505 	 294.893969 	 294.829844 
9:40:41.029 AM 10/4/2022 	 108.514556 	 294.902650 	 108.690300 	 295.375948 	 294.975831 	 294.762241 	 294.926803 	 294.867398 
9:42:11.101 AM 10/4/2022 	 108.515032 	 294.903876 	 108.696792 	 295.392655 	 294.949806 	 294.725828 	 294.900304 	 294.845139 
9:43:41.055 AM 10/4/2022 	 108.515032 	 294.903876 	 108.701736 	 295.405377 	 294.948968 	 294.725934 	 294.880607 	 294.837700 
9:45:11.134 AM 10/4/2022 	 108.515687 	 294.905561 	 108.706740 	 295.418252 	 294.940037 	 294.702377 	 294.868846 	 294.830653 
9:46:41.376 AM 10/4/2022 	 108.515806 	 294.905867 	 108.714007 	 295.436951 	 294.986074 	 294.715422 	 294.902160 	 294.836621 
9:48:11.274 AM 10/4/2022 	 108.516104 	 294.906633 	 108.719666 	 295.451512 	 295.007623 	 294.739341 	 294.912398 	 294.849690 
9:49:41.141 AM 10/4/2022 	 108.516164 	 294.906787 	 108.723299 	 295.460862 	 294.989940 	 294.735326 	 294.955528 	 294.853220 
9:51:11.515 AM 10/4/2022 	 108.516461 	 294.907553 	 108.727707 	 295.472205 	 294.985847 	 294.723213 	 294.931635 	 294.821306 
9:52:41.238 AM 10/4/2022 	 108.516283 	 294.907093 	 108.732949 	 295.485693 	 295.013122 	 294.717961 	 294.932985 	 294.824542 
9:54:11.250 AM 10/4/2022 	 108.516819 	 294.908472 	 108.739739 	 295.503167 	 295.021932 	 294.721116 	 294.950753 	 294.839956 
9:55:41.486 AM 10/4/2022 	 108.517057 	 294.909085 	 108.746053 	 295.519414 	 295.020695 	 294.734499 	 294.949516 	 294.845792 
9:57:11.333 AM 10/4/2022 	 108.517772 	 294.910923 	 108.747244 	 295.522480 	 295.022784 	 294.732345 	 294.951134 	 294.851654 
9:58:41.344 AM 10/4/2022 	 108.517831 	 294.911076 	 108.743373 	 295.512517 	 295.005670 	 294.710032 	 294.945331 	 294.829818 
10:00:11.309 AM 10/4/2022 	 108.518189 	 294.911996 	 108.734676 	 295.490138 	 294.989296 	 294.723834 	 294.937441 	 294.819097 
10:01:41.353 AM 10/4/2022 	 108.518427 	 294.912608 	 108.726813 	 295.469905 	 294.991697 	 294.693221 	 294.953986 	 294.853564 
10:03:11.473 AM 10/4/2022 	 108.518070 	 294.911689 	 108.719904 	 295.452125 	 295.006069 	 294.719393 	 294.965530 	 294.850965 
10:04:41.420 AM 10/4/2022 	 108.518844 	 294.913681 	 108.717640 	 295.446301 	 295.027522 	 294.718691 	 294.969072 	 294.852150 
10:06:11.662 AM 10/4/2022 	 108.518784 	 294.913528 	 108.717879 	 295.446914 	 295.031602 	 294.711455 	 294.948168 	 294.862833 
10:07:45.285 AM 10/4/2022 	 108.519023 	 294.914140 	 108.721750 	 295.456877 	 295.067599 	 294.746061 	 294.989828 	 294.852165 
10:09:15.332 AM 10/4/2022 	 108.518725 	 294.913374 	 108.723061 	 295.460249 	 295.036994 	 294.729113 	 294.980902 	 294.851724 
10:10:48.711 AM 10/4/2022 	 108.518665 	 294.913221 	 108.722286 	 295.458256 	 295.050959 	 294.745917 	 295.014194 	 294.857207 
10:12:18.613 AM 10/4/2022 	 108.519559 	 294.915519 	 108.719904 	 295.452125 	 295.050353 	 294.733048 	 295.001804 	 294.834439 
