Timestamp                   	PTD1 (MPa)	PTD2 (MPa)	RTD0_PVtop (K)	RTD1_room (K)	TC0_bath (K)	TC1_PVtop (K)	TC2_PTD2 (K)	TC3_PVside (K)
2:11:38.782 PM 4/24/2023 	 0.716784 	 -0.303283 	 296.655456 	 296.272562 	 280.324795 	 296.531700 	 296.429733 	 296.411405
2:11:49.282 PM 4/24/2023 	 -0.322610 	 -0.062733 	 296.660207 	 296.271488 	 280.296319 	 296.497159 	 296.445940 	 296.465207
2:11:59.782 PM 4/24/2023 	 -0.047537 	 -1.601195 	 296.659288 	 296.268576 	 280.264973 	 296.484282 	 296.432122 	 296.429772
2:12:09.782 PM 4/24/2023 	 -0.456912 	 -1.137881 	 296.657908 	 296.268729 	 280.274451 	 296.466648 	 296.424355 	 296.359498
2:12:20.282 PM 4/24/2023 	 0.316279 	 -0.623901 	 296.655609 	 296.266736 	 280.290902 	 296.489111 	 296.435541 	 296.373505
2:12:30.781 PM 4/24/2023 	 -0.720632 	 -1.047660 	 296.654689 	 296.266582 	 280.277821 	 296.466613 	 296.437948 	 296.388603
2:12:40.782 PM 4/24/2023 	 -0.608695 	 -0.439270 	 296.653310 	 296.265816 	 280.271176 	 296.463956 	 296.437641 	 296.468655
2:12:51.282 PM 4/24/2023 	 -0.284744 	 -0.503585 	 296.649784 	 296.263976 	 280.260090 	 296.454193 	 296.425527 	 296.395450
2:13:01.782 PM 4/24/2023 	 -0.570137 	 -1.039091 	 296.646565 	 296.262596 	 280.265308 	 296.435265 	 296.436205 	 296.410828
2:13:12.282 PM 4/24/2023 	 0.180382 	 -0.937947 	 296.641813 	 296.260143 	 280.262252 	 296.439833 	 296.434664 	 296.336907
2:13:22.781 PM 4/24/2023 	 -0.387185 	 -1.539288 	 296.638441 	 296.257384 	 280.224202 	 296.462778 	 296.449620 	 296.306742
2:13:33.282 PM 4/24/2023 	 -0.769961 	 -0.766908 	 296.636755 	 296.257537 	 280.232551 	 296.451101 	 296.454860 	 296.379198
2:13:43.781 PM 4/24/2023 	 -1.348640 	 -0.630999 	 296.633229 	 296.258610 	 280.214021 	 296.435562 	 296.449660 	 296.374937
2:13:54.281 PM 4/24/2023 	 0.062977 	 -0.746694 	 296.628324 	 296.257384 	 280.221696 	 296.432163 	 296.427463 	 296.325475
2:14:04.783 PM 4/24/2023 	 -1.256968 	 -0.829686 	 296.624032 	 296.255697 	 280.208602 	 296.433150 	 296.458996 	 296.338683
2:14:15.282 PM 4/24/2023 	 -0.441312 	 0.045380 	 296.617748 	 296.254931 	 280.209054 	 296.449094 	 296.439696 	 296.356040
2:14:25.781 PM 4/24/2023 	 -0.067559 	 -1.232861 	 296.616981 	 296.254164 	 280.205639 	 296.452846 	 296.440158 	 296.314200
2:14:35.782 PM 4/24/2023 	 -0.172015 	 -0.994246 	 296.617288 	 296.253857 	 280.202874 	 296.452996 	 296.448767 	 296.337382
2:14:45.782 PM 4/24/2023 	 -0.423935 	 -1.269556 	 296.615602 	 296.251711 	 280.193838 	 296.449912 	 296.423126 	 296.355918
2:14:56.281 PM 4/24/2023 	 -0.523235 	 0.409229 	 296.611156 	 296.250025 	 280.206000 	 296.446615 	 296.438626 	 296.317368
2:15:06.282 PM 4/24/2023 	 -0.810039 	 -0.404097 	 296.611156 	 296.247878 	 280.214055 	 296.452042 	 296.450632 	 296.350529
2:15:16.782 PM 4/24/2023 	 -0.327612 	 -0.323060 	 296.609777 	 296.247878 	 280.173404 	 296.440055 	 296.440995 	 296.327258
2:15:27.281 PM 4/24/2023 	 -0.546836 	 -0.760697 	 296.606098 	 296.247572 	 280.185676 	 296.446732 	 296.435454 	 296.290691
2:15:37.282 PM 4/24/2023 	 -0.465885 	 -0.707521 	 296.603646 	 296.245425 	 280.203358 	 296.401300 	 296.435607 	 296.281442
2:15:47.781 PM 4/24/2023 	 0.138621 	 -0.652133 	 296.597974 	 296.244352 	 280.172035 	 296.430745 	 296.435914 	 296.296793
2:15:57.782 PM 4/24/2023 	 0.323439 	 -1.266697 	 296.594602 	 296.244045 	 280.191505 	 296.428393 	 296.451420 	 296.245550
2:16:07.783 PM 4/24/2023 	 -0.920562 	 -1.530240 	 296.592149 	 296.242052 	 280.185525 	 296.451286 	 296.460214 	 296.275503
2:16:18.281 PM 4/24/2023 	 -0.235179 	 -0.243329 	 296.588777 	 296.238066 	 280.185604 	 296.398728 	 296.433975 	 296.341388
2:16:28.281 PM 4/24/2023 	 -0.461585 	 -0.589233 	 296.585865 	 296.235460 	 280.170728 	 296.412095 	 296.453450 	 296.321384
2:16:38.281 PM 4/24/2023 	 -0.834168 	 -0.474205 	 296.584179 	 296.233773 	 280.172238 	 296.409323 	 296.420602 	 296.339764
2:16:48.781 PM 4/24/2023 	 -0.460223 	 -1.270483 	 296.579733 	 296.231934 	 280.179758 	 296.426451 	 296.433500 	 296.258651
2:16:59.281 PM 4/24/2023 	 0.143493 	 -0.866172 	 296.579120 	 296.231474 	 280.160095 	 296.442715 	 296.438016 	 296.335560
2:17:09.281 PM 4/24/2023 	 -0.176347 	 -0.469617 	 296.582339 	 296.231474 	 280.160960 	 296.454359 	 296.453889 	 296.307722
2:17:19.782 PM 4/24/2023 	 -0.347886 	 -2.210171 	 296.582799 	 296.227641 	 280.163206 	 296.453237 	 296.436790 	 296.389794
2:17:30.282 PM 4/24/2023 	 -0.641886 	 -0.911841 	 296.583259 	 296.226108 	 280.168104 	 296.446217 	 296.429770 	 296.280304
2:17:40.782 PM 4/24/2023 	 0.423831 	 -0.023417 	 296.586325 	 296.224421 	 280.167155 	 296.453290 	 296.430733 	 296.297721
2:17:51.281 PM 4/24/2023 	 -0.305143 	 -0.467259 	 296.587857 	 296.219055 	 280.158936 	 296.458044 	 296.451935 	 296.258759
2:18:01.282 PM 4/24/2023 	 -0.207271 	 -0.908784 	 296.589697 	 296.215989 	 280.162077 	 296.482691 	 296.454967 	 296.279185
2:18:11.782 PM 4/24/2023 	 0.581525 	 -1.000031 	 296.588471 	 296.213996 	 280.151206 	 296.434605 	 296.465150 	 296.262577
2:18:22.282 PM 4/24/2023 	 -0.503089 	 -0.644598 	 296.590003 	 296.213689 	 280.153291 	 296.473272 	 296.434268 	 296.419230
2:18:32.782 PM 4/24/2023 	 -0.701966 	 -0.116394 	 296.592456 	 296.213689 	 280.154673 	 296.467086 	 296.469436 	 296.312463
2:18:42.782 PM 4/24/2023 	 0.278805 	 -1.021929 	 296.591689 	 296.212156 	 280.165254 	 296.439707 	 296.429368 	 296.276613
2:18:53.282 PM 4/24/2023 	 -0.698435 	 -0.712377 	 296.592609 	 296.210470 	 280.162230 	 296.441957 	 296.442426 	 296.272752
2:19:03.782 PM 4/24/2023 	 -0.429482 	 -0.853336 	 296.589697 	 296.211083 	 280.140218 	 296.467702 	 296.446086 	 296.275472
2:19:14.282 PM 4/24/2023 	 -0.651864 	 -1.128437 	 296.589084 	 296.211236 	 280.151097 	 296.425571 	 296.450007 	 296.373404
2:19:24.282 PM 4/24/2023 	 -0.242008 	 -0.993525 	 296.587551 	 296.213229 	 280.152671 	 296.434609 	 296.437429 	 296.301129
2:19:34.782 PM 4/24/2023 	 -0.535954 	 -0.041586 	 296.585865 	 296.214303 	 280.159978 	 296.430855 	 296.441663 	 296.296903
2:19:45.282 PM 4/24/2023 	 -0.176667 	 -0.225668 	 296.583872 	 296.215989 	 280.157119 	 296.443603 	 296.445952 	 296.343968
2:19:55.782 PM 4/24/2023 	 -0.733679 	 -1.017544 	 296.581573 	 296.218135 	 280.161454 	 296.429929 	 296.428990 	 296.344862
2:20:06.282 PM 4/24/2023 	 -0.526731 	 -0.374536 	 296.583412 	 296.218442 	 280.165057 	 296.427768 	 296.438577 	 296.431998
2:20:16.282 PM 4/24/2023 	 0.491169 	 -0.601446 	 296.585098 	 296.219209 	 280.158978 	 296.479231 	 296.454796 	 296.333071
2:20:26.782 PM 4/24/2023 	 -0.449516 	 -0.429044 	 296.586631 	 296.220588 	 280.160098 	 296.431910 	 296.411702 	 296.289967
2:20:37.282 PM 4/24/2023 	 -0.429493 	 -1.260797 	 296.583872 	 296.220895 	 280.141361 	 296.418523 	 296.460817 	 296.344735
2:20:47.782 PM 4/24/2023 	 -0.403679 	 -0.177287 	 296.581879 	 296.222428 	 280.149782 	 296.426651 	 296.432290 	 296.368844
2:20:57.782 PM 4/24/2023 	 -0.238819 	 -1.169832 	 296.581573 	 296.223348 	 280.158960 	 296.456658 	 296.442560 	 296.345275
2:21:08.282 PM 4/24/2023 	 -0.335054 	 0.018947 	 296.584179 	 296.226874 	 280.164109 	 296.468676 	 296.426853 	 296.345075
2:21:18.782 PM 4/24/2023 	 -0.201096 	 -1.064530 	 296.588164 	 296.226874 	 280.150352 	 296.484061 	 296.454458 	 296.329443
2:21:29.282 PM 4/24/2023 	 -0.977475 	 -0.608636 	 296.589084 	 296.226261 	 280.142709 	 296.456009 	 296.419354 	 296.335225
2:21:39.282 PM 4/24/2023 	 -0.529713 	 -0.900458 	 296.591996 	 296.227028 	 280.163331 	 296.436910 	 296.445839 	 296.314711
2:21:49.782 PM 4/24/2023 	 0.203559 	 -0.902943 	 296.592149 	 296.229481 	 280.140406 	 296.450496 	 296.439218 	 296.294927
2:22:00.282 PM 4/24/2023 	 -0.593092 	 -1.695973 	 296.595215 	 296.230554 	 280.143175 	 296.449879 	 296.442361 	 296.384086
2:22:10.782 PM 4/24/2023 	 -0.551142 	 -0.355794 	 296.595522 	 296.230094 	 280.170345 	 296.440862 	 296.438042 	 296.362847
2:22:21.282 PM 4/24/2023 	 -0.790996 	 -1.450737 	 296.596288 	 296.233927 	 280.140605 	 296.468545 	 296.466196 	 296.420613
2:22:31.282 PM 4/24/2023 	 0.177844 	 -0.385407 	 296.597208 	 296.234387 	 280.144892 	 296.455297 	 296.454357 	 296.457646
2:22:41.782 PM 4/24/2023 	 -1.029716 	 -0.400085 	 296.597514 	 296.236533 	 280.138278 	 296.471938 	 296.446563 	 296.367609
2:22:52.282 PM 4/24/2023 	 0.022555 	 -1.282479 	 296.596595 	 296.237606 	 280.139699 	 296.459682 	 296.445585 	 296.345010
2:23:02.782 PM 4/24/2023 	 -0.033932 	 -0.521353 	 296.600886 	 296.239753 	 280.138846 	 296.520883 	 296.458859 	 296.405756
2:23:12.782 PM 4/24/2023 	 -1.015328 	 -0.311623 	 296.606098 	 296.239906 	 280.146030 	 296.476601 	 296.441358 	 296.353002
2:23:23.282 PM 4/24/2023 	 -0.970746 	 -0.917462 	 296.606405 	 296.241286 	 280.115645 	 296.467950 	 296.443984 	 296.365030
2:23:33.782 PM 4/24/2023 	 -0.588411 	 -0.267576 	 296.605025 	 296.244352 	 280.143765 	 296.454679 	 296.449979 	 296.369616
2:23:44.282 PM 4/24/2023 	 -0.623633 	 -0.269700 	 296.601959 	 296.248031 	 280.146865 	 296.448742 	 296.445453 	 296.395638
2:23:54.282 PM 4/24/2023 	 -0.217514 	 -1.632021 	 296.599967 	 296.249411 	 280.147421 	 296.438941 	 296.460557 	 296.367976
2:24:04.782 PM 4/24/2023 	 0.999113 	 -0.906326 	 296.596441 	 296.250944 	 280.139862 	 296.449971 	 296.473937 	 296.365378
2:24:15.282 PM 4/24/2023 	 -1.256575 	 -0.438913 	 296.600120 	 296.253397 	 280.161359 	 296.472601 	 296.446286 	 296.462733
2:24:25.782 PM 4/24/2023 	 -0.139692 	 -0.444973 	 296.600886 	 296.256464 	 280.155615 	 296.464237 	 296.449669 	 296.397975
2:24:36.282 PM 4/24/2023 	 -0.965590 	 -1.166869 	 296.599507 	 296.259070 	 280.143354 	 296.464150 	 296.434545 	 296.352769
2:24:46.282 PM 4/24/2023 	 -0.144098 	 -1.176677 	 296.596135 	 296.260450 	 280.171419 	 296.405713 	 296.451767 	 296.313591
2:24:56.782 PM 4/24/2023 	 -0.545370 	 -1.370779 	 296.595368 	 296.260603 	 280.145691 	 296.433042 	 296.461707 	 296.305201
2:25:07.282 PM 4/24/2023 	 -0.211979 	 -0.629312 	 296.593682 	 296.261983 	 280.147226 	 296.439222 	 296.445801 	 296.290701
2:25:17.782 PM 4/24/2023 	 0.257620 	 -0.624632 	 296.592916 	 296.263363 	 280.133455 	 296.447076 	 296.439557 	 296.276463
2:25:27.782 PM 4/24/2023 	 -0.257811 	 -1.602072 	 296.592762 	 296.263976 	 280.135909 	 296.429708 	 296.451325 	 296.291055
2:25:38.282 PM 4/24/2023 	 0.266555 	 -1.132343 	 296.591996 	 296.264743 	 280.140206 	 296.426336 	 296.457822 	 296.298494
2:25:48.782 PM 4/24/2023 	 -0.072014 	 -0.413616 	 296.592456 	 296.265816 	 280.164864 	 296.428522 	 296.462827 	 296.449669
2:25:59.282 PM 4/24/2023 	 -0.114695 	 -1.176872 	 296.590923 	 296.271029 	 280.144578 	 296.404239 	 296.431967 	 296.372751
2:26:09.282 PM 4/24/2023 	 -0.403595 	 -0.251757 	 296.589850 	 296.271029 	 280.121935 	 296.443006 	 296.455694 	 296.330210
2:26:19.782 PM 4/24/2023 	 -0.440638 	 -0.883843 	 296.588011 	 296.272255 	 280.137267 	 296.409401 	 296.424439 	 296.375563
2:26:30.281 PM 4/24/2023 	 -0.531477 	 -0.570086 	 296.588164 	 296.270569 	 280.135913 	 296.431592 	 296.437701 	 296.361096
2:26:40.282 PM 4/24/2023 	 0.094942 	 -0.631338 	 296.587091 	 296.272715 	 280.150186 	 296.428921 	 296.449128 	 296.307191
2:26:50.781 PM 4/24/2023 	 -0.902965 	 -0.496628 	 296.583719 	 296.276241 	 280.137203 	 296.442706 	 296.441296 	 296.325209
2:27:00.782 PM 4/24/2023 	 -0.358803 	 -1.293966 	 296.581879 	 296.277774 	 280.142986 	 296.424321 	 296.451107 	 296.327502
2:27:10.782 PM 4/24/2023 	 0.255678 	 -1.135453 	 296.580040 	 296.280687 	 280.138521 	 296.404973 	 296.449147 	 296.447738
2:27:20.782 PM 4/24/2023 	 -0.965877 	 -0.785053 	 296.578814 	 296.283754 	 280.128647 	 296.413300 	 296.448545 	 296.443376
2:27:31.282 PM 4/24/2023 	 -1.476124 	 -0.993353 	 296.577588 	 296.286513 	 280.112342 	 296.419179 	 296.467112 	 296.405550
2:27:41.282 PM 4/24/2023 	 -0.205486 	 -0.486989 	 296.576208 	 296.288200 	 280.130945 	 296.414577 	 296.454052 	 296.432435
2:27:51.781 PM 4/24/2023 	 -1.131121 	 -1.339356 	 296.574215 	 296.291573 	 280.136300 	 296.423506 	 296.461571 	 296.532522
2:28:02.281 PM 4/24/2023 	 -0.679365 	 -0.827346 	 296.572529 	 296.293566 	 280.130162 	 296.415232 	 296.444838 	 296.453297
2:28:12.781 PM 4/24/2023 	 -0.242879 	 -0.875142 	 296.571916 	 296.296939 	 280.140523 	 296.440741 	 296.455778 	 296.403615
2:28:22.782 PM 4/24/2023 	 -0.498431 	 -0.233734 	 296.569923 	 296.298165 	 280.128925 	 296.433776 	 296.437065 	 296.396649
2:28:33.282 PM 4/24/2023 	 0.288363 	 -0.950097 	 296.568697 	 296.299699 	 280.157191 	 296.421584 	 296.436623 	 296.522613
2:28:43.782 PM 4/24/2023 	 0.145168 	 -1.004075 	 296.569464 	 296.300925 	 280.142996 	 296.423861 	 296.449707 	 296.444068
2:28:54.281 PM 4/24/2023 	 -0.107406 	 -1.375177 	 296.568084 	 296.304605 	 280.142402 	 296.417648 	 296.454773 	 296.324588
2:29:04.781 PM 4/24/2023 	 -1.087440 	 -0.932110 	 296.567778 	 296.307211 	 280.162423 	 296.422406 	 296.445903 	 296.459061
2:29:15.281 PM 4/24/2023 	 -0.454234 	 -0.487230 	 296.566245 	 296.308591 	 280.128642 	 296.432093 	 296.446661 	 296.502578
2:29:25.282 PM 4/24/2023 	 -0.846518 	 -0.292747 	 296.566398 	 296.308897 	 280.113424 	 296.422573 	 296.452649 	 296.635881
2:29:35.781 PM 4/24/2023 	 -0.074890 	 -1.039100 	 296.566398 	 296.313497 	 280.072987 	 296.425839 	 296.464843 	 296.578547
2:29:45.782 PM 4/24/2023 	 -1.200398 	 -0.139398 	 296.566091 	 296.316410 	 280.011716 	 296.465395 	 296.465865 	 296.486540
2:29:55.782 PM 4/24/2023 	 -0.959208 	 -0.950346 	 296.566398 	 296.318250 	 279.905953 	 296.422090 	 296.448877 	 296.401412
2:30:06.281 PM 4/24/2023 	 -0.386163 	 -1.302022 	 296.570383 	 296.321316 	 279.877463 	 296.443478 	 296.461805 	 296.419981
2:30:16.781 PM 4/24/2023 	 -0.705474 	 -0.296401 	 296.571916 	 296.323463 	 279.790999 	 296.430096 	 296.449833 	 296.405188
2:30:26.781 PM 4/24/2023 	 -0.072170 	 -0.612358 	 296.569923 	 296.325762 	 279.704488 	 296.428431 	 296.448638 	 296.357465
2:30:37.281 PM 4/24/2023 	 -0.411340 	 -0.815086 	 296.567471 	 296.328369 	 279.659201 	 296.414368 	 296.454783 	 296.356090
2:30:47.282 PM 4/24/2023 	 -0.153684 	 0.319285 	 296.566245 	 296.331435 	 279.591270 	 296.432521 	 296.474814 	 296.417483
2:30:57.781 PM 4/24/2023 	 -0.481706 	 -0.977922 	 296.567011 	 296.335421 	 279.552447 	 296.427989 	 296.443027 	 296.402612
2:31:07.781 PM 4/24/2023 	 -1.154956 	 -0.589483 	 296.566551 	 296.334501 	 279.513425 	 296.412930 	 296.450995 	 296.333031
2:31:18.282 PM 4/24/2023 	 -1.059152 	 0.028860 	 296.563332 	 296.338794 	 279.500090 	 296.434853 	 296.436263 	 296.382217
2:31:28.782 PM 4/24/2023 	 -0.468905 	 -0.877982 	 296.567164 	 296.339561 	 279.478212 	 296.481433 	 296.471565 	 296.544394
2:31:39.282 PM 4/24/2023 	 -0.311627 	 -0.544798 	 296.570996 	 296.338794 	 279.455285 	 296.453698 	 296.451819 	 296.411874
2:31:49.782 PM 4/24/2023 	 -0.572242 	 -0.922205 	 296.570077 	 296.340174 	 279.431481 	 296.442506 	 296.421829 	 296.363551
2:32:00.281 PM 4/24/2023 	 -0.021187 	 -1.449282 	 296.573449 	 296.342014 	 279.431197 	 296.437063 	 296.454920 	 296.343537
2:32:10.781 PM 4/24/2023 	 -1.196131 	 -1.622600 	 296.572223 	 296.342167 	 279.397294 	 296.444805 	 296.468301 	 296.326369
2:32:20.781 PM 4/24/2023 	 -1.002849 	 -0.564229 	 296.573142 	 296.342781 	 279.395033 	 296.476460 	 296.471761 	 296.303507
2:32:30.782 PM 4/24/2023 	 -0.419353 	 -1.408311 	 296.580347 	 296.343241 	 279.366488 	 296.471040 	 296.443315 	 296.350261
2:32:41.282 PM 4/24/2023 	 -0.287610 	 -1.893499 	 296.581113 	 296.342167 	 279.356972 	 296.450594 	 296.452003 	 296.382450
2:32:51.283 PM 4/24/2023 	 0.653730 	 0.098543 	 296.581726 	 296.341707 	 279.369124 	 296.467471 	 296.443976 	 296.414839
2:33:01.781 PM 4/24/2023 	 -1.451116 	 -1.244727 	 296.583106 	 296.341247 	 279.314328 	 296.467776 	 296.455088 	 296.380366
2:33:11.781 PM 4/24/2023 	 -0.383429 	 -0.947058 	 296.584945 	 296.341247 	 279.316075 	 296.463820 	 296.470868 	 296.334107
2:33:21.781 PM 4/24/2023 	 -0.582115 	 -1.176101 	 296.586325 	 296.341247 	 279.318562 	 296.471384 	 296.450708 	 296.307361
2:33:31.782 PM 4/24/2023 	 -0.473897 	 -1.547766 	 296.589544 	 296.341247 	 279.306192 	 296.453358 	 296.460877 	 296.308601
2:33:42.282 PM 4/24/2023 	 0.091471 	 -1.595833 	 296.590003 	 296.342627 	 279.278844 	 296.458025 	 296.451446 	 296.374843
2:33:52.782 PM 4/24/2023 	 -0.918817 	 -1.264634 	 296.592916 	 296.341861 	 279.291657 	 296.514068 	 296.474129 	 296.271560
2:34:03.282 PM 4/24/2023 	 -0.687217 	 -0.674529 	 296.596288 	 296.341094 	 279.286040 	 296.477176 	 296.459789 	 296.297642
2:34:13.282 PM 4/24/2023 	 0.236583 	 -0.991889 	 296.598281 	 296.340174 	 279.274652 	 296.476543 	 296.445999 	 296.290428
2:34:23.781 PM 4/24/2023 	 -0.572065 	 -0.559999 	 296.600886 	 296.339868 	 279.264618 	 296.490841 	 296.464527 	 296.332935
2:34:34.282 PM 4/24/2023 	 0.065601 	 -0.339115 	 296.605178 	 296.338794 	 279.254233 	 296.473320 	 296.450764 	 296.353951
2:34:44.782 PM 4/24/2023 	 0.851530 	 -0.151301 	 296.606405 	 296.339101 	 279.240758 	 296.459869 	 296.464568 	 296.305243
2:34:54.782 PM 4/24/2023 	 -0.828298 	 -1.350757 	 296.605792 	 296.338488 	 279.240075 	 296.443704 	 296.461091 	 296.398119
2:35:05.282 PM 4/24/2023 	 -0.694871 	 -0.843864 	 296.606098 	 296.335728 	 279.229313 	 296.474690 	 296.473280 	 296.356261
2:35:15.782 PM 4/24/2023 	 -0.356560 	 -0.160735 	 296.606558 	 296.334348 	 279.257769 	 296.454170 	 296.456050 	 296.336206
2:35:26.282 PM 4/24/2023 	 0.368358 	 -0.939286 	 296.605178 	 296.329442 	 279.246679 	 296.435028 	 296.478260 	 296.313769
2:35:36.282 PM 4/24/2023 	 -0.561291 	 -1.004619 	 296.604105 	 296.327296 	 279.226726 	 296.436484 	 296.463740 	 296.287961
2:35:46.782 PM 4/24/2023 	 -0.988162 	 -1.327786 	 296.599354 	 296.325609 	 279.245992 	 296.412748 	 296.460682 	 296.346480
2:35:57.282 PM 4/24/2023 	 -0.714590 	 -1.192985 	 296.594602 	 296.324536 	 279.225612 	 296.446690 	 296.469715 	 296.271375
2:36:07.782 PM 4/24/2023 	 -0.078707 	 -1.610298 	 296.590463 	 296.323463 	 279.210056 	 296.439694 	 296.458491 	 296.260146
2:36:18.282 PM 4/24/2023 	 -0.826182 	 -0.165945 	 296.586171 	 296.322696 	 279.207014 	 296.405277 	 296.445222 	 296.362978
2:36:28.282 PM 4/24/2023 	 -1.636584 	 -0.752568 	 296.582186 	 296.319170 	 279.208369 	 296.415511 	 296.456395 	 296.347833
2:36:38.782 PM 4/24/2023 	 -0.167169 	 -1.199008 	 296.578354 	 296.315797 	 279.214389 	 296.411442 	 296.488509 	 296.347523
2:36:49.282 PM 4/24/2023 	 -0.732939 	 -0.931184 	 296.575135 	 296.313344 	 279.186522 	 296.406685 	 296.464957 	 296.315973
2:36:59.782 PM 4/24/2023 	 -0.313449 	 -0.780593 	 296.571610 	 296.312270 	 279.184133 	 296.387935 	 296.478163 	 296.348455
2:37:09.782 PM 4/24/2023 	 -1.346665 	 -1.537819 	 296.568544 	 296.310124 	 279.197584 	 296.397132 	 296.465273 	 296.297487
2:37:20.282 PM 4/24/2023 	 -0.739242 	 -0.860172 	 296.566551 	 296.308591 	 279.179364 	 296.377701 	 296.458533 	 296.261598
2:37:30.782 PM 4/24/2023 	 0.057907 	 -0.751759 	 296.562413 	 296.304298 	 279.160965 	 296.376427 	 296.458669 	 296.339296
2:37:41.282 PM 4/24/2023 	 -0.663051 	 -0.914946 	 296.557508 	 296.301538 	 279.188828 	 296.351097 	 296.452141 	 296.261315
2:37:51.282 PM 4/24/2023 	 -0.142588 	 -1.261024 	 296.552296 	 296.300772 	 279.177687 	 296.350235 	 296.451748 	 296.251520
2:38:01.782 PM 4/24/2023 	 -0.254073 	 -1.329708 	 296.547391 	 296.300465 	 279.173706 	 296.369430 	 296.446504 	 296.268839
2:38:12.282 PM 4/24/2023 	 0.088317 	 -1.488026 	 296.543253 	 296.301538 	 279.172495 	 296.312330 	 296.451917 	 296.362154
2:38:22.782 PM 4/24/2023 	 -0.403821 	 -0.643372 	 296.537121 	 296.300158 	 279.197569 	 296.331787 	 296.453981 	 296.289011
2:38:33.282 PM 4/24/2023 	 -0.566293 	 -0.703599 	 296.533596 	 296.298165 	 279.201746 	 296.357903 	 296.454716 	 296.319360
2:38:43.282 PM 4/24/2023 	 0.489297 	 -1.169945 	 296.529764 	 296.296019 	 279.180472 	 296.351508 	 296.444563 	 296.260315
2:38:53.782 PM 4/24/2023 	 0.407137 	 -0.350670 	 296.526545 	 296.294792 	 279.189206 	 296.344412 	 296.458144 	 296.202912
2:39:04.282 PM 4/24/2023 	 -1.193475 	 -1.152235 	 296.523480 	 296.291879 	 279.197810 	 296.360221 	 296.464552 	 296.385601
2:39:14.782 PM 4/24/2023 	 -1.069659 	 -0.977071 	 296.520874 	 296.290806 	 279.177190 	 296.329545 	 296.445161 	 296.238348
2:39:25.282 PM 4/24/2023 	 0.296782 	 -0.008256 	 296.519188 	 296.288047 	 279.163558 	 296.321112 	 296.454117 	 296.186659
2:39:35.282 PM 4/24/2023 	 0.596152 	 -0.941708 	 296.515356 	 296.287127 	 279.174679 	 296.352507 	 296.455900 	 296.283879
2:39:45.782 PM 4/24/2023 	 -0.632323 	 -0.733050 	 296.513363 	 296.285900 	 279.193716 	 296.342646 	 296.454969 	 296.202556
2:39:56.282 PM 4/24/2023 	 -1.199835 	 -2.184646 	 296.508918 	 296.282680 	 279.173722 	 296.325734 	 296.464847 	 296.241588
2:40:06.782 PM 4/24/2023 	 -0.104602 	 -0.913445 	 296.505853 	 296.280227 	 279.185710 	 296.319421 	 296.466055 	 296.206596
2:40:16.782 PM 4/24/2023 	 -0.289447 	 -0.734230 	 296.503094 	 296.279001 	 279.168727 	 296.340663 	 296.450637 	 296.193051
2:40:27.282 PM 4/24/2023 	 0.339986 	 -0.877078 	 296.502327 	 296.277468 	 279.179712 	 296.339025 	 296.430203 	 296.219152
2:40:37.782 PM 4/24/2023 	 -0.182716 	 -1.417681 	 296.498342 	 296.276395 	 279.172729 	 296.311145 	 296.464830 	 296.189854
2:40:48.282 PM 4/24/2023 	 -0.455455 	 -0.360413 	 296.496656 	 296.274708 	 279.171627 	 296.329356 	 296.453901 	 296.254614
2:40:58.781 PM 4/24/2023 	 -0.222816 	 -0.585931 	 296.494663 	 296.273175 	 279.180532 	 296.320074 	 296.454959 	 296.190792
2:41:08.782 PM 4/24/2023 	 0.190323 	 -0.507476 	 296.492977 	 296.271182 	 279.162623 	 296.329142 	 296.460266 	 296.352644
2:41:19.282 PM 4/24/2023 	 -0.768452 	 -0.306227 	 296.491598 	 296.269955 	 279.146646 	 296.341953 	 296.452396 	 296.271443
2:41:29.782 PM 4/24/2023 	 0.275723 	 -1.470619 	 296.489758 	 296.269495 	 279.145566 	 296.329632 	 296.459815 	 296.229032
2:41:40.282 PM 4/24/2023 	 -0.044795 	 -1.089309 	 296.488532 	 296.267196 	 279.155319 	 296.339967 	 296.460750 	 296.262876
2:41:50.282 PM 4/24/2023 	 -0.893331 	 -0.834681 	 296.486386 	 296.268576 	 279.166438 	 296.329997 	 296.463000 	 296.262307
2:42:00.782 PM 4/24/2023 	 -1.143171 	 0.271121 	 296.485313 	 296.270569 	 279.150104 	 296.348105 	 296.463246 	 296.328363
2:42:11.282 PM 4/24/2023 	 -0.098244 	 -0.823235 	 296.483934 	 296.270875 	 279.161858 	 296.364127 	 296.451070 	 296.266825
2:42:21.782 PM 4/24/2023 	 -0.534569 	 -1.260051 	 296.483014 	 296.270109 	 279.176944 	 296.336358 	 296.451033 	 296.246103
2:42:31.782 PM 4/24/2023 	 -0.142545 	 -0.248993 	 296.481328 	 296.267502 	 279.166014 	 296.348861 	 296.459773 	 296.150470
2:42:42.281 PM 4/24/2023 	 -0.875583 	 -0.124520 	 296.480102 	 296.267809 	 279.147105 	 296.340985 	 296.447670 	 296.202306
2:42:52.782 PM 4/24/2023 	 -0.179723 	 -0.118260 	 296.476730 	 296.269802 	 279.182078 	 296.338015 	 296.461617 	 296.533508
2:43:03.282 PM 4/24/2023 	 0.914129 	 0.123501 	 296.476117 	 296.268882 	 279.162415 	 296.330822 	 296.446908 	 296.406493
2:43:13.282 PM 4/24/2023 	 -0.228978 	 0.204988 	 296.474124 	 296.269495 	 279.177448 	 296.323683 	 296.459507 	 296.381495
2:43:23.782 PM 4/24/2023 	 -0.031582 	 -0.918925 	 296.471518 	 296.271029 	 279.144769 	 296.346255 	 296.455288 	 296.517313
2:43:34.282 PM 4/24/2023 	 -0.540723 	 -0.695317 	 296.471059 	 296.271029 	 279.155790 	 296.337131 	 296.471071 	 296.383192
2:43:44.782 PM 4/24/2023 	 0.227286 	 -0.943197 	 296.467380 	 296.272102 	 279.154917 	 296.328299 	 296.466471 	 296.468821
2:43:55.282 PM 4/24/2023 	 -0.886148 	 -0.781796 	 296.466460 	 296.272562 	 279.180584 	 296.329054 	 296.471455 	 296.317303
2:44:05.282 PM 4/24/2023 	 0.019363 	 -1.040394 	 296.465541 	 296.273635 	 279.160970 	 296.331780 	 296.456794 	 296.258448
2:44:15.784 PM 4/24/2023 	 -0.445466 	 -1.392776 	 296.465234 	 296.276395 	 279.158468 	 296.346292 	 296.454855 	 296.287535
2:44:26.282 PM 4/24/2023 	 -0.434912 	 -0.875579 	 296.467993 	 296.277928 	 279.150242 	 296.354348 	 296.484994 	 296.331316
2:44:36.782 PM 4/24/2023 	 -0.400848 	 -1.286349 	 296.467227 	 296.276701 	 279.180487 	 296.363742 	 296.454915 	 296.359042
2:44:46.782 PM 4/24/2023 	 -0.696172 	 -0.480902 	 296.468759 	 296.279461 	 279.139921 	 296.358976 	 296.444040 	 296.248040
2:44:57.282 PM 4/24/2023 	 -0.494434 	 -0.688403 	 296.468146 	 296.280687 	 279.161542 	 296.334681 	 296.433848 	 296.290496
2:45:07.782 PM 4/24/2023 	 -0.402803 	 -1.394998 	 296.469066 	 296.281914 	 279.153022 	 296.368306 	 296.466996 	 296.430342
2:45:18.282 PM 4/24/2023 	 -0.953351 	 -0.820711 	 296.468913 	 296.282374 	 279.140793 	 296.343365 	 296.457568 	 296.382375
2:45:28.282 PM 4/24/2023 	 -0.274327 	 -0.481343 	 296.467227 	 296.283447 	 279.143984 	 296.349259 	 296.463461 	 296.350199
2:45:38.782 PM 4/24/2023 	 0.007069 	 0.304486 	 296.466460 	 296.284214 	 279.161436 	 296.340689 	 296.478858 	 296.248555
2:45:48.782 PM 4/24/2023 	 -0.522356 	 -1.120791 	 296.464774 	 296.286207 	 279.143970 	 296.360526 	 296.457808 	 296.274036
2:45:59.281 PM 4/24/2023 	 -0.098856 	 -0.544928 	 296.465387 	 296.287280 	 279.148543 	 296.350361 	 296.454694 	 296.390781
2:46:09.282 PM 4/24/2023 	 -0.018031 	 -0.411544 	 296.465234 	 296.289886 	 279.160270 	 296.337686 	 296.449541 	 296.314654
2:46:19.781 PM 4/24/2023 	 -0.786640 	 -1.021854 	 296.464927 	 296.292953 	 279.159293 	 296.318883 	 296.452829 	 296.270466
2:46:30.282 PM 4/24/2023 	 -0.746357 	 -0.337835 	 296.464314 	 296.297092 	 279.152250 	 296.343591 	 296.440876 	 296.253337
2:46:40.782 PM 4/24/2023 	 -0.406862 	 -0.379799 	 296.462782 	 296.299239 	 279.148733 	 296.334092 	 296.458166 	 296.223621
2:46:51.281 PM 4/24/2023 	 -0.602730 	 -0.825433 	 296.460942 	 296.301692 	 279.175632 	 296.333214 	 296.458228 	 296.257062
2:47:01.281 PM 4/24/2023 	 -0.497001 	 -1.337425 	 296.461709 	 296.304145 	 279.153861 	 296.354544 	 296.443838 	 296.349373
2:47:11.782 PM 4/24/2023 	 -0.740247 	 -1.150641 	 296.462935 	 296.306904 	 279.151459 	 296.375730 	 296.456092 	 296.365390
2:47:21.782 PM 4/24/2023 	 -0.151989 	 -1.671863 	 296.466767 	 296.309051 	 279.147419 	 296.349748 	 296.461130 	 296.360088
2:47:32.281 PM 4/24/2023 	 -1.007815 	 -1.682865 	 296.466000 	 296.314110 	 279.152383 	 296.340429 	 296.462621 	 296.308466
2:47:42.282 PM 4/24/2023 	 -0.949660 	 -1.100447 	 296.466460 	 296.317023 	 279.160320 	 296.337735 	 296.471675 	 296.292609
2:47:52.282 PM 4/24/2023 	 -1.287328 	 -0.349197 	 296.468453 	 296.319016 	 279.145022 	 296.386919 	 296.441904 	 296.311716
2:48:02.782 PM 4/24/2023 	 0.132347 	 -0.662169 	 296.470445 	 296.322083 	 279.164818 	 296.357109 	 296.466139 	 296.248993
2:48:13.281 PM 4/24/2023 	 -1.200564 	 -1.621775 	 296.470599 	 296.323769 	 279.167832 	 296.370352 	 296.442727 	 296.308308
2:48:23.281 PM 4/24/2023 	 -0.328455 	 -0.342218 	 296.470292 	 296.324842 	 279.171674 	 296.382043 	 296.478851 	 296.336922
2:48:33.782 PM 4/24/2023 	 -0.300106 	 -1.001718 	 296.471212 	 296.326682 	 279.149235 	 296.348207 	 296.472277 	 296.454420
2:48:44.281 PM 4/24/2023 	 -0.621141 	 -1.422788 	 296.471518 	 296.328215 	 279.161732 	 296.340975 	 296.456118 	 296.392206
2:48:54.782 PM 4/24/2023 	 -1.052782 	 -0.129191 	 296.472285 	 296.329902 	 279.154474 	 296.362654 	 296.463695 	 296.352784
2:49:05.281 PM 4/24/2023 	 0.753839 	 -0.779823 	 296.472285 	 296.331282 	 279.147078 	 296.380440 	 296.465031 	 296.326858
2:49:15.282 PM 4/24/2023 	 -0.865070 	 -0.785293 	 296.472745 	 296.334348 	 279.151189 	 296.350560 	 296.481207 	 296.352910
2:49:25.283 PM 4/24/2023 	 -1.181125 	 0.138729 	 296.471978 	 296.336801 	 279.182882 	 296.357590 	 296.458632 	 296.484946
2:49:35.782 PM 4/24/2023 	 -0.536426 	 -1.332200 	 296.474124 	 296.336648 	 279.168768 	 296.345403 	 296.465244 	 296.334592
2:49:46.282 PM 4/24/2023 	 -1.111073 	 -1.075270 	 296.474431 	 296.336648 	 279.157931 	 296.347654 	 296.444468 	 296.384784
2:49:56.781 PM 4/24/2023 	 -0.883037 	 -1.124389 	 296.475350 	 296.338334 	 279.161943 	 296.343998 	 296.438464 	 296.235409
2:50:06.782 PM 4/24/2023 	 -0.701496 	 -0.776695 	 296.474277 	 296.338028 	 279.144947 	 296.340786 	 296.450760 	 296.187531
2:50:16.782 PM 4/24/2023 	 -0.167074 	 -0.996575 	 296.472591 	 296.340021 	 279.059588 	 296.390642 	 296.462074 	 296.161706
2:50:27.282 PM 4/24/2023 	 0.415362 	 -0.365530 	 296.475810 	 296.340941 	 279.013527 	 296.363205 	 296.465655 	 296.225942
2:50:37.782 PM 4/24/2023 	 -0.864759 	 -0.930600 	 296.476730 	 296.340021 	 278.935318 	 296.338656 	 296.458969 	 296.322205
2:50:47.782 PM 4/24/2023 	 -0.045806 	 -0.694672 	 296.478263 	 296.343241 	 278.863858 	 296.361511 	 296.442815 	 296.267029
2:50:58.282 PM 4/24/2023 	 -0.376422 	 -0.852927 	 296.477496 	 296.344160 	 278.788795 	 296.336256 	 296.472547 	 296.254463
2:51:08.782 PM 4/24/2023 	 -0.673035 	 -1.175230 	 296.475657 	 296.345847 	 278.707784 	 296.369212 	 296.477300 	 296.278963
2:51:19.281 PM 4/24/2023 	 -0.412929 	 -0.882963 	 296.474584 	 296.346767 	 278.609744 	 296.359476 	 296.431382 	 296.383916
2:51:29.282 PM 4/24/2023 	 -0.602582 	 -1.494832 	 296.474124 	 296.346767 	 278.567447 	 296.356384 	 296.469174 	 296.370484
2:51:39.781 PM 4/24/2023 	 -0.361512 	 -1.120685 	 296.475044 	 296.345847 	 278.523688 	 296.354709 	 296.468909 	 296.291253
2:51:49.781 PM 4/24/2023 	 -1.044184 	 -0.198403 	 296.473358 	 296.345080 	 278.507871 	 296.348894 	 296.481422 	 296.538745
2:51:59.782 PM 4/24/2023 	 -0.530992 	 -0.705913 	 296.473358 	 296.345540 	 278.494542 	 296.329022 	 296.460615 	 296.512303
2:52:10.281 PM 4/24/2023 	 -0.498352 	 -0.788471 	 296.470139 	 296.344467 	 278.442297 	 296.323421 	 296.453137 	 296.376064
2:52:20.781 PM 4/24/2023 	 -0.520347 	 -0.498183 	 296.471825 	 296.347073 	 278.448147 	 296.312127 	 296.454533 	 296.291914
2:52:30.782 PM 4/24/2023 	 -0.454841 	 -1.929369 	 296.470905 	 296.345540 	 278.436745 	 296.349574 	 296.451087 	 296.234404
2:52:41.282 PM 4/24/2023 	 -0.778258 	 -0.773706 	 296.469986 	 296.346460 	 278.435443 	 296.337041 	 296.460644 	 296.249137
2:52:51.781 PM 4/24/2023 	 -1.399293 	 -0.799951 	 296.468146 	 296.348913 	 278.449970 	 296.355243 	 296.458635 	 296.227852
2:53:01.781 PM 4/24/2023 	 -0.253354 	 -1.075676 	 296.467073 	 296.349987 	 278.391118 	 296.316032 	 296.452328 	 296.322613
2:53:12.281 PM 4/24/2023 	 -0.212986 	 -0.769148 	 296.467227 	 296.350446 	 278.381487 	 296.362234 	 296.451527 	 296.355654
2:53:22.781 PM 4/24/2023 	 0.382833 	 -1.110579 	 296.466614 	 296.349373 	 278.399899 	 296.332468 	 296.458891 	 296.492254
2:53:32.782 PM 4/24/2023 	 -0.577853 	 -0.746305 	 296.466767 	 296.351366 	 278.356738 	 296.322923 	 296.444180 	 296.372276
2:53:42.782 PM 4/24/2023 	 0.377074 	 -0.817590 	 296.465694 	 296.353206 	 278.374590 	 296.331631 	 296.473561 	 296.243725
2:53:53.282 PM 4/24/2023 	 -1.300120 	 -1.232641 	 296.465081 	 296.354279 	 278.335172 	 296.340728 	 296.461510 	 296.412167
2:54:03.782 PM 4/24/2023 	 -0.615201 	 0.275494 	 296.466307 	 296.353666 	 278.323042 	 296.307912 	 296.465357 	 296.451259
2:54:14.283 PM 4/24/2023 	 -1.122856 	 -1.089321 	 296.466000 	 296.356733 	 278.313913 	 296.333447 	 296.457520 	 296.433554
2:54:24.782 PM 4/24/2023 	 0.721271 	 -0.284474 	 296.466460 	 296.357652 	 278.325164 	 296.327814 	 296.448599 	 296.306661
2:54:34.782 PM 4/24/2023 	 -0.622473 	 -0.287868 	 296.465234 	 296.358572 	 278.305563 	 296.311787 	 296.449024 	 296.269009
2:54:45.281 PM 4/24/2023 	 -0.712482 	 -0.300903 	 296.461555 	 296.358419 	 278.296740 	 296.337146 	 296.461219 	 296.218683
2:54:55.281 PM 4/24/2023 	 0.170274 	 -0.742448 	 296.460789 	 296.360106 	 278.308315 	 296.306912 	 296.457778 	 296.292810
2:55:05.282 PM 4/24/2023 	 -0.663117 	 -0.448808 	 296.457877 	 296.362865 	 278.298226 	 296.296740 	 296.458887 	 296.288278
2:55:15.782 PM 4/24/2023 	 -0.288575 	 -1.283901 	 296.456651 	 296.363632 	 278.290975 	 296.309510 	 296.479642 	 296.323142
2:55:26.281 PM 4/24/2023 	 -0.518792 	 -0.805418 	 296.454351 	 296.363479 	 278.243869 	 296.289131 	 296.459270 	 296.247292
2:55:36.282 PM 4/24/2023 	 -1.001266 	 -0.587751 	 296.452665 	 296.363939 	 278.247230 	 296.288602 	 296.465790 	 296.232189
2:55:46.782 PM 4/24/2023 	 -0.557787 	 -1.051820 	 296.449906 	 296.364705 	 278.260692 	 296.305776 	 296.473560 	 296.160974
2:55:57.282 PM 4/24/2023 	 -0.306128 	 -0.157196 	 296.451899 	 296.364245 	 278.235865 	 296.322801 	 296.444528 	 296.263571
2:56:07.782 PM 4/24/2023 	 -0.164037 	 -0.823070 	 296.453278 	 296.368538 	 278.232593 	 296.341748 	 296.467699 	 296.267007
2:56:17.782 PM 4/24/2023 	 -0.937553 	 -1.029835 	 296.454351 	 296.367005 	 278.241840 	 296.307393 	 296.459199 	 296.313974
2:56:28.282 PM 4/24/2023 	 -0.545923 	 -0.851907 	 296.454045 	 296.368078 	 278.226974 	 296.319894 	 296.468407 	 296.412015
2:56:38.782 PM 4/24/2023 	 -0.117659 	 -0.727945 	 296.453278 	 296.368231 	 278.202778 	 296.322486 	 296.439984 	 296.354448
2:56:49.282 PM 4/24/2023 	 -0.724790 	 -0.844694 	 296.452972 	 296.371451 	 278.212261 	 296.317031 	 296.473533 	 296.355103
2:56:59.282 PM 4/24/2023 	 -0.181273 	 -0.654801 	 296.452359 	 296.375437 	 278.211031 	 296.322899 	 296.460133 	 296.726497
2:57:09.782 PM 4/24/2023 	 -0.274404 	 -0.186937 	 296.454811 	 296.376971 	 278.235519 	 296.348321 	 296.465342 	 296.651388
2:57:20.282 PM 4/24/2023 	 -1.016684 	 -0.745526 	 296.454811 	 296.375131 	 278.214145 	 296.335293 	 296.483331 	 296.442919
2:57:30.782 PM 4/24/2023 	 0.093446 	 -0.355919 	 296.454198 	 296.377277 	 278.209437 	 296.325597 	 296.467060 	 296.470819
2:57:41.281 PM 4/24/2023 	 0.115990 	 -0.671266 	 296.455578 	 296.379270 	 278.211016 	 296.323354 	 296.463877 	 296.594024
2:57:51.282 PM 4/24/2023 	 -0.742046 	 -0.347323 	 296.455731 	 296.384330 	 278.211396 	 296.330301 	 296.452966 	 296.708532
2:58:01.782 PM 4/24/2023 	 -1.142989 	 -0.590299 	 296.459716 	 296.385557 	 278.195488 	 296.339919 	 296.472449 	 296.558903
2:58:12.281 PM 4/24/2023 	 -0.298262 	 -0.608739 	 296.464468 	 296.386630 	 278.214641 	 296.347991 	 296.462193 	 296.519988
2:58:22.782 PM 4/24/2023 	 -0.778958 	 -0.507040 	 296.465387 	 296.390616 	 278.198956 	 296.325862 	 296.455577 	 296.355944
2:58:32.782 PM 4/24/2023 	 -0.233089 	 -1.329789 	 296.464161 	 296.391843 	 278.229650 	 296.331398 	 296.445134 	 296.441374
2:58:43.282 PM 4/24/2023 	 0.020475 	 -0.366969 	 296.463701 	 296.394143 	 278.211871 	 296.334047 	 296.451542 	 296.398908
2:58:53.782 PM 4/24/2023 	 -1.556810 	 -0.121393 	 296.462322 	 296.395829 	 278.203058 	 296.324165 	 296.466097 	 296.416755
2:59:04.282 PM 4/24/2023 	 -0.191390 	 -0.822087 	 296.463701 	 296.398742 	 278.224394 	 296.344206 	 296.461229 	 296.565537
2:59:14.282 PM 4/24/2023 	 -0.312124 	 -1.121452 	 296.464774 	 296.402575 	 278.178773 	 296.377435 	 296.468135 	 296.496798
2:59:24.782 PM 4/24/2023 	 -0.129205 	 -0.395559 	 296.466920 	 296.403955 	 278.197079 	 296.364011 	 296.454713 	 296.415239
2:59:35.282 PM 4/24/2023 	 0.430622 	 -0.874452 	 296.468606 	 296.407175 	 278.201122 	 296.348156 	 296.451080 	 296.399856
2:59:45.782 PM 4/24/2023 	 -0.533473 	 -1.056100 	 296.468913 	 296.407788 	 278.175212 	 296.352861 	 296.467062 	 296.330300
2:59:56.282 PM 4/24/2023 	 0.091472 	 -1.697007 	 296.467380 	 296.410395 	 278.192724 	 296.330682 	 296.448178 	 296.323631
3:00:06.282 PM 4/24/2023 	 -0.746421 	 -1.375490 	 296.464927 	 296.413154 	 278.172836 	 296.331776 	 296.445982 	 296.495791
3:00:16.782 PM 4/24/2023 	 -0.027369 	 -0.443986 	 296.462782 	 296.415607 	 278.181687 	 296.322422 	 296.458717 	 296.399974
3:00:27.281 PM 4/24/2023 	 0.272638 	 -0.596793 	 296.462782 	 296.416527 	 278.196433 	 296.314036 	 296.440464 	 296.497322
3:00:37.782 PM 4/24/2023 	 -0.016283 	 -2.007733 	 296.460636 	 296.416221 	 278.169617 	 296.324452 	 296.447118 	 296.409522
3:00:47.782 PM 4/24/2023 	 -0.292910 	 0.148763 	 296.459103 	 296.419594 	 278.154173 	 296.338749 	 296.449664 	 296.331699
3:00:58.282 PM 4/24/2023 	 -0.554585 	 -0.280906 	 296.458796 	 296.421740 	 278.177528 	 296.328296 	 296.456600 	 296.358848
3:01:08.782 PM 4/24/2023 	 -0.414813 	 -0.051101 	 296.457110 	 296.424500 	 278.179911 	 296.341867 	 296.454661 	 296.322126
3:01:19.282 PM 4/24/2023 	 -0.866379 	 -1.632398 	 296.459716 	 296.426800 	 278.179460 	 296.357415 	 296.468325 	 296.533637
3:01:29.781 PM 4/24/2023 	 -0.780722 	 -1.943058 	 296.460636 	 296.427107 	 278.174663 	 296.366904 	 296.454787 	 296.545942
3:01:39.782 PM 4/24/2023 	 -0.696745 	 -0.637122 	 296.465081 	 296.430480 	 278.163134 	 296.374152 	 296.457334 	 296.711020
3:01:50.282 PM 4/24/2023 	 0.248929 	 -0.702113 	 296.467380 	 296.432933 	 278.170451 	 296.377425 	 296.462956 	 296.436641
3:02:00.782 PM 4/24/2023 	 -0.606068 	 -1.275642 	 296.470752 	 296.434926 	 278.175267 	 296.364665 	 296.466645 	 296.486851
3:02:11.282 PM 4/24/2023 	 -0.130545 	 -1.027538 	 296.472131 	 296.436459 	 278.188034 	 296.338865 	 296.461527 	 296.414064
3:02:21.782 PM 4/24/2023 	 -0.818543 	 -1.155216 	 296.470599 	 296.436306 	 278.190393 	 296.358053 	 296.456276 	 296.368393
3:02:32.282 PM 4/24/2023 	 -0.699619 	 -1.658002 	 296.469372 	 296.437226 	 278.197586 	 296.349927 	 296.480575 	 296.387527
3:02:42.282 PM 4/24/2023 	 0.054703 	 -1.411466 	 296.469986 	 296.439986 	 278.185639 	 296.343144 	 296.453587 	 296.331393
3:02:52.782 PM 4/24/2023 	 -0.191704 	 -1.178145 	 296.469832 	 296.443359 	 278.167755 	 296.364964 	 296.446738 	 296.427001
3:03:03.282 PM 4/24/2023 	 -0.343321 	 -0.951086 	 296.472131 	 296.445659 	 278.189801 	 296.376754 	 296.478262 	 296.406833
3:03:13.782 PM 4/24/2023 	 -0.136354 	 -0.472755 	 296.475350 	 296.445659 	 278.179322 	 296.357752 	 296.468192 	 296.410861
3:03:23.782 PM 4/24/2023 	 -0.669512 	 -0.937475 	 296.476730 	 296.448878 	 278.172798 	 296.347251 	 296.469911 	 296.579385
3:03:34.281 PM 4/24/2023 	 -0.988867 	 -0.818361 	 296.474584 	 296.451025 	 278.192832 	 296.350058 	 296.448282 	 296.675670
3:03:44.281 PM 4/24/2023 	 -0.161866 	 -0.547754 	 296.475197 	 296.452865 	 278.179380 	 296.352637 	 296.463078 	 296.553292
3:03:54.282 PM 4/24/2023 	 -1.644491 	 -0.827760 	 296.475963 	 296.454551 	 278.167994 	 296.396683 	 296.472343 	 296.455427
3:04:04.282 PM 4/24/2023 	 -1.506944 	 -0.510056 	 296.480255 	 296.456238 	 278.163190 	 296.389246 	 296.468666 	 296.413684
3:04:14.782 PM 4/24/2023 	 -1.231792 	 -0.555187 	 296.481022 	 296.461451 	 278.168542 	 296.368541 	 296.461122 	 296.539591
3:04:25.282 PM 4/24/2023 	 -0.959177 	 -0.951315 	 296.482248 	 296.462218 	 278.180685 	 296.377393 	 296.457755 	 296.377393
3:04:35.782 PM 4/24/2023 	 -0.634268 	 -0.987555 	 296.483627 	 296.465744 	 278.154004 	 296.363027 	 296.452320 	 296.395456
3:04:46.282 PM 4/24/2023 	 -0.822662 	 -0.266098 	 296.482708 	 296.466971 	 278.154007 	 296.372900 	 296.466420 	 296.345169
3:04:56.282 PM 4/24/2023 	 -0.007382 	 -0.227653 	 296.486540 	 296.469117 	 278.111241 	 296.383968 	 296.463859 	 296.465739
3:05:06.782 PM 4/24/2023 	 -0.760805 	 -0.606603 	 296.486999 	 296.473563 	 278.014360 	 296.395681 	 296.473221 	 296.718444
3:05:17.282 PM 4/24/2023 	 -0.372321 	 -1.417701 	 296.491291 	 296.476937 	 277.937378 	 296.384701 	 296.476340 	 296.563732
3:05:27.782 PM 4/24/2023 	 0.275285 	 -0.963940 	 296.493897 	 296.481536 	 277.899890 	 296.375950 	 296.444095 	 296.423417
3:05:37.782 PM 4/24/2023 	 -0.277359 	 -1.176766 	 296.494203 	 296.484296 	 277.838325 	 296.382145 	 296.492110 	 296.413164
3:05:48.282 PM 4/24/2023 	 -0.462924 	 -0.192402 	 296.496809 	 296.489969 	 277.755650 	 296.413666 	 296.470057 	 296.340347
3:05:58.781 PM 4/24/2023 	 -0.160015 	 -0.696531 	 296.501561 	 296.491196 	 277.700192 	 296.435611 	 296.465216 	 296.452529
3:06:08.781 PM 4/24/2023 	 -0.547986 	 -0.986272 	 296.506925 	 296.493649 	 277.641230 	 296.389346 	 296.476755 	 296.439631
3:06:18.781 PM 4/24/2023 	 -0.544134 	 -1.109952 	 296.509531 	 296.495336 	 277.593843 	 296.398845 	 296.470745 	 296.409654
3:06:28.782 PM 4/24/2023 	 -0.621224 	 -0.622261 	 296.511217 	 296.496869 	 277.564724 	 296.400974 	 296.484151 	 296.532077
3:06:39.282 PM 4/24/2023 	 -0.826310 	 -0.399290 	 296.513670 	 296.498402 	 277.546432 	 296.398927 	 296.471767 	 296.495261
3:06:49.782 PM 4/24/2023 	 -0.943152 	 -1.120042 	 296.516429 	 296.502082 	 277.517255 	 296.389253 	 296.470083 	 296.548550
3:07:00.281 PM 4/24/2023 	 -0.365660 	 -0.185411 	 296.517502 	 296.504995 	 277.473984 	 296.395194 	 296.456287 	 296.518782
3:07:10.781 PM 4/24/2023 	 -0.182205 	 -1.043105 	 296.520261 	 296.507295 	 277.486796 	 296.433807 	 296.461532 	 296.600605
3:07:20.782 PM 4/24/2023 	 0.227229 	 -0.481324 	 296.523326 	 296.507602 	 277.449219 	 296.451322 	 296.459311 	 296.470589
3:07:31.281 PM 4/24/2023 	 -0.888017 	 -0.934552 	 296.531144 	 296.508675 	 277.411036 	 296.448524 	 296.461212 	 296.434426
3:07:41.782 PM 4/24/2023 	 -0.051620 	 -0.483578 	 296.535282 	 296.507908 	 277.396045 	 296.432261 	 296.460927 	 296.526240
3:07:52.282 PM 4/24/2023 	 -0.785883 	 -0.744176 	 296.537275 	 296.507448 	 277.390176 	 296.427101 	 296.483021 	 296.580748
3:08:02.781 PM 4/24/2023 	 -0.726395 	 -1.090825 	 296.539880 	 296.512201 	 277.384183 	 296.422292 	 296.473043 	 296.520501
3:08:12.781 PM 4/24/2023 	 -0.625550 	 -1.168612 	 296.542333 	 296.515881 	 277.363074 	 296.405329 	 296.478638 	 296.702724
3:08:22.782 PM 4/24/2023 	 -0.871688 	 -0.688487 	 296.542946 	 296.520788 	 277.361082 	 296.396839 	 296.479077 	 296.658072
3:08:32.782 PM 4/24/2023 	 -0.190969 	 -0.700152 	 296.543559 	 296.524468 	 277.355130 	 296.437655 	 296.476188 	 296.406168
3:08:43.281 PM 4/24/2023 	 -0.408321 	 -1.282280 	 296.544479 	 296.527687 	 277.342405 	 296.408059 	 296.462102 	 296.516138
3:08:53.782 PM 4/24/2023 	 -0.407038 	 -1.270195 	 296.545399 	 296.529987 	 277.350408 	 296.416207 	 296.475887 	 296.601802
3:09:04.281 PM 4/24/2023 	 0.620236 	 -0.976081 	 296.546012 	 296.532134 	 277.342288 	 296.428626 	 296.486895 	 296.558312
3:09:14.781 PM 4/24/2023 	 -0.627848 	 0.010532 	 296.549077 	 296.535047 	 277.349858 	 296.436827 	 296.479589 	 296.558994
3:09:24.782 PM 4/24/2023 	 -0.590546 	 -0.859428 	 296.553676 	 296.537040 	 277.332220 	 296.447163 	 296.459381 	 296.688173
3:09:34.782 PM 4/24/2023 	 -1.166140 	 -0.992817 	 296.553522 	 296.541334 	 277.311769 	 296.424727 	 296.463731 	 296.513069
3:09:44.782 PM 4/24/2023 	 -0.038690 	 0.077160 	 296.553676 	 296.543020 	 277.308088 	 296.426365 	 296.465369 	 296.399108
3:09:54.782 PM 4/24/2023 	 -0.801018 	 -1.598847 	 296.553829 	 296.546393 	 277.282693 	 296.416106 	 296.467798 	 296.535929
3:10:05.281 PM 4/24/2023 	 -0.173690 	 -1.075247 	 296.554902 	 296.549000 	 277.294511 	 296.409112 	 296.469734 	 296.518601
3:10:15.282 PM 4/24/2023 	 -0.966099 	 -1.158325 	 296.557968 	 296.550380 	 277.275763 	 296.429196 	 296.479477 	 296.553715
3:10:25.781 PM 4/24/2023 	 -1.005996 	 -1.315255 	 296.558274 	 296.554520 	 277.259163 	 296.419854 	 296.482823 	 296.454629
3:10:35.782 PM 4/24/2023 	 -0.287515 	 -1.567533 	 296.558734 	 296.553753 	 277.252865 	 296.422743 	 296.475374 	 296.552431
3:10:46.281 PM 4/24/2023 	 -0.471426 	 -0.886282 	 296.558274 	 296.554520 	 277.263046 	 296.420759 	 296.469161 	 296.435797
3:10:56.282 PM 4/24/2023 	 -0.259915 	 -0.773700 	 296.558734 	 296.552833 	 277.257448 	 296.419149 	 296.461443 	 296.476480
3:11:06.781 PM 4/24/2023 	 -0.340757 	 -0.668354 	 296.562259 	 296.552220 	 277.264292 	 296.457199 	 296.457668 	 296.405035
3:11:16.782 PM 4/24/2023 	 0.112862 	 -1.235992 	 296.566398 	 296.550227 	 277.255240 	 296.444288 	 296.481411 	 296.360164
3:11:26.782 PM 4/24/2023 	 -0.006665 	 -1.380257 	 296.569157 	 296.550840 	 277.254470 	 296.463756 	 296.477853 	 296.395145
3:11:37.281 PM 4/24/2023 	 -0.181062 	 -0.960366 	 296.575748 	 296.549920 	 277.246214 	 296.466177 	 296.470876 	 296.431873
3:11:47.782 PM 4/24/2023 	 -0.580537 	 -0.732914 	 296.578507 	 296.550380 	 277.250839 	 296.445707 	 296.475781 	 296.394012
3:11:58.282 PM 4/24/2023 	 0.149215 	 -0.651303 	 296.579887 	 296.548387 	 277.235178 	 296.441965 	 296.481438 	 296.408599
3:12:08.283 PM 4/24/2023 	 -0.087127 	 -0.511593 	 296.578967 	 296.546700 	 277.229846 	 296.454239 	 296.462228 	 296.481964
3:12:18.782 PM 4/24/2023 	 -1.406399 	 -0.955925 	 296.580806 	 296.544400 	 277.230271 	 296.465925 	 296.496468 	 296.519491
3:12:29.282 PM 4/24/2023 	 -0.329732 	 -1.076067 	 296.582952 	 296.541334 	 277.221025 	 296.476794 	 296.465046 	 296.530829
3:12:39.782 PM 4/24/2023 	 0.519596 	 -0.434399 	 296.586325 	 296.538880 	 277.211819 	 296.470316 	 296.477364 	 296.506966
3:12:50.281 PM 4/24/2023 	 -0.328490 	 -0.679670 	 296.590157 	 296.535047 	 277.193494 	 296.476239 	 296.465901 	 296.348880
3:13:00.282 PM 4/24/2023 	 -1.153760 	 -1.328627 	 296.593376 	 296.534894 	 277.200178 	 296.417329 	 296.469961 	 296.476070
3:13:10.782 PM 4/24/2023 	 -0.097464 	 -1.575344 	 296.592149 	 296.530601 	 277.201235 	 296.419283 	 296.480373 	 296.423043
3:13:21.282 PM 4/24/2023 	 -0.506343 	 -1.852388 	 296.591536 	 296.528607 	 277.192633 	 296.420433 	 296.460377 	 296.646895
3:13:31.782 PM 4/24/2023 	 -0.435165 	 -1.238102 	 296.592149 	 296.527074 	 277.199893 	 296.444313 	 296.474387 	 296.483315
3:13:41.782 PM 4/24/2023 	 -0.675880 	 -1.179080 	 296.593989 	 296.524928 	 277.214447 	 296.427724 	 296.484114 	 296.470017
3:13:52.282 PM 4/24/2023 	 -0.542609 	 -0.572936 	 296.590463 	 296.523241 	 277.209902 	 296.402217 	 296.466598 	 296.403627
3:14:02.782 PM 4/24/2023 	 0.255848 	 -1.788505 	 296.588164 	 296.520021 	 277.185467 	 296.412621 	 296.484519 	 296.539023
3:14:13.282 PM 4/24/2023 	 -0.857293 	 -0.476495 	 296.584332 	 296.517415 	 277.187451 	 296.405124 	 296.490180 	 296.401364
3:14:23.282 PM 4/24/2023 	 0.154100 	 -0.587412 	 296.582339 	 296.515728 	 277.208980 	 296.391464 	 296.489209 	 296.390994
3:14:33.782 PM 4/24/2023 	 -0.364769 	 -1.160090 	 296.576974 	 296.515115 	 277.199519 	 296.395548 	 296.490944 	 296.451472
3:14:44.282 PM 4/24/2023 	 -0.703346 	 -0.807153 	 296.574369 	 296.514808 	 277.215467 	 296.386405 	 296.490260 	 296.374655
3:14:54.782 PM 4/24/2023 	 -0.671291 	 -0.326690 	 296.570230 	 296.512815 	 277.195022 	 296.382777 	 296.474885 	 296.438702
3:15:04.782 PM 4/24/2023 	 0.054242 	 -1.016014 	 296.569923 	 296.510668 	 277.198010 	 296.380002 	 296.473051 	 296.324540
3:15:15.282 PM 4/24/2023 	 -0.281901 	 -1.469779 	 296.567164 	 296.510362 	 277.193906 	 296.394396 	 296.467707 	 296.399566
3:15:25.782 PM 4/24/2023 	 -0.167469 	 -0.274192 	 296.565172 	 296.508675 	 277.215399 	 296.399499 	 296.472339 	 296.302675
3:15:36.282 PM 4/24/2023 	 -0.754605 	 -0.438972 	 296.563026 	 296.506068 	 277.211572 	 296.401469 	 296.467730 	 296.434365
3:15:46.782 PM 4/24/2023 	 -0.550708 	 -0.197681 	 296.561340 	 296.504535 	 277.181046 	 296.371723 	 296.492967 	 296.374073
3:15:56.782 PM 4/24/2023 	 -0.428390 	 -0.929307 	 296.559041 	 296.502695 	 277.200883 	 296.403907 	 296.471108 	 296.322126
3:16:07.282 PM 4/24/2023 	 -0.788017 	 0.119310 	 296.555975 	 296.502082 	 277.194759 	 296.393804 	 296.482621 	 296.268773
3:16:17.782 PM 4/24/2023 	 -0.751602 	 -1.232800 	 296.553982 	 296.502235 	 277.165890 	 296.381627 	 296.468567 	 296.452590
3:16:28.282 PM 4/24/2023 	 0.049398 	 -1.631412 	 296.551990 	 296.501315 	 277.189931 	 296.401393 	 296.492089 	 296.407033
3:16:38.282 PM 4/24/2023 	 0.151746 	 -1.406439 	 296.552449 	 296.502082 	 277.184495 	 296.391950 	 296.482177 	 296.435186
3:16:48.782 PM 4/24/2023 	 -1.164962 	 0.354750 	 296.549844 	 296.504842 	 277.177973 	 296.370656 	 296.468875 	 296.312842
3:16:59.282 PM 4/24/2023 	 0.551652 	 0.310177 	 296.547698 	 296.503462 	 277.170982 	 296.374761 	 296.485667 	 296.369121
3:17:09.782 PM 4/24/2023 	 -0.664391 	 -0.633844 	 296.545552 	 296.502695 	 277.172330 	 296.377464 	 296.485080 	 296.420232
3:17:19.782 PM 4/24/2023 	 -0.142204 	 -0.843136 	 296.543559 	 296.501315 	 277.178241 	 296.365273 	 296.473362 	 296.492627
3:17:30.282 PM 4/24/2023 	 -0.080142 	 -1.023265 	 296.540953 	 296.502082 	 277.195057 	 296.366830 	 296.478678 	 296.494184
3:17:40.782 PM 4/24/2023 	 0.415195 	 -0.836915 	 296.540800 	 296.498402 	 277.175107 	 296.372607 	 296.475996 	 296.494321
3:17:51.282 PM 4/24/2023 	 -1.545545 	 -0.773387 	 296.540187 	 296.495949 	 277.174810 	 296.400051 	 296.477590 	 296.479470
3:18:01.782 PM 4/24/2023 	 -0.373088 	 -0.487573 	 296.540034 	 296.493956 	 277.156764 	 296.378516 	 296.477204 	 296.357366
3:18:11.782 PM 4/24/2023 	 -0.257626 	 -1.286308 	 296.538654 	 296.494262 	 277.194260 	 296.375935 	 296.476034 	 296.391915
3:18:22.282 PM 4/24/2023 	 0.127042 	 -0.891922 	 296.537735 	 296.494109 	 277.184613 	 296.382194 	 296.459736 	 296.318271
3:18:32.781 PM 4/24/2023 	 0.078271 	 -0.983175 	 296.535742 	 296.493496 	 277.177908 	 296.373883 	 296.461764 	 296.315130
3:18:43.281 PM 4/24/2023 	 -0.372204 	 -0.767364 	 296.532676 	 296.489049 	 277.185876 	 296.386225 	 296.472694 	 296.500887
3:18:53.781 PM 4/24/2023 	 -0.024568 	 -1.550818 	 296.532983 	 296.485523 	 277.164846 	 296.417754 	 296.483073 	 296.586907
3:19:03.782 PM 4/24/2023 	 -0.079902 	 -0.993653 	 296.535282 	 296.483990 	 277.184954 	 296.426227 	 296.474629 	 296.405549
3:19:14.281 PM 4/24/2023 	 0.294664 	 -0.883516 	 296.538808 	 296.481843 	 277.198314 	 296.447498 	 296.494488 	 296.350213
3:19:24.281 PM 4/24/2023 	 -0.372108 	 -0.527510 	 296.544019 	 296.480156 	 277.190714 	 296.475454 	 296.486261 	 296.457128
3:19:34.282 PM 4/24/2023 	 0.200966 	 -1.225112 	 296.554902 	 296.481383 	 277.189288 	 296.581681 	 296.481135 	 296.429914
3:19:44.282 PM 4/24/2023 	 -0.164503 	 -1.282695 	 296.569157 	 296.480923 	 277.177825 	 296.599819 	 296.503506 	 296.323512
3:19:54.282 PM 4/24/2023 	 0.575918 	 -0.823625 	 296.586938 	 296.479236 	 277.173629 	 296.639483 	 296.485856 	 296.436045
3:20:04.782 PM 4/24/2023 	 0.060764 	 -1.389316 	 296.608397 	 296.480003 	 277.168660 	 296.664313 	 296.497537 	 296.454777
3:20:15.281 PM 4/24/2023 	 -0.201415 	 -0.189925 	 296.627711 	 296.479850 	 277.211030 	 296.781002 	 296.493054 	 296.524065
3:20:25.281 PM 4/24/2023 	 -0.195824 	 -0.793881 	 296.648711 	 296.480770 	 277.179335 	 296.774110 	 296.487098 	 296.538312
3:20:35.782 PM 4/24/2023 	 -0.413023 	 -2.288158 	 296.660361 	 296.479236 	 277.188928 	 296.724600 	 296.514150 	 296.512271
3:20:45.782 PM 4/24/2023 	 0.469388 	 -1.049271 	 296.667412 	 296.480310 	 277.156761 	 296.658545 	 296.492237 	 296.485659
3:20:55.782 PM 4/24/2023 	 -1.084979 	 -1.392563 	 296.669251 	 296.482150 	 277.190255 	 296.658237 	 296.503206 	 296.384315
3:21:06.281 PM 4/24/2023 	 -0.593007 	 -1.310761 	 296.670018 	 296.483070 	 277.190132 	 296.614904 	 296.486173 	 296.503088
3:21:16.281 PM 4/24/2023 	 -1.102751 	 0.061799 	 296.669405 	 296.483223 	 277.180001 	 296.592039 	 296.483507 	 296.469410
3:21:26.781 PM 4/24/2023 	 -0.433684 	 -0.881633 	 296.669558 	 296.482916 	 277.154394 	 296.596619 	 296.474462 	 296.417131
3:21:36.783 PM 4/24/2023 	 -0.187790 	 -0.971115 	 296.667105 	 296.483836 	 277.159748 	 296.556181 	 296.480535 	 296.323095
3:21:47.282 PM 4/24/2023 	 0.177619 	 -0.762704 	 296.665419 	 296.485216 	 277.176063 	 296.544572 	 296.475502 	 296.360834
3:21:57.782 PM 4/24/2023 	 -0.622206 	 -0.804246 	 296.662660 	 296.488129 	 277.185997 	 296.556445 	 296.499594 	 296.379291
3:22:08.281 PM 4/24/2023 	 0.293088 	 -0.904175 	 296.660514 	 296.491809 	 277.149318 	 296.539605 	 296.493089 	 296.388295
3:22:18.282 PM 4/24/2023 	 0.055684 	 -1.523444 	 296.656375 	 296.494722 	 277.170271 	 296.504250 	 296.492033 	 296.422956
3:22:28.282 PM 4/24/2023 	 -0.298864 	 -0.698205 	 296.654076 	 296.494722 	 277.164674 	 296.497945 	 296.486198 	 296.415710
3:22:38.781 PM 4/24/2023 	 -0.124158 	 -1.374116 	 296.649171 	 296.495336 	 277.199085 	 296.520600 	 296.475022 	 296.637578
3:22:49.282 PM 4/24/2023 	 -0.444912 	 -1.346769 	 296.647485 	 296.496562 	 277.162181 	 296.484747 	 296.488976 	 296.408149
3:22:59.781 PM 4/24/2023 	 -0.661441 	 -1.286631 	 296.642886 	 296.495949 	 277.094037 	 296.472985 	 296.495070 	 296.440091
3:23:09.782 PM 4/24/2023 	 -0.777903 	 -0.488400 	 296.640893 	 296.492576 	 277.062376 	 296.463779 	 296.483985 	 296.628218
3:23:19.782 PM 4/24/2023 	 -0.964979 	 -1.388929 	 296.638288 	 296.486289 	 276.981771 	 296.490837 	 296.463583 	 296.703176
3:23:30.281 PM 4/24/2023 	 -0.486546 	 -0.887106 	 296.638594 	 296.481996 	 276.907612 	 296.502000 	 296.477566 	 296.548515
3:23:40.781 PM 4/24/2023 	 -0.175785 	 -0.044010 	 296.643959 	 296.481690 	 276.819944 	 296.539700 	 296.500232 	 296.425047
3:23:50.781 PM 4/24/2023 	 -0.458199 	 -0.899142 	 296.646565 	 296.482150 	 276.770775 	 296.462527 	 296.489781 	 296.549922
3:24:01.282 PM 4/24/2023 	 0.002820 	 -0.751170 	 296.643806 	 296.481076 	 276.683440 	 296.482250 	 296.474732 	 296.562594
3:24:11.781 PM 4/24/2023 	 -0.926483 	 -0.836225 	 296.642886 	 296.481230 	 276.604363 	 296.482172 	 296.499088 	 296.457268
3:24:21.782 PM 4/24/2023 	 -0.356278 	 -0.465960 	 296.642733 	 296.481230 	 276.556757 	 296.472770 	 296.518818 	 296.399460
3:24:32.282 PM 4/24/2023 	 -0.209706 	 -0.786441 	 296.638134 	 296.479236 	 276.571220 	 296.468763 	 296.480040 	 296.385112
3:24:42.781 PM 4/24/2023 	 0.881055 	 -0.886184 	 296.635222 	 296.479543 	 276.547027 	 296.466743 	 296.486009 	 296.348783
3:24:52.782 PM 4/24/2023 	 -0.943941 	 -0.241895 	 296.632310 	 296.481383 	 276.523475 	 296.457820 	 296.493062 	 296.432914
3:25:03.281 PM 4/24/2023 	 -0.394072 	 -0.274344 	 296.630623 	 296.482610 	 276.509437 	 296.463646 	 296.496538 	 296.556678
3:25:13.781 PM 4/24/2023 	 -0.364391 	 -1.757206 	 296.628477 	 296.480463 	 276.500222 	 296.462342 	 296.506041 	 296.602823
3:25:23.783 PM 4/24/2023 	 -0.252853 	 -0.717160 	 296.626638 	 296.481230 	 276.466481 	 296.451186 	 296.497236 	 296.476561
3:25:34.282 PM 4/24/2023 	 -0.597295 	 -0.754955 	 296.624186 	 296.482303 	 276.432693 	 296.446566 	 296.500134 	 296.534903
3:25:44.781 PM 4/24/2023 	 0.016330 	 -0.741410 	 296.621733 	 296.482610 	 276.428971 	 296.450521 	 296.474016 	 296.440183
3:25:55.281 PM 4/24/2023 	 -0.180430 	 -1.026511 	 296.618207 	 296.484450 	 276.424730 	 296.452100 	 296.473716 	 296.483583
3:26:05.782 PM 4/24/2023 	 0.162051 	 -1.315030 	 296.616061 	 296.486289 	 276.400162 	 296.475104 	 296.491081 	 296.531019
3:26:15.782 PM 4/24/2023 	 -0.689937 	 -1.714586 	 296.614835 	 296.491809 	 276.395279 	 296.440356 	 296.481709 	 296.468082
3:26:26.281 PM 4/24/2023 	 -1.352688 	 -0.861734 	 296.612689 	 296.496409 	 276.377028 	 296.456251 	 296.497132 	 296.437924
3:26:36.281 PM 4/24/2023 	 0.228348 	 -0.808817 	 296.610237 	 296.495489 	 276.365195 	 296.460433 	 296.495675 	 296.503663
3:26:46.281 PM 4/24/2023 	 -0.464496 	 -0.736741 	 296.607171 	 296.498095 	 276.359774 	 296.430808 	 296.485787 	 296.413419
3:26:56.781 PM 4/24/2023 	 -0.549054 	 -0.464398 	 296.604719 	 296.497022 	 276.330927 	 296.412596 	 296.492482 	 296.373587
3:27:06.782 PM 4/24/2023 	 -0.522810 	 -0.226739 	 296.601346 	 296.499322 	 276.319434 	 296.422744 	 296.492761 	 296.340496
3:27:17.282 PM 4/24/2023 	 -0.747831 	 -1.060811 	 296.599047 	 296.499322 	 276.333077 	 296.405255 	 296.495479 	 296.332874
3:27:27.781 PM 4/24/2023 	 -1.288289 	 -0.629817 	 296.594142 	 296.498709 	 276.333020 	 296.434337 	 296.478509 	 296.491666
3:27:37.781 PM 4/24/2023 	 -1.146927 	 -1.074249 	 296.593529 	 296.499935 	 276.318684 	 296.443173 	 296.474657 	 296.344478
3:27:47.781 PM 4/24/2023 	 0.192228 	 0.060567 	 296.592762 	 296.501622 	 276.320941 	 296.441104 	 296.508769 	 296.424186
3:27:57.782 PM 4/24/2023 	 0.206438 	 -0.548577 	 296.591996 	 296.504842 	 276.297900 	 296.420932 	 296.476383 	 296.615452
3:28:08.282 PM 4/24/2023 	 -1.040274 	 -1.383465 	 296.590923 	 296.506682 	 276.285113 	 296.427493 	 296.480124 	 296.561878
3:28:18.282 PM 4/24/2023 	 -0.254379 	 -0.795265 	 296.588164 	 296.508368 	 276.294737 	 296.422605 	 296.478525 	 296.586118
3:28:28.782 PM 4/24/2023 	 -0.706052 	 -1.077732 	 296.584945 	 296.509902 	 276.289353 	 296.429671 	 296.494988 	 296.594591
3:28:39.282 PM 4/24/2023 	 -0.152243 	 -0.291581 	 296.583719 	 296.509595 	 276.281648 	 296.412428 	 296.488085 	 296.747859
3:28:49.782 PM 4/24/2023 	 0.483372 	 -1.799727 	 296.582952 	 296.510208 	 276.290753 	 296.407043 	 296.472833 	 296.590293
3:28:59.782 PM 4/24/2023 	 -0.581403 	 -0.972523 	 296.582186 	 296.511128 	 276.276502 	 296.419722 	 296.498197 	 296.609074
3:29:10.282 PM 4/24/2023 	 -0.587733 	 -1.031835 	 296.582799 	 296.509135 	 276.262925 	 296.413308 	 296.486146 	 296.570718
3:29:20.782 PM 4/24/2023 	 -0.590404 	 -0.184453 	 296.579120 	 296.504382 	 276.235641 	 296.427615 	 296.482595 	 296.897794
3:29:31.282 PM 4/24/2023 	 -1.015357 	 -1.040433 	 296.586631 	 296.500242 	 276.231025 	 296.485697 	 296.496974 	 297.386549
3:29:41.282 PM 4/24/2023 	 -0.649988 	 -1.018836 	 296.595522 	 296.498095 	 276.214950 	 296.516365 	 296.511666 	 296.912287
3:29:51.782 PM 4/24/2023 	 0.606483 	 -0.533183 	 296.599354 	 296.498709 	 276.223802 	 296.485364 	 296.502280 	 296.550204
3:30:02.282 PM 4/24/2023 	 -0.938772 	 -0.810119 	 296.599507 	 296.499782 	 276.215842 	 296.466471 	 296.494194 	 296.499363
3:30:12.782 PM 4/24/2023 	 0.186153 	 -1.070228 	 296.596748 	 296.500395 	 276.209675 	 296.426736 	 296.490174 	 296.416867
3:30:23.282 PM 4/24/2023 	 -0.890628 	 -0.556563 	 296.593682 	 296.501622 	 276.235161 	 296.428096 	 296.490124 	 296.455351
3:30:33.282 PM 4/24/2023 	 -0.569188 	 -1.537718 	 296.591843 	 296.501469 	 276.202503 	 296.416583 	 296.477204 	 296.609695
3:30:43.782 PM 4/24/2023 	 -0.692195 	 -0.827867 	 296.592609 	 296.503922 	 276.251947 	 296.425831 	 296.509474 	 296.492558
3:30:54.282 PM 4/24/2023 	 -0.257204 	 -0.551301 	 296.591230 	 296.504995 	 276.229455 	 296.443782 	 296.504869 	 296.516145
3:31:04.782 PM 4/24/2023 	 -0.182190 	 -0.463148 	 296.591689 	 296.506528 	 276.228741 	 296.438400 	 296.502307 	 296.554929
3:31:14.782 PM 4/24/2023 	 0.013445 	 -0.610479 	 296.589390 	 296.508522 	 276.217814 	 296.417136 	 296.502190 	 296.526153
3:31:25.282 PM 4/24/2023 	 -0.109889 	 -1.153209 	 296.589697 	 296.510821 	 276.241885 	 296.432180 	 296.497967 	 296.497967
3:31:35.782 PM 4/24/2023 	 -0.742471 	 -1.674533 	 296.587857 	 296.513888 	 276.217286 	 296.439657 	 296.504973 	 296.755346
3:31:46.282 PM 4/24/2023 	 -0.129391 	 -0.572221 	 296.587398 	 296.516035 	 276.199625 	 296.420879 	 296.490427 	 296.570300
3:31:56.282 PM 4/24/2023 	 -0.568659 	 -0.668045 	 296.586018 	 296.516801 	 276.212473 	 296.440222 	 296.494260 	 296.468417
3:32:06.782 PM 4/24/2023 	 -0.430748 	 -0.683871 	 296.585865 	 296.518948 	 276.227477 	 296.432021 	 296.495929 	 296.545733
3:32:17.282 PM 4/24/2023 	 -0.337386 	 -0.823375 	 296.584179 	 296.521401 	 276.216316 	 296.423692 	 296.508744 	 296.716378
3:32:27.782 PM 4/24/2023 	 -1.157833 	 -0.940302 	 296.584485 	 296.521554 	 276.198849 	 296.431885 	 296.499552 	 296.558282
3:32:38.282 PM 4/24/2023 	 -1.152697 	 -1.301446 	 296.583719 	 296.524468 	 276.232353 	 296.416009 	 296.495895 	 296.554626
3:32:48.282 PM 4/24/2023 	 -0.727184 	 -1.479237 	 296.581573 	 296.527381 	 276.210324 	 296.434406 	 296.471529 	 296.504421
3:32:58.782 PM 4/24/2023 	 -1.282497 	 0.293577 	 296.583259 	 296.530294 	 276.215193 	 296.428726 	 296.496393 	 296.479947
3:33:09.282 PM 4/24/2023 	 -0.719770 	 -0.592625 	 296.584179 	 296.533974 	 276.215643 	 296.451713 	 296.499643 	 296.840177
3:33:19.782 PM 4/24/2023 	 -0.290413 	 -1.915864 	 296.586938 	 296.535660 	 276.200981 	 296.503001 	 296.519916 	 296.720970
3:33:29.782 PM 4/24/2023 	 -0.496526 	 -1.139856 	 296.588317 	 296.538420 	 276.198868 	 296.452580 	 296.498630 	 296.610916
3:33:40.282 PM 4/24/2023 	 0.258585 	 -1.042900 	 296.587551 	 296.541487 	 276.203482 	 296.432089 	 296.499285 	 296.481430
3:33:50.782 PM 4/24/2023 	 -0.962169 	 -0.951778 	 296.585558 	 296.540567 	 276.207171 	 296.436558 	 296.523018 	 296.474151
3:34:01.282 PM 4/24/2023 	 -0.331321 	 -0.861233 	 296.584792 	 296.542407 	 276.205279 	 296.436628 	 296.518390 	 296.528256
3:34:11.282 PM 4/24/2023 	 0.346334 	 -0.829020 	 296.583719 	 296.543633 	 276.207146 	 296.432305 	 296.510778 	 296.540379
3:34:21.782 PM 4/24/2023 	 -0.684917 	 -0.226092 	 296.583566 	 296.547007 	 276.215221 	 296.440031 	 296.508636 	 296.482793
3:34:32.282 PM 4/24/2023 	 -0.511944 	 -0.662729 	 296.582799 	 296.548233 	 276.191527 	 296.437097 	 296.501474 	 296.527786
3:34:42.782 PM 4/24/2023 	 -0.353413 	 -0.628533 	 296.581420 	 296.550073 	 276.175015 	 296.413310 	 296.520918 	 296.493666
3:34:53.282 PM 4/24/2023 	 -0.364765 	 -0.444840 	 296.582339 	 296.548540 	 276.182549 	 296.467981 	 296.496645 	 296.929671
3:35:03.282 PM 4/24/2023 	 -1.171245 	 -1.352137 	 296.590617 	 296.550227 	 276.154711 	 296.485990 	 296.530157 	 296.742478
3:35:13.782 PM 4/24/2023 	 -0.257213 	 -0.625877 	 296.595828 	 296.550533 	 276.184527 	 296.478332 	 296.491019 	 296.595790
3:35:24.282 PM 4/24/2023 	 0.015180 	 -1.259210 	 296.596901 	 296.553140 	 276.171745 	 296.444018 	 296.514502 	 296.524369
3:35:34.782 PM 4/24/2023 	 -0.673880 	 -0.615469 	 296.595828 	 296.556206 	 276.197425 	 296.433342 	 296.506177 	 296.596382
3:35:44.782 PM 4/24/2023 	 -0.368803 	 -1.336346 	 296.597208 	 296.558353 	 276.189876 	 296.455255 	 296.497546 	 296.569901
3:35:55.282 PM 4/24/2023 	 -0.836807 	 -1.814163 	 296.597208 	 296.562493 	 276.187930 	 296.467490 	 296.511659 	 296.492864
3:36:05.782 PM 4/24/2023 	 -0.688827 	 -0.634453 	 296.599047 	 296.564026 	 276.180929 	 296.442466 	 296.499324 	 296.626173
3:36:16.282 PM 4/24/2023 	 -0.047070 	 -1.408899 	 296.599660 	 296.567093 	 276.197562 	 296.445692 	 296.504899 	 296.573024
3:36:26.282 PM 4/24/2023 	 -0.390355 	 -0.812390 	 296.600427 	 296.568933 	 276.196577 	 296.442399 	 296.498318 	 296.587585
3:36:36.782 PM 4/24/2023 	 -0.429794 	 -0.351270 	 296.603339 	 296.570159 	 276.181775 	 296.486977 	 296.522217 	 296.591280
3:36:47.282 PM 4/24/2023 	 -0.648594 	 -0.699613 	 296.606558 	 296.574452 	 276.179031 	 296.468845 	 296.505496 	 296.662875
3:36:57.782 PM 4/24/2023 	 0.197048 	 -0.655125 	 296.606405 	 296.578899 	 276.176652 	 296.454351 	 296.503690 	 296.556782
3:37:08.281 PM 4/24/2023 	 -0.260402 	 -0.904967 	 296.609010 	 296.582119 	 276.194817 	 296.475489 	 296.511200 	 296.571338
3:37:18.282 PM 4/24/2023 	 -0.591467 	 -1.200249 	 296.610850 	 296.583499 	 276.188977 	 296.469902 	 296.527697 	 296.635749
3:37:28.782 PM 4/24/2023 	 -0.683938 	 -0.417418 	 296.614222 	 296.586412 	 276.180071 	 296.482527 	 296.507900 	 296.617366
3:37:39.282 PM 4/24/2023 	 -0.302160 	 -0.750701 	 296.616215 	 296.589479 	 276.191074 	 296.453582 	 296.513258 	 296.507620
3:37:49.782 PM 4/24/2023 	 -0.361819 	 -0.423310 	 296.615448 	 296.592852 	 276.205544 	 296.479174 	 296.505017 	 296.941322
3:37:59.782 PM 4/24/2023 	 -0.829568 	 -0.875513 	 296.617748 	 296.593925 	 276.182801 	 296.487018 	 296.523198 	 296.701237
3:38:10.282 PM 4/24/2023 	 -0.112739 	 -1.690795 	 296.619127 	 296.595305 	 276.171502 	 296.510510 	 296.510510 	 296.599775
3:38:20.782 PM 4/24/2023 	 -0.394724 	 -1.379616 	 296.618667 	 296.595152 	 276.181895 	 296.467826 	 296.506826 	 296.549112
3:38:31.282 PM 4/24/2023 	 -0.281217 	 -0.973245 	 296.618514 	 296.598678 	 276.168597 	 296.474840 	 296.537332 	 296.627532
3:38:41.282 PM 4/24/2023 	 -1.038049 	 -0.223380 	 296.622193 	 296.601438 	 276.181481 	 296.494683 	 296.512068 	 296.520996
3:38:51.782 PM 4/24/2023 	 0.370158 	 -0.869681 	 296.625259 	 296.604812 	 276.172313 	 296.481684 	 296.538537 	 296.633904
3:39:02.282 PM 4/24/2023 	 -0.476068 	 -0.260520 	 296.627864 	 296.606805 	 276.183290 	 296.498763 	 296.528364 	 296.590849
3:39:12.782 PM 4/24/2023 	 0.365805 	 -1.348533 	 296.629397 	 296.611712 	 276.193312 	 296.495664 	 296.513519 	 296.785959
3:39:23.282 PM 4/24/2023 	 -0.548193 	 -1.583969 	 296.632003 	 296.615238 	 276.191199 	 296.525123 	 296.510088 	 296.805069
3:39:33.282 PM 4/24/2023 	 -0.277871 	 -1.285473 	 296.635988 	 296.619225 	 276.187241 	 296.537781 	 296.516638 	 296.685756
3:39:43.782 PM 4/24/2023 	 -0.325445 	 -0.557356 	 296.641966 	 296.622291 	 276.182986 	 296.540759 	 296.510689 	 296.594316
3:39:54.282 PM 4/24/2023 	 -1.029097 	 -0.970834 	 296.645799 	 296.623825 	 276.185670 	 296.524063 	 296.512317 	 296.645268
3:40:04.782 PM 4/24/2023 	 0.104093 	 -0.529263 	 296.648251 	 296.627198 	 276.192489 	 296.519310 	 296.516491 	 296.526358
3:40:14.782 PM 4/24/2023 	 -0.585711 	 0.249812 	 296.652237 	 296.628578 	 276.170644 	 296.518617 	 296.538350 	 296.540699
3:40:25.282 PM 4/24/2023 	 -1.030686 	 -0.800450 	 296.652696 	 296.632565 	 276.179452 	 296.495561 	 296.528921 	 296.603620
3:40:35.782 PM 4/24/2023 	 0.050691 	 -1.111439 	 296.652850 	 296.634865 	 276.189504 	 296.483564 	 296.516455 	 296.682754
3:40:46.282 PM 4/24/2023 	 -0.191863 	 -0.033984 	 296.652390 	 296.640538 	 276.163410 	 296.478336 	 296.537069 	 296.712754
3:40:56.282 PM 4/24/2023 	 -0.937741 	 -1.099041 	 296.654076 	 296.643145 	 276.189501 	 296.489199 	 296.523499 	 296.656917
3:41:06.782 PM 4/24/2023 	 -0.370212 	 -0.656903 	 296.656222 	 296.644678 	 276.177794 	 296.504313 	 296.509481 	 296.648070
3:41:17.282 PM 4/24/2023 	 -0.805690 	 -0.765744 	 296.660207 	 296.647131 	 276.170108 	 296.517634 	 296.536898 	 296.588577
3:41:27.782 PM 4/24/2023 	 -0.665234 	 -1.733524 	 296.663426 	 296.650044 	 276.202555 	 296.554780 	 296.520482 	 296.659068
3:41:38.282 PM 4/24/2023 	 -0.123080 	 -1.437037 	 296.672624 	 296.653418 	 276.174789 	 296.575672 	 296.525401 	 296.697334
3:41:48.282 PM 4/24/2023 	 -0.335814 	 -1.346494 	 296.680594 	 296.658631 	 276.180652 	 296.533358 	 296.518323 	 296.789350
3:41:58.782 PM 4/24/2023 	 -0.863592 	 -1.338122 	 296.684427 	 296.660011 	 276.174611 	 296.532748 	 296.513954 	 296.976068
3:42:09.282 PM 4/24/2023 	 -0.982332 	 -0.311945 	 296.689638 	 296.663078 	 276.176921 	 296.569724 	 296.542945 	 296.720976
3:42:19.782 PM 4/24/2023 	 -0.726152 	 -0.758425 	 296.691325 	 296.667218 	 276.189231 	 296.541565 	 296.520422 	 296.772665
3:42:29.782 PM 4/24/2023 	 -1.540755 	 -0.563220 	 296.693011 	 296.671664 	 276.189548 	 296.550795 	 296.511798 	 296.655084
3:42:40.282 PM 4/24/2023 	 -0.218708 	 -1.508927 	 296.695923 	 296.675498 	 276.184720 	 296.565909 	 296.517516 	 296.596445
3:42:50.782 PM 4/24/2023 	 0.198160 	 -0.590735 	 296.701442 	 296.679638 	 276.187207 	 296.615266 	 296.536810 	 296.564529
3:43:01.282 PM 4/24/2023 	 -0.635081 	 -0.539214 	 296.709106 	 296.683011 	 276.198268 	 296.591552 	 296.524368 	 296.600947
3:43:11.781 PM 4/24/2023 	 -0.632929 	 -0.822505 	 296.711865 	 296.684084 	 276.168453 	 296.569611 	 296.519810 	 296.569142
3:43:21.782 PM 4/24/2023 	 -0.247866 	 -1.071407 	 296.714011 	 296.686078 	 276.198069 	 296.549080 	 296.537334 	 296.557536
3:43:32.282 PM 4/24/2023 	 -0.379523 	 -0.570815 	 296.713705 	 296.687151 	 276.203590 	 296.550132 	 296.539796 	 296.610265
3:43:42.782 PM 4/24/2023 	 -1.435726 	 -0.991295 	 296.714164 	 296.686078 	 276.196484 	 296.564946 	 296.540515 	 296.640579
3:43:53.282 PM 4/24/2023 	 -0.112492 	 -0.994380 	 296.716464 	 296.684238 	 276.198071 	 296.587135 	 296.522770 	 296.959527
3:44:03.282 PM 4/24/2023 	 -0.227426 	 -1.018805 	 296.720296 	 296.682858 	 276.182186 	 296.576169 	 296.550800 	 297.080461
3:44:13.782 PM 4/24/2023 	 0.332227 	 -0.918452 	 296.722135 	 296.678411 	 276.181060 	 296.580260 	 296.531399 	 297.066714
3:44:24.283 PM 4/24/2023 	 -1.825471 	 -0.456110 	 296.725048 	 296.673811 	 276.160258 	 296.595598 	 296.531704 	 297.411835
3:44:34.782 PM 4/24/2023 	 0.043131 	 -1.036656 	 296.727194 	 296.671051 	 276.153033 	 296.586809 	 296.533720 	 297.330364
3:44:44.782 PM 4/24/2023 	 -0.477932 	 -0.171748 	 296.728267 	 296.666451 	 276.161388 	 296.591041 	 296.551578 	 297.496851
3:44:55.282 PM 4/24/2023 	 -1.084984 	 -0.997649 	 296.737618 	 296.663384 	 276.183171 	 296.668243 	 296.552212 	 297.364772
3:45:05.782 PM 4/24/2023 	 0.347073 	 -1.606027 	 296.750341 	 296.661544 	 276.177168 	 296.650759 	 296.536133 	 297.359508
3:45:16.282 PM 4/24/2023 	 -1.427744 	 -1.644822 	 296.772568 	 296.659704 	 276.178327 	 296.688974 	 296.541471 	 297.349358
3:45:26.781 PM 4/24/2023 	 -0.985500 	 -0.272687 	 296.788663 	 296.655258 	 276.170559 	 296.719120 	 296.546726 	 297.376179
3:45:36.782 PM 4/24/2023 	 -0.467040 	 -1.755271 	 296.796175 	 296.653571 	 276.182468 	 296.691994 	 296.539793 	 297.601830
3:45:47.282 PM 4/24/2023 	 -1.376364 	 -1.160568 	 296.800160 	 296.648511 	 276.175998 	 296.702246 	 296.553807 	 297.400600
3:45:57.782 PM 4/24/2023 	 -1.243703 	 -1.165833 	 296.809818 	 296.646364 	 276.174096 	 296.722502 	 296.559505 	 297.467251
3:46:08.282 PM 4/24/2023 	 -0.927531 	 -0.465956 	 296.817789 	 296.646518 	 276.186291 	 296.711619 	 296.542511 	 296.933717
3:46:18.282 PM 4/24/2023 	 -0.734846 	 -0.774906 	 296.823307 	 296.648511 	 276.191180 	 296.690932 	 296.534032 	 296.701265
3:46:28.782 PM 4/24/2023 	 -0.237694 	 -1.083818 	 296.828366 	 296.652498 	 276.199531 	 296.663691 	 296.540142 	 296.742126
3:46:39.282 PM 4/24/2023 	 -0.991332 	 -1.541813 	 296.828519 	 296.655258 	 276.177550 	 296.653943 	 296.544486 	 296.658170
3:46:49.782 PM 4/24/2023 	 -0.735212 	 -0.664805 	 296.830206 	 296.658018 	 276.195639 	 296.644938 	 296.549104 	 296.664666
3:46:59.782 PM 4/24/2023 	 -1.305835 	 -0.467604 	 296.829286 	 296.659858 	 276.209050 	 296.619716 	 296.554416 	 296.597167
3:47:10.282 PM 4/24/2023 	 -0.076002 	 -0.931484 	 296.828979 	 296.661544 	 276.201571 	 296.630883 	 296.537865 	 296.629004
3:47:20.782 PM 4/24/2023 	 0.538264 	 -0.698879 	 296.828673 	 296.663384 	 276.193110 	 296.598832 	 296.522723 	 296.681975
3:47:31.282 PM 4/24/2023 	 -1.199758 	 -1.465024 	 296.825607 	 296.665224 	 276.191185 	 296.588535 	 296.561757 	 296.802239
3:47:41.782 PM 4/24/2023 	 -1.072005 	 -1.170939 	 296.822388 	 296.667524 	 276.194279 	 296.575991 	 296.539346 	 296.864358
3:47:51.782 PM 4/24/2023 	 -0.823645 	 -1.412600 	 296.819322 	 296.671051 	 276.186080 	 296.590229 	 296.539020 	 296.702494
3:48:02.282 PM 4/24/2023 	 0.519581 	 -1.169472 	 296.815796 	 296.674271 	 276.176407 	 296.577219 	 296.532117 	 296.651911
3:48:12.782 PM 4/24/2023 	 -0.615373 	 0.445053 	 296.811504 	 296.677031 	 276.188924 	 296.575567 	 296.523886 	 296.670456
3:48:23.282 PM 4/24/2023 	 0.133427 	 -1.516393 	 296.806445 	 296.677644 	 276.183758 	 296.550894 	 296.537739 	 296.613376
3:48:33.282 PM 4/24/2023 	 -0.424316 	 -0.953319 	 296.803379 	 296.677338 	 276.193270 	 296.553415 	 296.546838 	 296.555295
3:48:43.782 PM 4/24/2023 	 -1.130952 	 -0.357299 	 296.798167 	 296.678871 	 276.199459 	 296.538663 	 296.544301 	 296.561214
3:48:54.282 PM 4/24/2023 	 -0.905437 	 -0.879656 	 296.792649 	 296.679944 	 276.189669 	 296.572052 	 296.554669 	 296.522720
3:49:04.782 PM 4/24/2023 	 -1.229257 	 -0.308851 	 296.789583 	 296.681018 	 276.182048 	 296.531405 	 296.542681 	 296.679382
3:49:14.782 PM 4/24/2023 	 -0.111241 	 -1.593131 	 296.788970 	 296.680251 	 276.195200 	 296.553852 	 296.547274 	 296.698534
3:49:25.282 PM 4/24/2023 	 -0.147901 	 -0.691152 	 296.787284 	 296.679484 	 276.171400 	 296.566792 	 296.549879 	 296.792245
3:49:35.782 PM 4/24/2023 	 -0.566232 	 -0.753965 	 296.784065 	 296.679638 	 276.180049 	 296.559092 	 296.549226 	 296.638014
3:49:46.282 PM 4/24/2023 	 0.232173 	 -0.934508 	 296.781305 	 296.677491 	 276.188720 	 296.559399 	 296.557520 	 296.958571
3:49:56.782 PM 4/24/2023 	 -0.441476 	 -2.087171 	 296.781918 	 296.678104 	 276.183298 	 296.603071 	 296.550454 	 296.969819
3:50:06.782 PM 4/24/2023 	 0.270669 	 -0.834964 	 296.782532 	 296.677184 	 276.193708 	 296.590949 	 296.553834 	 296.810286
3:50:17.282 PM 4/24/2023 	 -0.122080 	 -0.671829 	 296.778699 	 296.675804 	 276.165660 	 296.570699 	 296.549087 	 296.909773
3:50:27.782 PM 4/24/2023 	 0.607378 	 -0.392938 	 296.776553 	 296.672278 	 276.165150 	 296.573030 	 296.546720 	 297.013027
3:50:38.282 PM 4/24/2023 	 -0.180262 	 -1.690852 	 296.779006 	 296.673198 	 276.172005 	 296.596968 	 296.540121 	 296.715336
3:50:48.282 PM 4/24/2023 	 0.471727 	 -1.019795 	 296.780539 	 296.675038 	 276.171205 	 296.570834 	 296.551572 	 296.699072
3:50:58.782 PM 4/24/2023 	 -0.445535 	 -0.543256 	 296.779926 	 296.677644 	 276.187281 	 296.591378 	 296.548156 	 296.796158
3:51:09.282 PM 4/24/2023 	 0.319523 	 -1.561553 	 296.781305 	 296.678871 	 276.195899 	 296.581299 	 296.544184 	 296.657399
3:51:19.782 PM 4/24/2023 	 -1.315636 	 -0.931825 	 296.778239 	 296.679178 	 276.192439 	 296.564366 	 296.535707 	 296.568594
3:51:29.782 PM 4/24/2023 	 -0.894162 	 -1.406125 	 296.776860 	 296.682091 	 276.188349 	 296.536023 	 296.538372 	 296.583004
3:51:40.282 PM 4/24/2023 	 -0.254030 	 -1.015816 	 296.772261 	 296.682091 	 276.185467 	 296.534675 	 296.549240 	 296.614071
3:51:50.782 PM 4/24/2023 	 -0.938318 	 -1.489742 	 296.767662 	 296.679944 	 276.181578 	 296.539882 	 296.550688 	 296.519209
3:52:01.282 PM 4/24/2023 	 -0.882967 	 -0.790380 	 296.763064 	 296.679944 	 276.192076 	 296.525023 	 296.557441 	 296.526902
3:52:11.782 PM 4/24/2023 	 -0.282097 	 -0.551354 	 296.759231 	 296.681938 	 276.206675 	 296.535699 	 296.545096 	 296.790752
3:52:21.782 PM 4/24/2023 	 -0.473935 	 -0.946761 	 296.756932 	 296.683164 	 276.180799 	 296.534908 	 296.541016 	 296.917201
3:52:32.282 PM 4/24/2023 	 -0.345552 	 -1.176477 	 296.754020 	 296.685771 	 276.171765 	 296.549289 	 296.554927 	 296.563384
3:52:42.782 PM 4/24/2023 	 -0.070169 	 -1.171677 	 296.751107 	 296.685311 	 276.180791 	 296.540069 	 296.527853 	 296.626040
3:52:53.282 PM 4/24/2023 	 -0.455704 	 -0.152259 	 296.749268 	 296.686844 	 276.198944 	 296.532533 	 296.546158 	 296.700705
3:53:03.282 PM 4/24/2023 	 -0.709135 	 -1.326331 	 296.748041 	 296.687918 	 276.168967 	 296.547552 	 296.537685 	 296.602988
3:53:13.782 PM 4/24/2023 	 -0.211824 	 -1.278090 	 296.748195 	 296.687764 	 276.173253 	 296.528160 	 296.537557 	 296.602859
3:53:24.282 PM 4/24/2023 	 -1.534069 	 -1.060618 	 296.745129 	 296.686844 	 276.181702 	 296.536242 	 296.566780 	 296.732123
3:53:34.782 PM 4/24/2023 	 -1.584373 	 -0.804202 	 296.744056 	 296.687151 	 276.180414 	 296.535949 	 296.544406 	 296.598903
3:53:44.782 PM 4/24/2023 	 -0.590671 	 -1.106309 	 296.743749 	 296.686998 	 276.196980 	 296.545688 	 296.538171 	 296.568239
3:53:55.282 PM 4/24/2023 	 -0.854887 	 -1.277927 	 296.741143 	 296.687611 	 276.183384 	 296.527044 	 296.556644 	 296.691931
3:54:05.283 PM 4/24/2023 	 -0.627500 	 -0.368173 	 296.739150 	 296.686844 	 276.182357 	 296.570696 	 296.573984 	 296.625659
3:54:15.781 PM 4/24/2023 	 -0.686626 	 -1.182533 	 296.741756 	 296.684391 	 276.184766 	 296.571121 	 296.554208 	 296.638298
3:54:25.782 PM 4/24/2023 	 -0.222351 	 -1.109630 	 296.742063 	 296.683624 	 276.185622 	 296.561603 	 296.539992 	 296.712858
3:54:36.281 PM 4/24/2023 	 -0.567101 	 -0.630556 	 296.740530 	 296.684084 	 276.202593 	 296.560454 	 296.577367 	 296.694332
3:54:46.782 PM 4/24/2023 	 -0.127277 	 -0.998119 	 296.740070 	 296.680404 	 276.175447 	 296.565965 	 296.572542 	 296.828044
3:54:57.282 PM 4/24/2023 	 0.254132 	 -0.246237 	 296.738844 	 296.676878 	 276.173525 	 296.588087 	 296.553791 	 296.996622
3:55:07.781 PM 4/24/2023 	 -0.116018 	 -1.089285 	 296.738844 	 296.675651 	 276.205580 	 296.575526 	 296.544048 	 296.845582
3:55:17.781 PM 4/24/2023 	 -1.278164 	 -1.126275 	 296.740223 	 296.676724 	 276.165172 	 296.542043 	 296.553319 	 296.612512
3:55:27.781 PM 4/24/2023 	 -0.944036 	 -0.477201 	 296.739610 	 296.676571 	 276.203182 	 296.531418 	 296.561957 	 296.684561
3:55:38.281 PM 4/24/2023 	 -0.517861 	 -1.268648 	 296.735318 	 296.676264 	 276.182132 	 296.544170 	 296.546049 	 296.618397
3:55:48.282 PM 4/24/2023 	 -0.043773 	 -0.742554 	 296.733632 	 296.673351 	 276.191625 	 296.520363 	 296.560298 	 296.619021
3:55:58.781 PM 4/24/2023 	 -0.662159 	 -0.832931 	 296.731026 	 296.670131 	 276.155609 	 296.572830 	 296.545581 	 296.886552
3:56:08.781 PM 4/24/2023 	 -0.929223 	 -1.291845 	 296.733479 	 296.666604 	 276.174318 	 296.558308 	 296.554550 	 296.619850
3:56:19.281 PM 4/24/2023 	 0.371227 	 -0.915043 	 296.733939 	 296.667371 	 276.179216 	 296.553127 	 296.570980 	 296.503794
3:56:29.781 PM 4/24/2023 	 -0.395091 	 -0.869834 	 296.730413 	 296.668904 	 276.178796 	 296.543798 	 296.548027 	 296.716663
3:56:39.781 PM 4/24/2023 	 -0.168569 	 -1.018375 	 296.727960 	 296.671051 	 276.185487 	 296.504154 	 296.553487 	 296.636168
3:56:50.281 PM 4/24/2023 	 -0.399578 	 -0.528876 	 296.724128 	 296.676111 	 276.188306 	 296.502622 	 296.561821 	 296.623363
3:57:00.781 PM 4/24/2023 	 -0.097031 	 -1.343910 	 296.721369 	 296.678411 	 276.192685 	 296.513389 	 296.577755 	 296.697068
3:57:10.782 PM 4/24/2023 	 -0.836641 	 -0.729440 	 296.721676 	 296.677951 	 276.181088 	 296.518270 	 296.563374 	 296.745625
3:57:21.282 PM 4/24/2023 	 -1.514842 	 -0.267385 	 296.719529 	 296.677031 	 276.170931 	 296.530637 	 296.549900 	 296.600638
3:57:31.282 PM 4/24/2023 	 -0.086095 	 -0.765345 	 296.717843 	 296.678564 	 276.187185 	 296.515645 	 296.552762 	 296.815788
3:57:41.283 PM 4/24/2023 	 -0.458078 	 -1.225358 	 296.716004 	 296.680711 	 276.196591 	 296.519005 	 296.570216 	 296.827597
3:57:51.782 PM 4/24/2023 	 -1.033379 	 -0.042452 	 296.716464 	 296.683624 	 276.180977 	 296.532729 	 296.558100 	 296.945537
3:58:02.281 PM 4/24/2023 	 -0.619585 	 -0.909301 	 296.716924 	 296.685771 	 276.161576 	 296.532026 	 296.562094 	 296.738710
3:58:12.282 PM 4/24/2023 	 -0.009620 	 -0.889624 	 296.717690 	 296.688531 	 276.180809 	 296.502498 	 296.556060 	 296.691348
3:58:22.781 PM 4/24/2023 	 0.384058 	 -0.782445 	 296.714778 	 296.693285 	 276.175249 	 296.522551 	 296.573292 	 296.804846
3:58:32.782 PM 4/24/2023 	 -0.303049 	 -1.422631 	 296.716464 	 296.699265 	 276.166597 	 296.549514 	 296.565957 	 296.945408
3:58:43.281 PM 4/24/2023 	 0.162318 	 -0.390370 	 296.719683 	 296.704325 	 276.153065 	 296.587779 	 296.562880 	 297.049352
3:58:53.282 PM 4/24/2023 	 -0.313898 	 -0.338158 	 296.726581 	 296.710765 	 276.180445 	 296.620073 	 296.566988 	 296.816858
3:59:03.782 PM 4/24/2023 	 -0.156395 	 -0.639146 	 296.730566 	 296.714751 	 276.171275 	 296.596269 	 296.568552 	 296.914201
3:59:14.282 PM 4/24/2023 	 -1.035650 	 -0.647244 	 296.732712 	 296.722725 	 276.192123 	 296.591312 	 296.568762 	 296.758524
3:59:24.781 PM 4/24/2023 	 -0.449048 	 -0.476465 	 296.734858 	 296.727018 	 276.185871 	 296.586741 	 296.591439 	 296.824393
3:59:34.781 PM 4/24/2023 	 -0.296285 	 -0.882371 	 296.739150 	 296.734225 	 276.176325 	 296.605328 	 296.582308 	 296.731208
3:59:45.281 PM 4/24/2023 	 0.228630 	 -1.229267 	 296.740683 	 296.738825 	 276.175447 	 296.562677 	 296.573952 	 296.929456
3:59:55.282 PM 4/24/2023 	 -1.035304 	 -1.613193 	 296.741756 	 296.744039 	 276.192571 	 296.591270 	 296.563552 	 296.734062
4:00:05.283 PM 4/24/2023 	 -0.325062 	 -0.440974 	 296.741756 	 296.748792 	 276.178810 	 296.575759 	 296.549450 	 296.756596
4:00:15.781 PM 4/24/2023 	 -0.537984 	 -1.374386 	 296.742370 	 296.753086 	 276.205349 	 296.568728 	 296.590339 	 296.705891
4:00:25.781 PM 4/24/2023 	 -0.963745 	 -0.752495 	 296.741450 	 296.754619 	 276.195689 	 296.574522 	 296.582038 	 296.681154
4:00:36.282 PM 4/24/2023 	 -0.703184 	 -0.597081 	 296.741296 	 296.757532 	 276.197992 	 296.564039 	 296.579543 	 296.792780
4:00:46.781 PM 4/24/2023 	 -0.969804 	 -1.968383 	 296.741450 	 296.761366 	 276.192579 	 296.595036 	 296.556043 	 296.642482
4:00:56.781 PM 4/24/2023 	 -0.496080 	 -1.071094 	 296.742063 	 296.762439 	 276.185174 	 296.584665 	 296.583725 	 296.581846
4:01:06.782 PM 4/24/2023 	 -0.334607 	 -0.875050 	 296.744516 	 296.764586 	 276.196404 	 296.598225 	 296.569098 	 296.627350
4:01:17.282 PM 4/24/2023 	 -0.599130 	 -0.952082 	 296.744822 	 296.765506 	 276.195844 	 296.573261 	 296.577959 	 296.630573
4:01:27.781 PM 4/24/2023 	 -0.478812 	 -0.448027 	 296.744209 	 296.767193 	 276.188123 	 296.564465 	 296.565875 	 296.635871
4:01:38.281 PM 4/24/2023 	 -1.092366 	 -1.228465 	 296.744362 	 296.766273 	 276.188864 	 296.580208 	 296.581148 	 296.743667
4:01:48.282 PM 4/24/2023 	 -0.222904 	 -1.041132 	 296.745742 	 296.765506 	 276.186517 	 296.577493 	 296.576084 	 296.622121
4:01:58.283 PM 4/24/2023 	 -0.291131 	 -1.705928 	 296.743749 	 296.768113 	 276.149668 	 296.548825 	 296.585940 	 296.568557
4:02:08.781 PM 4/24/2023 	 -0.014923 	 -1.190167 	 296.742983 	 296.769033 	 276.095076 	 296.553932 	 296.558630 	 296.580711
4:02:18.782 PM 4/24/2023 	 -0.234055 	 -0.694546 	 296.741143 	 296.771026 	 276.033364 	 296.570559 	 296.581364 	 296.669207
4:02:29.281 PM 4/24/2023 	 -0.672133 	 -0.609430 	 296.739917 	 296.773480 	 275.967803 	 296.572707 	 296.569888 	 296.690142
4:02:39.282 PM 4/24/2023 	 0.167375 	 -1.149748 	 296.740070 	 296.775626 	 275.887919 	 296.564464 	 296.585604 	 296.803535
4:02:49.782 PM 4/24/2023 	 0.106942 	 -0.946650 	 296.739764 	 296.778693 	 275.836737 	 296.562054 	 296.576617 	 296.711899
4:03:00.281 PM 4/24/2023 	 -0.550870 	 -1.122935 	 296.740990 	 296.782527 	 275.743496 	 296.565029 	 296.576774 	 296.778273
4:03:10.781 PM 4/24/2023 	 -0.348283 	 0.122251 	 296.741296 	 296.784980 	 275.686280 	 296.551702 	 296.600561 	 296.620291
4:03:21.282 PM 4/24/2023 	 -0.007894 	 -0.871322 	 296.738691 	 296.784060 	 275.635537 	 296.548324 	 296.567586 	 296.584029
4:03:31.782 PM 4/24/2023 	 0.259416 	 -1.116859 	 296.738077 	 296.784213 	 275.559356 	 296.541794 	 296.564346 	 296.817035
4:03:42.281 PM 4/24/2023 	 -0.214662 	 -0.700991 	 296.734705 	 296.786360 	 275.536085 	 296.571247 	 296.577824 	 296.681637
4:03:52.781 PM 4/24/2023 	 -0.392449 	 -0.413279 	 296.735472 	 296.789580 	 275.525837 	 296.539847 	 296.580251 	 296.659169
4:04:02.781 PM 4/24/2023 	 -0.802915 	 -0.746632 	 296.735472 	 296.790807 	 275.501206 	 296.551559 	 296.582566 	 296.871398
4:04:12.783 PM 4/24/2023 	 -0.462134 	 -0.414503 	 296.734245 	 296.792954 	 275.484735 	 296.560728 	 296.587507 	 296.673939
4:04:23.283 PM 4/24/2023 	 -0.054106 	 -1.181682 	 296.734092 	 296.794794 	 275.467134 	 296.539221 	 296.592309 	 296.718193
4:04:33.781 PM 4/24/2023 	 -0.982314 	 -0.554173 	 296.735165 	 296.795560 	 275.463597 	 296.572959 	 296.592690 	 296.795591
4:04:43.782 PM 4/24/2023 	 -1.493670 	 -0.759326 	 296.737004 	 296.794487 	 275.481157 	 296.593016 	 296.582211 	 296.848507
4:04:54.281 PM 4/24/2023 	 -0.990152 	 -0.994326 	 296.741450 	 296.794947 	 275.446164 	 296.633824 	 296.601881 	 296.797735
4:05:04.781 PM 4/24/2023 	 0.231721 	 -0.577455 	 296.742370 	 296.796787 	 275.412760 	 296.587837 	 296.582670 	 296.685073
4:05:14.782 PM 4/24/2023 	 -0.719557 	 -1.009377 	 296.745129 	 296.796480 	 275.413131 	 296.590071 	 296.586312 	 296.627182
4:05:25.281 PM 4/24/2023 	 -0.957049 	 -0.156332 	 296.748195 	 296.798780 	 275.416947 	 296.593245 	 296.559419 	 296.589486
4:05:35.782 PM 4/24/2023 	 0.127821 	 -1.228252 	 296.750494 	 296.800621 	 275.400444 	 296.579366 	 296.606614 	 296.684588
4:05:46.281 PM 4/24/2023 	 -0.925682 	 -1.745957 	 296.752027 	 296.800314 	 275.364576 	 296.611361 	 296.578947 	 296.619347
4:05:56.782 PM 4/24/2023 	 -1.091473 	 -0.988320 	 296.760304 	 296.800774 	 275.369869 	 296.654932 	 296.577422 	 296.674190
4:06:07.281 PM 4/24/2023 	 -0.147366 	 -1.279816 	 296.766283 	 296.800774 	 275.366159 	 296.613812 	 296.595491 	 296.561196
4:06:17.282 PM 4/24/2023 	 -0.222775 	 -0.821830 	 296.765056 	 296.800314 	 275.363115 	 296.558290 	 296.591176 	 296.561109
4:06:27.282 PM 4/24/2023 	 -1.418005 	 -0.841232 	 296.764443 	 296.800314 	 275.333962 	 296.615489 	 296.590591 	 296.526697
4:06:37.283 PM 4/24/2023 	 -0.942265 	 -1.508747 	 296.767509 	 296.801234 	 275.328400 	 296.585752 	 296.578235 	 296.716804
4:06:47.781 PM 4/24/2023 	 0.599709 	 -0.389059 	 296.769808 	 296.801387 	 275.326080 	 296.599979 	 296.574141 	 296.783624
4:06:57.782 PM 4/24/2023 	 0.048314 	 -0.698306 	 296.773028 	 296.801081 	 275.314178 	 296.608348 	 296.582980 	 296.690550
4:07:08.281 PM 4/24/2023 	 -1.167025 	 -1.094585 	 296.771188 	 296.799701 	 275.298861 	 296.575405 	 296.580103 	 296.805080
4:07:18.281 PM 4/24/2023 	 -0.257228 	 -1.388297 	 296.771341 	 296.799394 	 275.271036 	 296.601461 	 296.593945 	 296.681315
4:07:28.281 PM 4/24/2023 	 -0.423745 	 0.018577 	 296.775020 	 296.798014 	 275.283741 	 296.655395 	 296.576006 	 296.554865
4:07:38.781 PM 4/24/2023 	 -1.318912 	 -0.427714 	 296.777166 	 296.799394 	 275.295231 	 296.623146 	 296.585565 	 296.559726
4:07:48.781 PM 4/24/2023 	 -1.127902 	 -0.960769 	 296.781612 	 296.798934 	 275.278495 	 296.646161 	 296.587441 	 296.566300
4:07:59.281 PM 4/24/2023 	 -0.427473 	 -1.050356 	 296.787130 	 296.798167 	 275.261700 	 296.647981 	 296.596308 	 296.654087
4:08:09.282 PM 4/24/2023 	 -0.308144 	 -0.287706 	 296.792955 	 296.797707 	 275.260828 	 296.649028 	 296.580913 	 296.605342
4:08:19.781 PM 4/24/2023 	 -0.482729 	 -1.585177 	 296.796788 	 296.798474 	 275.237807 	 296.626119 	 296.606389 	 296.599342
4:08:29.781 PM 4/24/2023 	 -0.597849 	 -0.603593 	 296.796175 	 296.795714 	 275.252282 	 296.600004 	 296.586850 	 296.613627
4:08:39.782 PM 4/24/2023 	 -0.262294 	 -0.877715 	 296.796021 	 296.796480 	 275.268840 	 296.598426 	 296.581044 	 296.691432
4:08:50.282 PM 4/24/2023 	 -0.532257 	 -0.659434 	 296.794795 	 296.798167 	 275.237713 	 296.604420 	 296.594554 	 296.581870
4:09:00.782 PM 4/24/2023 	 -0.005095 	 -1.133870 	 296.794335 	 296.798780 	 275.265216 	 296.618925 	 296.596846 	 296.683746
4:09:11.281 PM 4/24/2023 	 -0.518995 	 -0.617534 	 296.796788 	 296.797860 	 275.241443 	 296.608919 	 296.602812 	 296.799605
4:09:21.281 PM 4/24/2023 	 -0.365141 	 -0.993226 	 296.799240 	 296.795100 	 275.263185 	 296.588330 	 296.595847 	 296.618395
4:09:31.781 PM 4/24/2023 	 -0.962417 	 -0.518190 	 296.797554 	 296.796020 	 275.252036 	 296.597890 	 296.580977 	 296.652850
4:09:41.782 PM 4/24/2023 	 -1.041270 	 -0.859729 	 296.795255 	 296.793260 	 275.255219 	 296.588244 	 296.585425 	 296.520590
4:09:51.783 PM 4/24/2023 	 -0.027020 	 -1.655163 	 296.793109 	 296.790960 	 275.236253 	 296.583765 	 296.586584 	 296.540073
4:10:02.281 PM 4/24/2023 	 -0.354634 	 -0.823295 	 296.788203 	 296.792187 	 275.233964 	 296.591446 	 296.582050 	 296.555271
4:10:12.281 PM 4/24/2023 	 -0.829216 	 -0.366507 	 296.790963 	 296.789733 	 275.210683 	 296.608688 	 296.595534 	 296.656132
4:10:22.282 PM 4/24/2023 	 -0.350430 	 -0.683763 	 296.795102 	 296.786667 	 275.230834 	 296.651405 	 296.600203 	 296.594566
4:10:32.282 PM 4/24/2023 	 -0.452817 	 -1.070451 	 296.797094 	 296.785747 	 275.250319 	 296.631952 	 296.612692 	 296.540814
4:10:42.781 PM 4/24/2023 	 -0.642540 	 -1.172020 	 296.798781 	 296.782220 	 275.225128 	 296.610260 	 296.607441 	 296.589590
4:10:52.781 PM 4/24/2023 	 -0.786135 	 -2.268516 	 296.801386 	 296.780840 	 275.230136 	 296.627252 	 296.601416 	 296.635238
4:11:02.782 PM 4/24/2023 	 -0.467668 	 -0.295516 	 296.803839 	 296.780226 	 275.240240 	 296.627031 	 296.603073 	 296.850107
4:11:13.281 PM 4/24/2023 	 -0.784515 	 -0.640585 	 296.807825 	 296.779153 	 275.214904 	 296.626339 	 296.610837 	 296.698205
4:11:23.281 PM 4/24/2023 	 -0.769209 	 -1.136152 	 296.807671 	 296.777773 	 275.210125 	 296.629295 	 296.603458 	 296.676267
4:11:33.281 PM 4/24/2023 	 -0.449892 	 -1.062756 	 296.810124 	 296.774553 	 275.220288 	 296.674691 	 296.602352 	 296.879435
4:11:43.282 PM 4/24/2023 	 -1.047762 	 -0.651830 	 296.813650 	 296.771179 	 275.212383 	 296.643662 	 296.591050 	 296.656814
4:11:53.781 PM 4/24/2023 	 -0.152337 	 -0.598167 	 296.813803 	 296.769799 	 275.185076 	 296.604452 	 296.603512 	 296.623242
4:12:03.782 PM 4/24/2023 	 -0.446367 	 -0.828259 	 296.810737 	 296.767959 	 275.186119 	 296.620478 	 296.606386 	 296.558937
4:12:14.281 PM 4/24/2023 	 -0.574316 	 -1.098198 	 296.805985 	 296.765659 	 275.189680 	 296.603677 	 296.600859 	 296.686349
4:12:24.781 PM 4/24/2023 	 -0.745749 	 -2.111604 	 296.805832 	 296.762899 	 275.203782 	 296.624651 	 296.580962 	 296.691820
4:12:35.282 PM 4/24/2023 	 -0.868014 	 -0.930295 	 296.803686 	 296.762286 	 275.203289 	 296.594586 	 296.596935 	 296.741603
4:12:45.781 PM 4/24/2023 	 -0.292536 	 -0.523627 	 296.803226 	 296.759986 	 275.185684 	 296.642611 	 296.597045 	 296.689112
4:12:55.782 PM 4/24/2023 	 -0.045379 	 -0.306062 	 296.807518 	 296.755846 	 275.202305 	 296.618544 	 296.609619 	 296.612907
4:13:06.282 PM 4/24/2023 	 -0.917721 	 -0.843735 	 296.807365 	 296.752012 	 275.186437 	 296.605281 	 296.605281 	 296.551254
4:13:16.781 PM 4/24/2023 	 -1.148068 	 -0.386716 	 296.805219 	 296.751399 	 275.197412 	 296.619982 	 296.601661 	 296.674470
4:13:26.781 PM 4/24/2023 	 -0.883994 	 -1.995679 	 296.805679 	 296.749252 	 275.195531 	 296.615837 	 296.616307 	 296.647310
4:13:36.781 PM 4/24/2023 	 -1.107634 	 -0.999217 	 296.805525 	 296.746952 	 275.176014 	 296.640900 	 296.604729 	 296.649825
4:13:46.781 PM 4/24/2023 	 -0.770052 	 -0.811385 	 296.809971 	 296.747259 	 275.211574 	 296.664967 	 296.599673 	 296.662149
4:13:57.282 PM 4/24/2023 	 -0.114271 	 -0.680816 	 296.815336 	 296.744959 	 275.187888 	 296.652230 	 296.596330 	 296.586934
4:14:07.781 PM 4/24/2023 	 -0.201958 	 -0.340820 	 296.814263 	 296.742659 	 275.180650 	 296.641565 	 296.571570 	 296.645793
4:14:17.782 PM 4/24/2023 	 -1.060715 	 -0.810396 	 296.816103 	 296.739439 	 275.202629 	 296.665356 	 296.622611 	 296.661598
4:14:28.282 PM 4/24/2023 	 -1.168483 	 -0.685061 	 296.815949 	 296.735759 	 275.203296 	 296.644386 	 296.619959 	 296.732686
4:14:38.782 PM 4/24/2023 	 -0.597262 	 -0.989112 	 296.814876 	 296.733612 	 275.202429 	 296.644497 	 296.616783 	 296.688650
4:14:48.782 PM 4/24/2023 	 0.104506 	 -1.149674 	 296.816716 	 296.730085 	 275.172459 	 296.635159 	 296.585364 	 296.610732
4:14:59.282 PM 4/24/2023 	 -0.761997 	 -1.929027 	 296.814570 	 296.726865 	 275.181090 	 296.619908 	 296.614270 	 296.581386
4:15:09.782 PM 4/24/2023 	 -0.636550 	 -1.773810 	 296.812424 	 296.725792 	 275.161110 	 296.597554 	 296.623861 	 296.551984
4:15:20.281 PM 4/24/2023 	 -0.199650 	 -0.646786 	 296.808898 	 296.722878 	 275.198148 	 296.596726 	 296.612228 	 296.545988
4:15:30.282 PM 4/24/2023 	 -0.587039 	 -0.958540 	 296.804299 	 296.721038 	 275.176983 	 296.584983 	 296.623504 	 296.535653
4:15:40.781 PM 4/24/2023 	 -0.155642 	 -0.292933 	 296.800007 	 296.717051 	 275.180777 	 296.585316 	 296.606926 	 296.680673
4:15:50.782 PM 4/24/2023 	 -0.714613 	 -0.778225 	 296.795868 	 296.714445 	 275.186484 	 296.586064 	 296.605325 	 296.634450
4:16:01.281 PM 4/24/2023 	 -0.909336 	 -1.155175 	 296.792496 	 296.711991 	 275.196563 	 296.577361 	 296.616352 	 296.471175
4:16:11.282 PM 4/24/2023 	 -0.703162 	 -0.779563 	 296.788203 	 296.707545 	 275.219237 	 296.555779 	 296.608866 	 296.438311
4:16:21.781 PM 4/24/2023 	 -0.815027 	 -1.000509 	 296.786364 	 296.704018 	 275.201547 	 296.581179 	 296.615472 	 296.618760
4:16:31.781 PM 4/24/2023 	 -0.338010 	 0.000481 	 296.783758 	 296.703865 	 275.196569 	 296.573139 	 296.595689 	 296.601796
4:16:41.782 PM 4/24/2023 	 -0.288682 	 0.285108 	 296.780386 	 296.702025 	 275.210673 	 296.564519 	 296.620422 	 296.607739
4:16:52.281 PM 4/24/2023 	 -0.579507 	 -0.861126 	 296.776553 	 296.700798 	 275.207779 	 296.561287 	 296.615312 	 296.528869
4:17:02.281 PM 4/24/2023 	 -0.691530 	 -0.537208 	 296.773487 	 296.699111 	 275.202395 	 296.574941 	 296.594672 	 296.611114
4:17:12.282 PM 4/24/2023 	 -0.399302 	 -0.952358 	 296.769195 	 296.699571 	 275.186414 	 296.538546 	 296.603379 	 296.721746
4:17:22.282 PM 4/24/2023 	 -0.195760 	 -0.555526 	 296.764290 	 296.700951 	 275.200171 	 296.568120 	 296.611810 	 296.486837
4:17:32.782 PM 4/24/2023 	 -0.382551 	 -0.555745 	 296.761224 	 296.703098 	 275.180222 	 296.572571 	 296.615791 	 296.557068
4:17:43.281 PM 4/24/2023 	 -0.608491 	 -0.165360 	 296.758925 	 296.704018 	 275.190939 	 296.544275 	 296.613334 	 296.560248
4:17:53.781 PM 4/24/2023 	 -1.171594 	 -0.232023 	 296.755093 	 296.705858 	 275.187669 	 296.535516 	 296.599879 	 296.559477
4:18:03.782 PM 4/24/2023 	 -0.251717 	 -0.772224 	 296.752027 	 296.704018 	 275.178001 	 296.539913 	 296.597229 	 296.565753
4:18:14.281 PM 4/24/2023 	 -0.245612 	 -0.884854 	 296.748501 	 296.705091 	 275.172559 	 296.549754 	 296.610827 	 296.516396
4:18:24.781 PM 4/24/2023 	 -1.273503 	 -0.827107 	 296.747581 	 296.706625 	 275.202590 	 296.571369 	 296.607542 	 296.556805
4:18:35.282 PM 4/24/2023 	 0.552681 	 -0.754457 	 296.744516 	 296.708465 	 275.182874 	 296.538457 	 296.617852 	 296.549733
4:18:45.782 PM 4/24/2023 	 -0.918526 	 -1.263796 	 296.741143 	 296.709691 	 275.196719 	 296.544623 	 296.603818 	 296.607576
4:18:56.281 PM 4/24/2023 	 -0.714604 	 -1.534886 	 296.739457 	 296.708465 	 275.180852 	 296.552971 	 296.597132 	 296.624378
4:19:06.282 PM 4/24/2023 	 -0.165910 	 -0.172160 	 296.739150 	 296.708465 	 275.201676 	 296.540427 	 296.620762 	 296.687931
4:19:16.781 PM 4/24/2023 	 -0.566391 	 -0.602719 	 296.740377 	 296.708771 	 275.212827 	 296.546372 	 296.612613 	 296.521941
4:19:27.281 PM 4/24/2023 	 -0.946264 	 -1.319932 	 296.737924 	 296.710765 	 275.183671 	 296.565997 	 296.609218 	 296.615794
4:19:37.781 PM 4/24/2023 	 -0.836438 	 -0.444535 	 296.736391 	 296.711838 	 275.181127 	 296.573905 	 296.591287 	 296.643899
4:19:47.782 PM 4/24/2023 	 0.103536 	 -0.345264 	 296.734398 	 296.712758 	 275.200792 	 296.563545 	 296.617100 	 296.606296
4:19:58.281 PM 4/24/2023 	 -0.123263 	 -0.664200 	 296.734552 	 296.713678 	 275.176703 	 296.599279 	 296.628874 	 296.776820
4:20:08.282 PM 4/24/2023 	 -0.301700 	 -1.323104 	 296.735472 	 296.714138 	 275.167092 	 296.564270 	 296.612188 	 296.663389
4:20:18.782 PM 4/24/2023 	 -0.439627 	 -0.720085 	 296.738077 	 296.716438 	 275.173871 	 296.569799 	 296.613019 	 296.561343
4:20:29.281 PM 4/24/2023 	 -0.033524 	 -1.396556 	 296.741603 	 296.716898 	 275.189483 	 296.580000 	 296.614294 	 296.609596
4:20:39.781 PM 4/24/2023 	 -0.708775 	 -1.040999 	 296.741756 	 296.715978 	 275.194496 	 296.581966 	 296.621426 	 296.542972
4:20:50.281 PM 4/24/2023 	 0.377939 	 -0.662035 	 296.741756 	 296.717818 	 275.147704 	 296.552814 	 296.593217 	 296.674482
4:21:00.281 PM 4/24/2023 	 -0.647595 	 -1.167787 	 296.737464 	 296.720118 	 275.106524 	 296.547815 	 296.620632 	 296.655392
4:21:10.283 PM 4/24/2023 	 0.041108 	 -0.941748 	 296.734552 	 296.720885 	 275.019691 	 296.541545 	 296.616242 	 296.566445
4:21:20.781 PM 4/24/2023 	 -1.012998 	 -0.936098 	 296.732866 	 296.722878 	 274.957235 	 296.560424 	 296.631360 	 296.629012
4:21:31.281 PM 4/24/2023 	 -0.228903 	 0.069054 	 296.731179 	 296.726558 	 274.894482 	 296.553657 	 296.633989 	 296.530636
4:21:41.781 PM 4/24/2023 	 0.167569 	 -0.613300 	 296.727194 	 296.725792 	 274.845224 	 296.533929 	 296.611916 	 296.519364
4:21:51.781 PM 4/24/2023 	 0.094902 	 -0.977769 	 296.727347 	 296.725178 	 274.769500 	 296.570248 	 296.615817 	 296.579174
4:22:02.281 PM 4/24/2023 	 -0.767693 	 -1.205425 	 296.726274 	 296.727325 	 274.694398 	 296.565830 	 296.622203 	 296.609050
4:22:12.282 PM 4/24/2023 	 -0.901587 	 -1.703493 	 296.726274 	 296.729778 	 274.631493 	 296.551436 	 296.623783 	 296.560833
4:22:22.782 PM 4/24/2023 	 -0.260807 	 -0.710526 	 296.725661 	 296.731618 	 274.596296 	 296.548426 	 296.601513 	 296.639093
4:22:33.282 PM 4/24/2023 	 -0.791150 	 -0.856850 	 296.723668 	 296.733305 	 274.579396 	 296.556279 	 296.623458 	 296.680294
4:22:43.282 PM 4/24/2023 	 -0.518425 	 -0.787675 	 296.721676 	 296.734838 	 274.539209 	 296.538651 	 296.609121 	 296.595967
4:22:53.782 PM 4/24/2023 	 -0.552369 	 -0.252276 	 296.720143 	 296.735605 	 274.542607 	 296.549407 	 296.608601 	 296.609071
4:23:04.281 PM 4/24/2023 	 -0.679045 	 -0.718519 	 296.722289 	 296.739132 	 274.504998 	 296.550213 	 296.594844 	 296.517794
4:23:14.781 PM 4/24/2023 	 -0.863354 	 -0.693151 	 296.721369 	 296.738059 	 274.471912 	 296.556271 	 296.616873 	 296.620631
4:23:24.781 PM 4/24/2023 	 -0.214945 	 -0.320164 	 296.719529 	 296.737752 	 274.470668 	 296.565421 	 296.620386 	 296.595018
4:23:34.781 PM 4/24/2023 	 0.549303 	 -0.933834 	 296.719376 	 296.738059 	 274.465278 	 296.566863 	 296.591292 	 296.573440
4:23:44.781 PM 4/24/2023 	 -1.393003 	 -0.800130 	 296.718303 	 296.736679 	 274.430680 	 296.546113 	 296.603898 	 296.530139
4:23:55.282 PM 4/24/2023 	 -0.874082 	 -0.638366 	 296.717077 	 296.737599 	 274.428566 	 296.534703 	 296.618326 	 296.662011
4:24:05.781 PM 4/24/2023 	 -0.907181 	 -0.692587 	 296.714778 	 296.737599 	 274.429731 	 296.533933 	 296.626482 	 296.782882
4:24:15.782 PM 4/24/2023 	 -0.922998 	 -0.688336 	 296.713091 	 296.737599 	 274.387703 	 296.563426 	 296.633892 	 296.663954
4:24:25.782 PM 4/24/2023 	 -1.580832 	 -0.008558 	 296.710639 	 296.736525 	 274.390726 	 296.540936 	 296.641469 	 296.493480
4:24:36.281 PM 4/24/2023 	 -0.288864 	 -1.214102 	 296.709719 	 296.736832 	 274.387829 	 296.526429 	 296.609584 	 296.486960
4:24:46.282 PM 4/24/2023 	 -0.679558 	 -0.877689 	 296.706960 	 296.736525 	 274.372228 	 296.525661 	 296.617742 	 296.504518
4:24:56.781 PM 4/24/2023 	 -0.428577 	 -0.908604 	 296.706040 	 296.738825 	 274.345572 	 296.573090 	 296.621947 	 296.624296
