Timestamp                   	PTD1 raw (mA)	PTD1 T0 (K)	PTD1 aT (PSI/K)	PTD1 adj (PSI)	PTD2 raw (mA)	PTD2 T0 (K)	PTD2 aT (PSI/K)	PTD2 adj (PSI)	RTD0 Rraw (Ohm)	RTD1 Rraw (Ohm)	DAQ thermistor T (K)
11:13:13.589 AM 9/20/2023 	 4.003391 	 297.647000 	 44.546000 	 -2943333.288115 	 4.044748 	 297.647000 	 44.546000 	 -2943333.288115 	 108.433614 	 108.406649 	 296.271550
11:13:24.089 AM 9/20/2023 	 4.009789 	 297.647000 	 44.546000 	 -2943356.521741 	 4.031069 	 297.647000 	 44.546000 	 -2943356.521741 	 108.432720 	 108.406947 	 296.273699
11:13:34.588 AM 9/20/2023 	 4.017640 	 297.647000 	 44.546000 	 -2943368.011343 	 4.042456 	 297.647000 	 44.546000 	 -2943368.011343 	 108.432720 	 108.408019 	 296.274761
11:13:45.089 AM 9/20/2023 	 4.011581 	 297.647000 	 44.546000 	 -2943374.139252 	 4.036153 	 297.647000 	 44.546000 	 -2943374.139252 	 108.433614 	 108.409032 	 296.275328
11:13:55.588 AM 9/20/2023 	 4.007641 	 297.647000 	 44.546000 	 -2943368.266671 	 4.037058 	 297.647000 	 44.546000 	 -2943368.266671 	 108.434686 	 108.410402 	 296.274785
11:14:06.088 AM 9/20/2023 	 4.016432 	 297.647000 	 44.546000 	 -2943363.415467 	 4.031925 	 297.647000 	 44.546000 	 -2943363.415467 	 108.436175 	 108.411414 	 296.274336
11:14:16.588 AM 9/20/2023 	 4.017757 	 297.647000 	 44.546000 	 -2943348.096221 	 4.036036 	 297.647000 	 44.546000 	 -2943348.096221 	 108.437604 	 108.411712 	 296.272920
11:14:26.589 AM 9/20/2023 	 4.014605 	 297.647000 	 44.546000 	 -2943327.160767 	 4.035682 	 297.647000 	 44.546000 	 -2943327.160767 	 108.439510 	 108.413201 	 296.270984
11:14:37.088 AM 9/20/2023 	 4.013826 	 297.647000 	 44.546000 	 -2943302.652213 	 4.037361 	 297.647000 	 44.546000 	 -2943302.652213 	 108.442309 	 108.413678 	 296.268718
11:14:47.088 AM 9/20/2023 	 4.018437 	 297.647000 	 44.546000 	 -2943275.592246 	 4.044004 	 297.647000 	 44.546000 	 -2943275.592246 	 108.443917 	 108.414393 	 296.266215
11:14:57.589 AM 9/20/2023 	 4.017004 	 297.647000 	 44.546000 	 -2943246.236588 	 4.035916 	 297.647000 	 44.546000 	 -2943246.236588 	 108.445585 	 108.415048 	 296.263501
11:15:08.088 AM 9/20/2023 	 4.019123 	 297.647000 	 44.546000 	 -2943214.075210 	 4.029884 	 297.647000 	 44.546000 	 -2943214.075210 	 108.448325 	 108.414988 	 296.260526
11:15:18.088 AM 9/20/2023 	 4.013122 	 297.647000 	 44.546000 	 -2943173.749132 	 4.026155 	 297.647000 	 44.546000 	 -2943173.749132 	 108.450767 	 108.415286 	 296.256797
11:15:28.588 AM 9/20/2023 	 4.009818 	 297.647000 	 44.546000 	 -2943135.723442 	 4.028129 	 297.647000 	 44.546000 	 -2943135.723442 	 108.454102 	 108.416239 	 296.253280
11:15:38.588 AM 9/20/2023 	 4.019313 	 297.647000 	 44.546000 	 -2943099.997552 	 4.047008 	 297.647000 	 44.546000 	 -2943099.997552 	 108.457557 	 108.416478 	 296.249977
11:15:48.588 AM 9/20/2023 	 4.012950 	 297.647000 	 44.546000 	 -2943070.143104 	 4.037758 	 297.647000 	 44.546000 	 -2943070.143104 	 108.459701 	 108.417311 	 296.247216
11:15:58.588 AM 9/20/2023 	 4.014021 	 297.647000 	 44.546000 	 -2943031.105679 	 4.036123 	 297.647000 	 44.546000 	 -2943031.105679 	 108.463930 	 108.418324 	 296.243605
11:16:08.589 AM 9/20/2023 	 4.022083 	 297.647000 	 44.546000 	 -2942997.684186 	 4.038366 	 297.647000 	 44.546000 	 -2942997.684186 	 108.468039 	 108.418324 	 296.240514
11:16:19.088 AM 9/20/2023 	 4.009815 	 297.647000 	 44.546000 	 -2942962.479513 	 4.040693 	 297.647000 	 44.546000 	 -2942962.479513 	 108.470183 	 108.419277 	 296.237258
11:16:29.588 AM 9/20/2023 	 4.020221 	 297.647000 	 44.546000 	 -2942929.828379 	 4.040500 	 297.647000 	 44.546000 	 -2942929.828379 	 108.472804 	 108.419694 	 296.234238
11:16:39.588 AM 9/20/2023 	 4.013546 	 297.647000 	 44.546000 	 -2942895.394218 	 4.037703 	 297.647000 	 44.546000 	 -2942895.394218 	 108.477211 	 108.420707 	 296.231054
11:16:50.088 AM 9/20/2023 	 4.011753 	 297.647000 	 44.546000 	 -2942863.768138 	 4.039265 	 297.647000 	 44.546000 	 -2942863.768138 	 108.480368 	 108.421362 	 296.228128
11:17:00.088 AM 9/20/2023 	 4.016902 	 297.647000 	 44.546000 	 -2942838.009838 	 4.028295 	 297.647000 	 44.546000 	 -2942838.009838 	 108.481738 	 108.421958 	 296.225746
11:17:10.089 AM 9/20/2023 	 4.003852 	 297.647000 	 44.546000 	 -2942809.192903 	 4.040237 	 297.647000 	 44.546000 	 -2942809.192903 	 108.484120 	 108.422672 	 296.223081
11:17:20.588 AM 9/20/2023 	 4.014386 	 297.647000 	 44.546000 	 -2942785.477702 	 4.044068 	 297.647000 	 44.546000 	 -2942785.477702 	 108.485788 	 108.423744 	 296.220887
11:17:31.088 AM 9/20/2023 	 4.013014 	 297.647000 	 44.546000 	 -2942760.233869 	 4.036541 	 297.647000 	 44.546000 	 -2942760.233869 	 108.489719 	 108.424578 	 296.218552
11:17:41.588 AM 9/20/2023 	 4.016473 	 297.647000 	 44.546000 	 -2942734.991460 	 4.044801 	 297.647000 	 44.546000 	 -2942734.991460 	 108.494007 	 108.425055 	 296.216217
11:17:52.088 AM 9/20/2023 	 4.022100 	 297.647000 	 44.546000 	 -2942717.399107 	 4.039852 	 297.647000 	 44.546000 	 -2942717.399107 	 108.497700 	 108.425948 	 296.214590
11:18:02.588 AM 9/20/2023 	 4.012471 	 297.647000 	 44.546000 	 -2942697.003042 	 4.040015 	 297.647000 	 44.546000 	 -2942697.003042 	 108.498534 	 108.425829 	 296.212703
11:18:13.088 AM 9/20/2023 	 4.014684 	 297.647000 	 44.546000 	 -2942682.726349 	 4.031840 	 297.647000 	 44.546000 	 -2942682.726349 	 108.498653 	 108.426425 	 296.211383
11:18:23.089 AM 9/20/2023 	 4.024958 	 297.647000 	 44.546000 	 -2942669.469828 	 4.038033 	 297.647000 	 44.546000 	 -2942669.469828 	 108.501631 	 108.426544 	 296.210157
11:18:33.588 AM 9/20/2023 	 4.012749 	 297.647000 	 44.546000 	 -2942651.880050 	 4.041528 	 297.647000 	 44.546000 	 -2942651.880050 	 108.505681 	 108.427021 	 296.208529
11:18:43.588 AM 9/20/2023 	 4.014409 	 297.647000 	 44.546000 	 -2942640.918654 	 4.034401 	 297.647000 	 44.546000 	 -2942640.918654 	 108.508778 	 108.427378 	 296.207515
11:18:53.589 AM 9/20/2023 	 4.008911 	 297.647000 	 44.546000 	 -2942634.545873 	 4.031002 	 297.647000 	 44.546000 	 -2942634.545873 	 108.510089 	 108.428748 	 296.206926
11:19:04.088 AM 9/20/2023 	 4.012378 	 297.647000 	 44.546000 	 -2942626.133940 	 4.041925 	 297.647000 	 44.546000 	 -2942626.133940 	 108.511458 	 108.429999 	 296.206148
11:19:14.588 AM 9/20/2023 	 4.022757 	 297.647000 	 44.546000 	 -2942618.231966 	 4.039510 	 297.647000 	 44.546000 	 -2942618.231966 	 108.515568 	 108.430714 	 296.205417
11:19:24.588 AM 9/20/2023 	 4.017413 	 297.647000 	 44.546000 	 -2942616.957467 	 4.042886 	 297.647000 	 44.546000 	 -2942616.957467 	 108.515628 	 108.431309 	 296.205299
11:19:34.588 AM 9/20/2023 	 4.012579 	 297.647000 	 44.546000 	 -2942618.996667 	 4.042243 	 297.647000 	 44.546000 	 -2942618.996667 	 108.520631 	 108.431726 	 296.205488
11:19:44.588 AM 9/20/2023 	 4.012466 	 297.647000 	 44.546000 	 -2942625.114323 	 4.041055 	 297.647000 	 44.546000 	 -2942625.114323 	 108.521465 	 108.432560 	 296.206054
11:19:54.588 AM 9/20/2023 	 4.012039 	 297.647000 	 44.546000 	 -2942633.271327 	 4.028792 	 297.647000 	 44.546000 	 -2942633.271327 	 108.524085 	 108.433513 	 296.206808
11:20:04.589 AM 9/20/2023 	 4.014503 	 297.647000 	 44.546000 	 -2942644.997282 	 4.036380 	 297.647000 	 44.546000 	 -2942644.997282 	 108.524443 	 108.435181 	 296.207893
11:20:14.589 AM 9/20/2023 	 4.014077 	 297.647000 	 44.546000 	 -2942656.213699 	 4.034655 	 297.647000 	 44.546000 	 -2942656.213699 	 108.527063 	 108.436313 	 296.208930
11:20:24.589 AM 9/20/2023 	 4.021376 	 297.647000 	 44.546000 	 -2942669.214899 	 4.042491 	 297.647000 	 44.546000 	 -2942669.214899 	 108.530458 	 108.438040 	 296.210133
11:20:35.089 AM 9/20/2023 	 4.012431 	 297.647000 	 44.546000 	 -2942688.334996 	 4.034290 	 297.647000 	 44.546000 	 -2942688.334996 	 108.533079 	 108.440065 	 296.211902
11:20:45.590 AM 9/20/2023 	 4.017667 	 297.647000 	 44.546000 	 -2942702.101971 	 4.030719 	 297.647000 	 44.546000 	 -2942702.101971 	 108.537605 	 108.441316 	 296.213175
11:20:56.089 AM 9/20/2023 	 4.009007 	 297.647000 	 44.546000 	 -2942721.988350 	 4.029802 	 297.647000 	 44.546000 	 -2942721.988350 	 108.540762 	 108.442508 	 296.215014
11:21:06.590 AM 9/20/2023 	 4.025162 	 297.647000 	 44.546000 	 -2942739.325914 	 4.033177 	 297.647000 	 44.546000 	 -2942739.325914 	 108.542191 	 108.443699 	 296.216618
11:21:17.090 AM 9/20/2023 	 4.013937 	 297.647000 	 44.546000 	 -2942758.958966 	 4.022803 	 297.647000 	 44.546000 	 -2942758.958966 	 108.546539 	 108.444890 	 296.218434
11:21:27.589 AM 9/20/2023 	 4.021721 	 297.647000 	 44.546000 	 -2942782.417767 	 4.038328 	 297.647000 	 44.546000 	 -2942782.417767 	 108.548088 	 108.446082 	 296.220604
11:21:37.590 AM 9/20/2023 	 4.024065 	 297.647000 	 44.546000 	 -2942802.817725 	 4.039239 	 297.647000 	 44.546000 	 -2942802.817725 	 108.549160 	 108.447511 	 296.222491
11:21:47.590 AM 9/20/2023 	 4.020693 	 297.647000 	 44.546000 	 -2942828.318980 	 4.037782 	 297.647000 	 44.546000 	 -2942828.318980 	 108.550053 	 108.449655 	 296.224850
11:21:57.590 AM 9/20/2023 	 4.011850 	 297.647000 	 44.546000 	 -2942847.700906 	 4.030547 	 297.647000 	 44.546000 	 -2942847.700906 	 108.551304 	 108.451442 	 296.226642
11:22:08.091 AM 9/20/2023 	 4.013116 	 297.647000 	 44.546000 	 -2942872.694628 	 4.037621 	 297.647000 	 44.546000 	 -2942872.694628 	 108.554401 	 108.451919 	 296.228954
11:22:18.590 AM 9/20/2023 	 4.015095 	 297.647000 	 44.546000 	 -2942899.985286 	 4.037122 	 297.647000 	 44.546000 	 -2942899.985286 	 108.555116 	 108.452515 	 296.231478
11:22:29.090 AM 9/20/2023 	 4.004760 	 297.647000 	 44.546000 	 -2942921.921041 	 4.037726 	 297.647000 	 44.546000 	 -2942921.921041 	 108.561906 	 108.453229 	 296.233507
11:22:39.591 AM 9/20/2023 	 4.013884 	 297.647000 	 44.546000 	 -2942943.092615 	 4.050582 	 297.647000 	 44.546000 	 -2942943.092615 	 108.567862 	 108.453349 	 296.235465
11:22:49.591 AM 9/20/2023 	 4.013169 	 297.647000 	 44.546000 	 -2942963.244802 	 4.038150 	 297.647000 	 44.546000 	 -2942963.244802 	 108.570661 	 108.453706 	 296.237329
11:23:00.091 AM 9/20/2023 	 4.010738 	 297.647000 	 44.546000 	 -2942979.571291 	 4.039297 	 297.647000 	 44.546000 	 -2942979.571291 	 108.575009 	 108.454540 	 296.238839
11:23:10.591 AM 9/20/2023 	 4.016464 	 297.647000 	 44.546000 	 -2943002.531424 	 4.039855 	 297.647000 	 44.546000 	 -2943002.531424 	 108.573818 	 108.455850 	 296.240962
11:23:21.091 AM 9/20/2023 	 4.014424 	 297.647000 	 44.546000 	 -2943025.747867 	 4.039691 	 297.647000 	 44.546000 	 -2943025.747867 	 108.573877 	 108.456982 	 296.243110
11:23:31.091 AM 9/20/2023 	 4.026239 	 297.647000 	 44.546000 	 -2943043.097205 	 4.036465 	 297.647000 	 44.546000 	 -2943043.097205 	 108.573877 	 108.457518 	 296.244714
11:23:41.091 AM 9/20/2023 	 4.017077 	 297.647000 	 44.546000 	 -2943064.019361 	 4.038179 	 297.647000 	 44.546000 	 -2943064.019361 	 108.573163 	 108.458590 	 296.246649
11:23:51.092 AM 9/20/2023 	 4.006225 	 297.647000 	 44.546000 	 -2943084.687330 	 4.030307 	 297.647000 	 44.546000 	 -2943084.687330 	 108.576558 	 108.458829 	 296.248561
11:24:01.591 AM 9/20/2023 	 4.008598 	 297.647000 	 44.546000 	 -2943104.335543 	 4.039811 	 297.647000 	 44.546000 	 -2943104.335543 	 108.576200 	 108.459543 	 296.250378
11:24:11.592 AM 9/20/2023 	 4.006993 	 297.647000 	 44.546000 	 -2943129.088418 	 4.037017 	 297.647000 	 44.546000 	 -2943129.088418 	 108.574592 	 108.460973 	 296.252667
11:24:21.592 AM 9/20/2023 	 4.023171 	 297.647000 	 44.546000 	 -2943153.332252 	 4.033624 	 297.647000 	 44.546000 	 -2943153.332252 	 108.574354 	 108.461390 	 296.254909
11:24:32.092 AM 9/20/2023 	 4.013286 	 297.647000 	 44.546000 	 -2943180.640040 	 4.046535 	 297.647000 	 44.546000 	 -2943180.640040 	 108.575426 	 108.463177 	 296.257434
11:24:42.592 AM 9/20/2023 	 4.007472 	 297.647000 	 44.546000 	 -2943203.865733 	 4.040921 	 297.647000 	 44.546000 	 -2943203.865733 	 108.580667 	 108.464070 	 296.259582
11:24:53.092 AM 9/20/2023 	 4.005554 	 297.647000 	 44.546000 	 -2943234.239613 	 4.029615 	 297.647000 	 44.546000 	 -2943234.239613 	 108.582811 	 108.464904 	 296.262391
11:25:03.092 AM 9/20/2023 	 4.008803 	 297.647000 	 44.546000 	 -2943261.807610 	 4.042886 	 297.647000 	 44.546000 	 -2943261.807610 	 108.587874 	 108.466691 	 296.264940
11:25:13.592 AM 9/20/2023 	 4.017565 	 297.647000 	 44.546000 	 -2943292.951282 	 4.030640 	 297.647000 	 44.546000 	 -2943292.951282 	 108.587933 	 108.468299 	 296.267820
11:25:24.092 AM 9/20/2023 	 4.010793 	 297.647000 	 44.546000 	 -2943318.991100 	 4.035653 	 297.647000 	 44.546000 	 -2943318.991100 	 108.586683 	 108.469729 	 296.270228
11:25:34.093 AM 9/20/2023 	 4.014010 	 297.647000 	 44.546000 	 -2943349.372804 	 4.044751 	 297.647000 	 44.546000 	 -2943349.372804 	 108.584598 	 108.470384 	 296.273038
11:25:44.592 AM 9/20/2023 	 4.013583 	 297.647000 	 44.546000 	 -2943381.799255 	 4.038932 	 297.647000 	 44.546000 	 -2943381.799255 	 108.584479 	 108.470801 	 296.276036
11:25:55.093 AM 9/20/2023 	 4.011234 	 297.647000 	 44.546000 	 -2943411.163820 	 4.035081 	 297.647000 	 44.546000 	 -2943411.163820 	 108.582811 	 108.471159 	 296.278752
11:26:05.592 AM 9/20/2023 	 4.013332 	 297.647000 	 44.546000 	 -2943440.274945 	 4.037840 	 297.647000 	 44.546000 	 -2943440.274945 	 108.583169 	 108.471873 	 296.281443
11:26:16.092 AM 9/20/2023 	 4.011135 	 297.647000 	 44.546000 	 -2943469.898739 	 4.044036 	 297.647000 	 44.546000 	 -2943469.898739 	 108.585253 	 108.473184 	 296.284183
11:26:26.093 AM 9/20/2023 	 4.022900 	 297.647000 	 44.546000 	 -2943496.204272 	 4.035855 	 297.647000 	 44.546000 	 -2943496.204272 	 108.584241 	 108.474435 	 296.286615
11:26:36.592 AM 9/20/2023 	 4.013811 	 297.647000 	 44.546000 	 -2943524.043852 	 4.029697 	 297.647000 	 44.546000 	 -2943524.043852 	 108.585075 	 108.475745 	 296.289189
11:26:47.092 AM 9/20/2023 	 4.010577 	 297.647000 	 44.546000 	 -2943553.673202 	 4.034342 	 297.647000 	 44.546000 	 -2943553.673202 	 108.584777 	 108.477413 	 296.291929
11:26:57.592 AM 9/20/2023 	 4.025317 	 297.647000 	 44.546000 	 -2943579.472771 	 4.029966 	 297.647000 	 44.546000 	 -2943579.472771 	 108.590911 	 108.478068 	 296.294314
11:27:07.592 AM 9/20/2023 	 4.015784 	 297.647000 	 44.546000 	 -2943610.127662 	 4.033145 	 297.647000 	 44.546000 	 -2943610.127662 	 108.595140 	 108.478426 	 296.297149
11:27:18.092 AM 9/20/2023 	 4.012387 	 297.647000 	 44.546000 	 -2943639.251757 	 4.032567 	 297.647000 	 44.546000 	 -2943639.251757 	 108.596331 	 108.479379 	 296.299841
11:27:28.592 AM 9/20/2023 	 4.014786 	 297.647000 	 44.546000 	 -2943670.421753 	 4.034590 	 297.647000 	 44.546000 	 -2943670.421753 	 108.594247 	 108.480451 	 296.302723
11:31:43.279 AM 9/20/2023 	 4.016347 	 297.647000 	 44.546000 	 -2945747.768883 	 4.025548 	 297.647000 	 44.546000 	 -2945747.768883 	 108.627124 	 108.501060 	 296.478229
11:31:53.280 AM 9/20/2023 	 4.012717 	 297.647000 	 44.546000 	 -2945830.916729 	 4.036900 	 297.647000 	 44.546000 	 -2945830.916729 	 108.628851 	 108.502728 	 296.485909
11:32:03.779 AM 9/20/2023 	 4.014623 	 297.647000 	 44.546000 	 -2945911.513136 	 4.030839 	 297.647000 	 44.546000 	 -2945911.513136 	 108.629209 	 108.504039 	 296.493354
11:32:14.280 AM 9/20/2023 	 4.017264 	 297.647000 	 44.546000 	 -2945984.165106 	 4.044223 	 297.647000 	 44.546000 	 -2945984.165106 	 108.629447 	 108.505349 	 296.500064
11:32:24.779 AM 9/20/2023 	 4.014450 	 297.647000 	 44.546000 	 -2946052.463661 	 4.029455 	 297.647000 	 44.546000 	 -2946052.463661 	 108.632484 	 108.507613 	 296.506372
11:32:37.780 AM 9/20/2023 	 4.007425 	 297.647000 	 44.546000 	 -2946123.084118 	 4.041151 	 297.647000 	 44.546000 	 -2946123.084118 	 108.641180 	 108.508447 	 296.512894
11:33:30.873 AM 9/20/2023 	 4.016377 	 297.647000 	 44.546000 	 -2946031.751835 	 4.033458 	 297.647000 	 44.546000 	 -2946031.751835 	 108.648208 	 108.508863 	 296.535977
11:33:41.373 AM 9/20/2023 	 4.018204 	 297.647000 	 44.546000 	 -2946088.025775 	 4.036923 	 297.647000 	 44.546000 	 -2946088.025775 	 108.644515 	 108.510531 	 296.541174
11:33:51.872 AM 9/20/2023 	 4.022509 	 297.647000 	 44.546000 	 -2946142.764813 	 4.041145 	 297.647000 	 44.546000 	 -2946142.764813 	 108.643384 	 108.510770 	 296.546229
11:34:01.872 AM 9/20/2023 	 4.020510 	 297.647000 	 44.546000 	 -2946183.373724 	 4.027866 	 297.647000 	 44.546000 	 -2946183.373724 	 108.643979 	 108.511663 	 296.549979
11:34:45.637 AM 9/20/2023 	 4.018986 	 297.647000 	 44.546000 	 -2946620.472253 	 4.035674 	 297.647000 	 44.546000 	 -2946620.472253 	 108.633973 	 108.515594 	 296.565410
11:34:56.138 AM 9/20/2023 	 4.010425 	 297.647000 	 44.546000 	 -2946668.561248 	 4.049659 	 297.647000 	 44.546000 	 -2946668.561248 	 108.631770 	 108.517441 	 296.569850
11:35:06.138 AM 9/20/2023 	 4.017086 	 297.647000 	 44.546000 	 -2946713.826246 	 4.023793 	 297.647000 	 44.546000 	 -2946713.826246 	 108.632961 	 108.518990 	 296.574029
11:35:16.637 AM 9/20/2023 	 4.015948 	 297.647000 	 44.546000 	 -2946757.809736 	 4.033113 	 297.647000 	 44.546000 	 -2946757.809736 	 108.631055 	 108.520538 	 296.578090
11:35:27.138 AM 9/20/2023 	 4.019879 	 297.647000 	 44.546000 	 -2946792.793874 	 4.039233 	 297.647000 	 44.546000 	 -2946792.793874 	 108.629685 	 108.521611 	 296.581320
11:35:37.638 AM 9/20/2023 	 4.020212 	 297.647000 	 44.546000 	 -2946823.921790 	 4.036395 	 297.647000 	 44.546000 	 -2946823.921790 	 108.629745 	 108.521908 	 296.584193
11:35:50.138 AM 9/20/2023 	 4.009632 	 297.647000 	 44.546000 	 -2946855.309175 	 4.034976 	 297.647000 	 44.546000 	 -2946855.309175 	 108.634390 	 108.523397 	 296.587091
11:39:56.317 AM 9/20/2023 	 4.009815 	 297.647000 	 44.546000 	 -2948060.965389 	 4.047037 	 297.647000 	 44.546000 	 -2948060.965389 	 108.665481 	 108.541982 	 296.699777
11:40:06.817 AM 9/20/2023 	 4.014602 	 297.647000 	 44.546000 	 -2948111.792912 	 4.034336 	 297.647000 	 44.546000 	 -2948111.792912 	 108.669352 	 108.541922 	 296.704467
11:40:17.317 AM 9/20/2023 	 4.008298 	 297.647000 	 44.546000 	 -2948163.916549 	 4.038091 	 297.647000 	 44.546000 	 -2948163.916549 	 108.675070 	 108.542041 	 296.709276
11:40:27.817 AM 9/20/2023 	 4.013706 	 297.647000 	 44.546000 	 -2948200.045454 	 4.039741 	 297.647000 	 44.546000 	 -2948200.045454 	 108.684242 	 108.543054 	 296.712610
11:40:37.817 AM 9/20/2023 	 4.007729 	 297.647000 	 44.546000 	 -2948226.369803 	 4.044544 	 297.647000 	 44.546000 	 -2948226.369803 	 108.691151 	 108.544186 	 296.715038
11:40:48.317 AM 9/20/2023 	 4.020796 	 297.647000 	 44.546000 	 -2948248.307960 	 4.032830 	 297.647000 	 44.546000 	 -2948248.307960 	 108.693891 	 108.545675 	 296.717062
11:40:58.816 AM 9/20/2023 	 4.015343 	 297.647000 	 44.546000 	 -2948261.987598 	 4.040322 	 297.647000 	 44.546000 	 -2948261.987598 	 108.701514 	 108.546211 	 296.718324
11:41:08.816 AM 9/20/2023 	 4.007308 	 297.647000 	 44.546000 	 -2948272.570251 	 4.042763 	 297.647000 	 44.546000 	 -2948272.570251 	 108.706696 	 108.546330 	 296.719301
11:41:19.317 AM 9/20/2023 	 4.010247 	 297.647000 	 44.546000 	 -2948271.537786 	 4.040234 	 297.647000 	 44.546000 	 -2948271.537786 	 108.703718 	 108.546271 	 296.719206
11:41:29.817 AM 9/20/2023 	 4.017106 	 297.647000 	 44.546000 	 -2948266.891723 	 4.034018 	 297.647000 	 44.546000 	 -2948266.891723 	 108.700442 	 108.547402 	 296.718777
11:41:40.316 AM 9/20/2023 	 4.015714 	 297.647000 	 44.546000 	 -2948259.148393 	 4.035449 	 297.647000 	 44.546000 	 -2948259.148393 	 108.700025 	 108.547879 	 296.718063
11:41:50.316 AM 9/20/2023 	 4.020988 	 297.647000 	 44.546000 	 -2948247.791756 	 4.037849 	 297.647000 	 44.546000 	 -2948247.791756 	 108.705981 	 108.549368 	 296.717015
11:42:00.317 AM 9/20/2023 	 4.011934 	 297.647000 	 44.546000 	 -2948236.435410 	 4.042941 	 297.647000 	 44.546000 	 -2948236.435410 	 108.708959 	 108.549666 	 296.715967
11:42:10.817 AM 9/20/2023 	 4.015714 	 297.647000 	 44.546000 	 -2948218.369099 	 4.034894 	 297.647000 	 44.546000 	 -2948218.369099 	 108.718013 	 108.550798 	 296.714300
11:42:21.317 AM 9/20/2023 	 4.010510 	 297.647000 	 44.546000 	 -2948196.690502 	 4.032649 	 297.647000 	 44.546000 	 -2948196.690502 	 108.729567 	 108.551929 	 296.712300
11:42:31.317 AM 9/20/2023 	 4.013131 	 297.647000 	 44.546000 	 -2948177.593572 	 4.039093 	 297.647000 	 44.546000 	 -2948177.593572 	 108.734868 	 108.551512 	 296.710538
11:42:41.317 AM 9/20/2023 	 4.022459 	 297.647000 	 44.546000 	 -2948155.142833 	 4.035534 	 297.647000 	 44.546000 	 -2948155.142833 	 108.738918 	 108.552942 	 296.708467
11:42:51.817 AM 9/20/2023 	 4.017141 	 297.647000 	 44.546000 	 -2948137.079849 	 4.038164 	 297.647000 	 44.546000 	 -2948137.079849 	 108.742849 	 108.554491 	 296.706800
11:43:01.817 AM 9/20/2023 	 4.017652 	 297.647000 	 44.546000 	 -2948112.566980 	 4.030006 	 297.647000 	 44.546000 	 -2948112.566980 	 108.739454 	 108.554371 	 296.704539
11:43:11.817 AM 9/20/2023 	 4.018382 	 297.647000 	 44.546000 	 -2948082.895328 	 4.029370 	 297.647000 	 44.546000 	 -2948082.895328 	 108.733915 	 108.554610 	 296.701801
11:43:21.818 AM 9/20/2023 	 4.020612 	 297.647000 	 44.546000 	 -2948062.255355 	 4.036774 	 297.647000 	 44.546000 	 -2948062.255355 	 108.730877 	 108.555384 	 296.699896
11:43:31.843 AM 9/20/2023 	 4.014083 	 297.647000 	 44.546000 	 -2948029.749354 	 4.041881 	 297.647000 	 44.546000 	 -2948029.749354 	 108.730758 	 108.556099 	 296.696897
11:43:41.868 AM 9/20/2023 	 3.998243 	 297.647000 	 44.546000 	 -2948004.210602 	 4.048147 	 297.647000 	 44.546000 	 -2948004.210602 	 108.730580 	 108.556099 	 296.694541
11:43:51.892 AM 9/20/2023 	 4.012054 	 297.647000 	 44.546000 	 -2947975.578000 	 4.038083 	 297.647000 	 44.546000 	 -2947975.578000 	 108.726708 	 108.555861 	 296.691899
11:44:01.917 AM 9/20/2023 	 4.012880 	 297.647000 	 44.546000 	 -2947943.852150 	 4.036080 	 297.647000 	 44.546000 	 -2947943.852150 	 108.726589 	 108.556039 	 296.688971
11:44:11.942 AM 9/20/2023 	 4.012769 	 297.647000 	 44.546000 	 -2947919.350004 	 4.044859 	 297.647000 	 44.546000 	 -2947919.350004 	 108.725279 	 108.556158 	 296.686710
11:44:21.967 AM 9/20/2023 	 4.015145 	 297.647000 	 44.546000 	 -2947893.559739 	 4.039414 	 297.647000 	 44.546000 	 -2947893.559739 	 108.725041 	 108.555801 	 296.684331
11:44:31.991 AM 9/20/2023 	 4.017953 	 297.647000 	 44.546000 	 -2947866.997340 	 4.039858 	 297.647000 	 44.546000 	 -2947866.997340 	 108.728912 	 108.556218 	 296.681880
11:44:42.016 AM 9/20/2023 	 4.010244 	 297.647000 	 44.546000 	 -2947844.820250 	 4.035011 	 297.647000 	 44.546000 	 -2947844.820250 	 108.734094 	 108.556158 	 296.679833
11:44:52.041 AM 9/20/2023 	 4.020378 	 297.647000 	 44.546000 	 -2947821.612859 	 4.042547 	 297.647000 	 44.546000 	 -2947821.612859 	 108.739514 	 108.555682 	 296.677692
11:45:02.065 AM 9/20/2023 	 4.011324 	 297.647000 	 44.546000 	 -2947793.507762 	 4.041288 	 297.647000 	 44.546000 	 -2947793.507762 	 108.739811 	 108.555503 	 296.675098
11:45:12.091 AM 9/20/2023 	 4.014112 	 297.647000 	 44.546000 	 -2947767.209199 	 4.040772 	 297.647000 	 44.546000 	 -2947767.209199 	 108.733260 	 108.554431 	 296.672671
11:45:22.115 AM 9/20/2023 	 4.019669 	 297.647000 	 44.546000 	 -2947732.146881 	 4.032745 	 297.647000 	 44.546000 	 -2947732.146881 	 108.725517 	 108.554074 	 296.669436
11:45:32.140 AM 9/20/2023 	 4.009783 	 297.647000 	 44.546000 	 -2947703.016336 	 4.034062 	 297.647000 	 44.546000 	 -2947703.016336 	 108.717476 	 108.565212 	 296.666747
11:45:42.165 AM 9/20/2023 	 4.013464 	 297.647000 	 44.546000 	 -2947666.928058 	 4.033656 	 297.647000 	 44.546000 	 -2947666.928058 	 108.708721 	 108.570812 	 296.663417
11:45:52.189 AM 9/20/2023 	 4.007539 	 297.647000 	 44.546000 	 -2947630.069500 	 4.039437 	 297.647000 	 44.546000 	 -2947630.069500 	 108.698119 	 108.572956 	 296.660015
11:46:02.215 AM 9/20/2023 	 4.012612 	 297.647000 	 44.546000 	 -2947597.595276 	 4.023782 	 297.647000 	 44.546000 	 -2947597.595276 	 108.688471 	 108.579627 	 296.657018
11:46:12.240 AM 9/20/2023 	 4.009150 	 297.647000 	 44.546000 	 -2947552.753840 	 4.037008 	 297.647000 	 44.546000 	 -2947552.753840 	 108.679894 	 108.602858 	 296.652880
11:46:22.264 AM 9/20/2023 	 4.006459 	 297.647000 	 44.546000 	 -2947512.812712 	 4.044342 	 297.647000 	 44.546000 	 -2947512.812712 	 108.672151 	 108.612865 	 296.649194
11:46:32.289 AM 9/20/2023 	 4.007752 	 297.647000 	 44.546000 	 -2947464.115185 	 4.043093 	 297.647000 	 44.546000 	 -2947464.115185 	 108.663753 	 108.613699 	 296.644699
11:46:42.314 AM 9/20/2023 	 4.011211 	 297.647000 	 44.546000 	 -2947425.727792 	 4.043145 	 297.647000 	 44.546000 	 -2947425.727792 	 108.656249 	 108.614235 	 296.641156
11:46:52.339 AM 9/20/2023 	 4.020734 	 297.647000 	 44.546000 	 -2947377.555040 	 4.039423 	 297.647000 	 44.546000 	 -2947377.555040 	 108.649102 	 108.615486 	 296.636710
11:47:02.363 AM 9/20/2023 	 4.016216 	 297.647000 	 44.546000 	 -2947321.403052 	 4.034307 	 297.647000 	 44.546000 	 -2947321.403052 	 108.639334 	 108.612865 	 296.631527
11:47:12.389 AM 9/20/2023 	 4.021362 	 297.647000 	 44.546000 	 -2947266.288307 	 4.040862 	 297.647000 	 44.546000 	 -2947266.288307 	 108.631353 	 108.609410 	 296.626440
11:50:53.799 AM 9/20/2023 	 4.027891 	 297.647000 	 44.546000 	 -2946276.841078 	 4.039925 	 297.647000 	 44.546000 	 -2946276.841078 	 108.498415 	 108.567595 	 296.552495
11:51:04.299 AM 9/20/2023 	 4.012579 	 297.647000 	 44.546000 	 -2946255.249343 	 4.025887 	 297.647000 	 44.546000 	 -2946255.249343 	 108.494424 	 108.565332 	 296.550501
11:51:14.799 AM 9/20/2023 	 4.005791 	 297.647000 	 44.546000 	 -2946225.176891 	 4.038018 	 297.647000 	 44.546000 	 -2946225.176891 	 108.490910 	 108.566761 	 296.547724
11:51:25.299 AM 9/20/2023 	 4.012591 	 297.647000 	 44.546000 	 -2946186.882448 	 4.035376 	 297.647000 	 44.546000 	 -2946186.882448 	 108.487694 	 108.567059 	 296.544188
11:51:35.299 AM 9/20/2023 	 4.017448 	 297.647000 	 44.546000 	 -2946146.021555 	 4.042818 	 297.647000 	 44.546000 	 -2946146.021555 	 108.484895 	 108.567178 	 296.540415
12:26:11.665 PM 9/20/2023 	 4.012822 	 297.647000 	 44.546000 	 -2949016.310990 	 4.028190 	 297.647000 	 44.546000 	 -2949016.310990 	 108.515032 	 108.622514 	 296.797779
12:26:22.166 PM 9/20/2023 	 4.011508 	 297.647000 	 44.546000 	 -2949012.949106 	 4.022751 	 297.647000 	 44.546000 	 -2949012.949106 	 108.514853 	 108.622574 	 296.797469
12:26:32.666 PM 9/20/2023 	 4.015168 	 297.647000 	 44.546000 	 -2948999.243230 	 4.037799 	 297.647000 	 44.546000 	 -2948999.243230 	 108.514913 	 108.622217 	 296.796205
12:26:43.165 PM 9/20/2023 	 4.017964 	 297.647000 	 44.546000 	 -2948975.970078 	 4.035069 	 297.647000 	 44.546000 	 -2948975.970078 	 108.514377 	 108.621323 	 296.794059
12:26:53.165 PM 9/20/2023 	 4.012833 	 297.647000 	 44.546000 	 -2948945.716819 	 4.040535 	 297.647000 	 44.546000 	 -2948945.716819 	 108.514377 	 108.621025 	 296.791268
12:27:03.666 PM 9/20/2023 	 4.015116 	 297.647000 	 44.546000 	 -2948902.538416 	 4.046474 	 297.647000 	 44.546000 	 -2948902.538416 	 108.514675 	 108.620370 	 296.787286
12:27:14.167 PM 9/20/2023 	 4.024759 	 297.647000 	 44.546000 	 -2948861.173856 	 4.046681 	 297.647000 	 44.546000 	 -2948861.173856 	 108.515092 	 108.621263 	 296.783471
12:27:24.665 PM 9/20/2023 	 4.017127 	 297.647000 	 44.546000 	 -2948812.575460 	 4.039510 	 297.647000 	 44.546000 	 -2948812.575460 	 108.515628 	 108.621800 	 296.778989
12:27:34.666 PM 9/20/2023 	 4.015498 	 297.647000 	 44.546000 	 -2948767.342407 	 4.043128 	 297.647000 	 44.546000 	 -2948767.342407 	 108.515985 	 108.622812 	 296.774817
12:27:45.165 PM 9/20/2023 	 4.013677 	 297.647000 	 44.546000 	 -2948718.495924 	 4.034439 	 297.647000 	 44.546000 	 -2948718.495924 	 108.515866 	 108.623348 	 296.770311
12:27:55.165 PM 9/20/2023 	 4.023986 	 297.647000 	 44.546000 	 -2948666.554017 	 4.042144 	 297.647000 	 44.546000 	 -2948666.554017 	 108.516759 	 108.624242 	 296.765520
12:28:05.666 PM 9/20/2023 	 4.015676 	 297.647000 	 44.546000 	 -2948616.168464 	 4.035627 	 297.647000 	 44.546000 	 -2948616.168464 	 108.517355 	 108.624718 	 296.760872
12:28:16.166 PM 9/20/2023 	 4.021922 	 297.647000 	 44.546000 	 -2948568.372107 	 4.043014 	 297.647000 	 44.546000 	 -2948568.372107 	 108.519201 	 108.624957 	 296.756464
12:28:26.166 PM 9/20/2023 	 4.008251 	 297.647000 	 44.546000 	 -2948515.672942 	 4.035405 	 297.647000 	 44.546000 	 -2948515.672942 	 108.519916 	 108.626029 	 296.751602
12:28:36.665 PM 9/20/2023 	 4.005913 	 297.647000 	 44.546000 	 -2948469.178908 	 4.034363 	 297.647000 	 44.546000 	 -2948469.178908 	 108.520809 	 108.626982 	 296.747313
12:28:46.666 PM 9/20/2023 	 4.020016 	 297.647000 	 44.546000 	 -2948430.179360 	 4.040103 	 297.647000 	 44.546000 	 -2948430.179360 	 108.522596 	 108.627518 	 296.743716
12:28:57.166 PM 9/20/2023 	 4.006088 	 297.647000 	 44.546000 	 -2948386.793187 	 4.035431 	 297.647000 	 44.546000 	 -2948386.793187 	 108.523847 	 108.628530 	 296.739713
12:29:07.665 PM 9/20/2023 	 4.015256 	 297.647000 	 44.546000 	 -2948347.542707 	 4.035589 	 297.647000 	 44.546000 	 -2948347.542707 	 108.525634 	 108.629603 	 296.736092
12:29:18.165 PM 9/20/2023 	 4.009427 	 297.647000 	 44.546000 	 -2948314.234184 	 4.036398 	 297.647000 	 44.546000 	 -2948314.234184 	 108.527659 	 108.631330 	 296.733019
12:29:28.665 PM 9/20/2023 	 4.009185 	 297.647000 	 44.546000 	 -2948280.153647 	 4.037174 	 297.647000 	 44.546000 	 -2948280.153647 	 108.530935 	 108.633177 	 296.729875
12:29:38.666 PM 9/20/2023 	 4.013052 	 297.647000 	 44.546000 	 -2948251.238892 	 4.033414 	 297.647000 	 44.546000 	 -2948251.238892 	 108.535699 	 108.634368 	 296.727208
12:29:49.165 PM 9/20/2023 	 4.011748 	 297.647000 	 44.546000 	 -2948224.133029 	 4.036684 	 297.647000 	 44.546000 	 -2948224.133029 	 108.538141 	 108.635857 	 296.724707
12:29:59.166 PM 9/20/2023 	 4.009950 	 297.647000 	 44.546000 	 -2948200.642629 	 4.036231 	 297.647000 	 44.546000 	 -2948200.642629 	 108.541953 	 108.637108 	 296.722540
12:30:09.666 PM 9/20/2023 	 4.015165 	 297.647000 	 44.546000 	 -2948180.250877 	 4.032833 	 297.647000 	 44.546000 	 -2948180.250877 	 108.543263 	 108.637644 	 296.720658
12:30:19.666 PM 9/20/2023 	 4.019354 	 297.647000 	 44.546000 	 -2948161.408704 	 4.039531 	 297.647000 	 44.546000 	 -2948161.408704 	 108.546182 	 108.638537 	 296.718920
12:30:29.666 PM 9/20/2023 	 4.007907 	 297.647000 	 44.546000 	 -2948141.018765 	 4.033735 	 297.647000 	 44.546000 	 -2948141.018765 	 108.548505 	 108.639848 	 296.717039
12:30:40.166 PM 9/20/2023 	 4.000262 	 297.647000 	 44.546000 	 -2948128.114227 	 4.035630 	 297.647000 	 44.546000 	 -2948128.114227 	 108.548564 	 108.640384 	 296.715848
12:30:50.166 PM 9/20/2023 	 4.022868 	 297.647000 	 44.546000 	 -2948108.758128 	 4.034360 	 297.647000 	 44.546000 	 -2948108.758128 	 108.548445 	 108.640563 	 296.714062
12:31:00.666 PM 9/20/2023 	 4.011359 	 297.647000 	 44.546000 	 -2948092.757726 	 4.040614 	 297.647000 	 44.546000 	 -2948092.757726 	 108.549160 	 108.641039 	 296.712586
12:31:10.667 PM 9/20/2023 	 4.016963 	 297.647000 	 44.546000 	 -2948077.274019 	 4.041046 	 297.647000 	 44.546000 	 -2948077.274019 	 108.550530 	 108.642469 	 296.711157
12:31:21.167 PM 9/20/2023 	 4.016161 	 297.647000 	 44.546000 	 -2948061.790855 	 4.032004 	 297.647000 	 44.546000 	 -2948061.790855 	 108.552317 	 108.644017 	 296.709729
12:31:31.667 PM 9/20/2023 	 4.012965 	 297.647000 	 44.546000 	 -2948049.920797 	 4.048126 	 297.647000 	 44.546000 	 -2948049.920797 	 108.554580 	 108.645090 	 296.708633
12:31:41.667 PM 9/20/2023 	 4.015052 	 297.647000 	 44.546000 	 -2948034.180560 	 4.024071 	 297.647000 	 44.546000 	 -2948034.180560 	 108.556426 	 108.646638 	 296.707181
12:31:51.667 PM 9/20/2023 	 4.003257 	 297.647000 	 44.546000 	 -2948022.311244 	 4.036605 	 297.647000 	 44.546000 	 -2948022.311244 	 108.556784 	 108.647651 	 296.706086
12:32:02.167 PM 9/20/2023 	 4.007297 	 297.647000 	 44.546000 	 -2948004.765884 	 4.036836 	 297.647000 	 44.546000 	 -2948004.765884 	 108.556784 	 108.647591 	 296.704467
12:32:12.168 PM 9/20/2023 	 4.000712 	 297.647000 	 44.546000 	 -2947991.865328 	 4.043248 	 297.647000 	 44.546000 	 -2947991.865328 	 108.557915 	 108.648366 	 296.703277
12:32:22.168 PM 9/20/2023 	 4.016394 	 297.647000 	 44.546000 	 -2947977.933151 	 4.031656 	 297.647000 	 44.546000 	 -2947977.933151 	 108.558690 	 108.648425 	 296.701991
12:32:32.668 PM 9/20/2023 	 4.023154 	 297.647000 	 44.546000 	 -2947962.969451 	 4.043834 	 297.647000 	 44.546000 	 -2947962.969451 	 108.559106 	 108.649319 	 296.700611
12:32:43.168 PM 9/20/2023 	 4.024397 	 297.647000 	 44.546000 	 -2947946.716351 	 4.039154 	 297.647000 	 44.546000 	 -2947946.716351 	 108.560119 	 108.649497 	 296.699111
12:32:53.168 PM 9/20/2023 	 4.011187 	 297.647000 	 44.546000 	 -2947925.562418 	 4.040065 	 297.647000 	 44.546000 	 -2947925.562418 	 108.559523 	 108.649259 	 296.697159
12:33:03.668 PM 9/20/2023 	 4.014447 	 297.647000 	 44.546000 	 -2947912.148254 	 4.033560 	 297.647000 	 44.546000 	 -2947912.148254 	 108.559821 	 108.650570 	 296.695921
12:33:14.168 PM 9/20/2023 	 4.023522 	 297.647000 	 44.546000 	 -2947896.928831 	 4.034713 	 297.647000 	 44.546000 	 -2947896.928831 	 108.559106 	 108.651344 	 296.694517
12:33:24.168 PM 9/20/2023 	 4.015685 	 297.647000 	 44.546000 	 -2947884.547314 	 4.038015 	 297.647000 	 44.546000 	 -2947884.547314 	 108.559523 	 108.651463 	 296.693374
12:33:34.169 PM 9/20/2023 	 4.018793 	 297.647000 	 44.546000 	 -2947869.844714 	 4.041826 	 297.647000 	 44.546000 	 -2947869.844714 	 108.561191 	 108.652297 	 296.692018
12:33:44.169 PM 9/20/2023 	 4.013446 	 297.647000 	 44.546000 	 -2947867.007426 	 4.027960 	 297.647000 	 44.546000 	 -2947867.007426 	 108.563693 	 108.653965 	 296.691756
12:33:54.669 PM 9/20/2023 	 4.016061 	 297.647000 	 44.546000 	 -2947862.364631 	 4.040357 	 297.647000 	 44.546000 	 -2947862.364631 	 108.565539 	 108.655633 	 296.691327
12:34:05.169 PM 9/20/2023 	 4.020991 	 297.647000 	 44.546000 	 -2947860.043252 	 4.036958 	 297.647000 	 44.546000 	 -2947860.043252 	 108.567624 	 108.656764 	 296.691113
12:34:15.669 PM 9/20/2023 	 4.017856 	 297.647000 	 44.546000 	 -2947856.948099 	 4.038488 	 297.647000 	 44.546000 	 -2947856.948099 	 108.569410 	 108.657301 	 296.690828
12:34:26.169 PM 9/20/2023 	 4.006365 	 297.647000 	 44.546000 	 -2947854.110894 	 4.044255 	 297.647000 	 44.546000 	 -2947854.110894 	 108.571018 	 108.658313 	 296.690566
12:34:36.170 PM 9/20/2023 	 4.011581 	 297.647000 	 44.546000 	 -2947855.658458 	 4.037277 	 297.647000 	 44.546000 	 -2947855.658458 	 108.572091 	 108.659266 	 296.690709
12:34:46.669 PM 9/20/2023 	 4.023093 	 297.647000 	 44.546000 	 -2947855.658458 	 4.047251 	 297.647000 	 44.546000 	 -2947855.658458 	 108.573401 	 108.660755 	 296.690709
12:34:56.669 PM 9/20/2023 	 4.013154 	 297.647000 	 44.546000 	 -2947861.848768 	 4.038935 	 297.647000 	 44.546000 	 -2947861.848768 	 108.573580 	 108.662066 	 296.691280
12:35:06.669 PM 9/20/2023 	 4.019044 	 297.647000 	 44.546000 	 -2947864.686023 	 4.033294 	 297.647000 	 44.546000 	 -2947864.686023 	 108.573520 	 108.662721 	 296.691542
12:35:16.669 PM 9/20/2023 	 4.010977 	 297.647000 	 44.546000 	 -2947867.523295 	 4.030795 	 297.647000 	 44.546000 	 -2947867.523295 	 108.575664 	 108.664031 	 296.691804
12:35:26.669 PM 9/20/2023 	 4.020819 	 297.647000 	 44.546000 	 -2947872.166144 	 4.031703 	 297.647000 	 44.546000 	 -2947872.166144 	 108.577630 	 108.665104 	 296.692232
12:35:36.669 PM 9/20/2023 	 4.016870 	 297.647000 	 44.546000 	 -2947871.650270 	 4.039037 	 297.647000 	 44.546000 	 -2947871.650270 	 108.576558 	 108.666057 	 296.692184
12:35:47.169 PM 9/20/2023 	 4.015352 	 297.647000 	 44.546000 	 -2947884.547314 	 4.029849 	 297.647000 	 44.546000 	 -2947884.547314 	 108.576081 	 108.667427 	 296.693374
12:35:57.169 PM 9/20/2023 	 4.004425 	 297.647000 	 44.546000 	 -2947889.964185 	 4.040334 	 297.647000 	 44.546000 	 -2947889.964185 	 108.576677 	 108.668916 	 296.693874
12:36:07.670 PM 9/20/2023 	 4.007440 	 297.647000 	 44.546000 	 -2947896.412928 	 4.036669 	 297.647000 	 44.546000 	 -2947896.412928 	 108.576379 	 108.669035 	 296.694469
12:36:18.169 PM 9/20/2023 	 4.014480 	 297.647000 	 44.546000 	 -2947906.473154 	 4.023548 	 297.647000 	 44.546000 	 -2947906.473154 	 108.576855 	 108.669869 	 296.695398
12:36:28.169 PM 9/20/2023 	 4.022626 	 297.647000 	 44.546000 	 -2947914.727870 	 4.037139 	 297.647000 	 44.546000 	 -2947914.727870 	 108.577749 	 108.671001 	 296.696159
12:36:38.669 PM 9/20/2023 	 4.007723 	 297.647000 	 44.546000 	 -2947915.243795 	 4.042173 	 297.647000 	 44.546000 	 -2947915.243795 	 108.577689 	 108.670941 	 296.696207
12:36:48.669 PM 9/20/2023 	 4.016304 	 297.647000 	 44.546000 	 -2947918.339356 	 4.033633 	 297.647000 	 44.546000 	 -2947918.339356 	 108.576558 	 108.671537 	 296.696492
12:36:58.669 PM 9/20/2023 	 4.018002 	 297.647000 	 44.546000 	 -2947926.594294 	 4.038237 	 297.647000 	 44.546000 	 -2947926.594294 	 108.576319 	 108.672013 	 296.697254
12:37:09.169 PM 9/20/2023 	 4.010901 	 297.647000 	 44.546000 	 -2947926.594294 	 4.041601 	 297.647000 	 44.546000 	 -2947926.594294 	 108.574235 	 108.672311 	 296.697254
12:37:19.169 PM 9/20/2023 	 4.022307 	 297.647000 	 44.546000 	 -2947932.527626 	 4.042620 	 297.647000 	 44.546000 	 -2947932.527626 	 108.574175 	 108.672728 	 296.697802
12:37:29.169 PM 9/20/2023 	 4.014906 	 297.647000 	 44.546000 	 -2947930.463849 	 4.034620 	 297.647000 	 44.546000 	 -2947930.463849 	 108.573103 	 108.672609 	 296.697611
12:37:39.669 PM 9/20/2023 	 4.017932 	 297.647000 	 44.546000 	 -2947925.046481 	 4.037899 	 297.647000 	 44.546000 	 -2947925.046481 	 108.571495 	 108.672073 	 296.697111
12:37:50.169 PM 9/20/2023 	 4.009582 	 297.647000 	 44.546000 	 -2947918.081392 	 4.037382 	 297.647000 	 44.546000 	 -2947918.081392 	 108.570304 	 108.672609 	 296.696469
12:38:00.169 PM 9/20/2023 	 4.008379 	 297.647000 	 44.546000 	 -2947912.922137 	 4.037989 	 297.647000 	 44.546000 	 -2947912.922137 	 108.568636 	 108.672311 	 296.695993
12:38:10.170 PM 9/20/2023 	 4.013400 	 297.647000 	 44.546000 	 -2947906.473154 	 4.038553 	 297.647000 	 44.546000 	 -2947906.473154 	 108.566135 	 108.671775 	 296.695398
12:38:20.670 PM 9/20/2023 	 4.014030 	 297.647000 	 44.546000 	 -2947890.738029 	 4.029536 	 297.647000 	 44.546000 	 -2947890.738029 	 108.564586 	 108.671835 	 296.693946
12:38:31.169 PM 9/20/2023 	 4.011823 	 297.647000 	 44.546000 	 -2947879.388451 	 4.046086 	 297.647000 	 44.546000 	 -2947879.388451 	 108.563693 	 108.671179 	 296.692898
12:38:41.669 PM 9/20/2023 	 4.012241 	 297.647000 	 44.546000 	 -2947862.106700 	 4.033198 	 297.647000 	 44.546000 	 -2947862.106700 	 108.562978 	 108.671239 	 296.691304
12:38:51.669 PM 9/20/2023 	 4.018735 	 297.647000 	 44.546000 	 -2947847.404846 	 4.044596 	 297.647000 	 44.546000 	 -2947847.404846 	 108.562084 	 108.671060 	 296.689947
12:39:02.169 PM 9/20/2023 	 4.005998 	 297.647000 	 44.546000 	 -2947830.640172 	 4.037452 	 297.647000 	 44.546000 	 -2947830.640172 	 108.561429 	 108.671835 	 296.688400
12:39:12.169 PM 9/20/2023 	 4.012638 	 297.647000 	 44.546000 	 -2947818.002607 	 4.030509 	 297.647000 	 44.546000 	 -2947818.002607 	 108.560774 	 108.671835 	 296.687234
12:39:22.170 PM 9/20/2023 	 4.028489 	 297.647000 	 44.546000 	 -2947807.428596 	 4.032150 	 297.647000 	 44.546000 	 -2947807.428596 	 108.559881 	 108.671239 	 296.686258
12:39:32.669 PM 9/20/2023 	 4.020188 	 297.647000 	 44.546000 	 -2947795.565373 	 4.034208 	 297.647000 	 44.546000 	 -2947795.565373 	 108.560059 	 108.671298 	 296.685163
12:39:42.669 PM 9/20/2023 	 4.008304 	 297.647000 	 44.546000 	 -2947782.928811 	 4.030915 	 297.647000 	 44.546000 	 -2947782.928811 	 108.560119 	 108.671298 	 296.683997
12:39:52.669 PM 9/20/2023 	 4.010493 	 297.647000 	 44.546000 	 -2947772.613519 	 4.034947 	 297.647000 	 44.546000 	 -2947772.613519 	 108.560595 	 108.671418 	 296.683046
12:40:03.169 PM 9/20/2023 	 4.012614 	 297.647000 	 44.546000 	 -2947758.946128 	 4.040591 	 297.647000 	 44.546000 	 -2947758.946128 	 108.559821 	 108.671537 	 296.681784
12:40:13.169 PM 9/20/2023 	 4.027538 	 297.647000 	 44.546000 	 -2947746.826342 	 4.042024 	 297.647000 	 44.546000 	 -2947746.826342 	 108.559404 	 108.671298 	 296.680666
12:40:23.669 PM 9/20/2023 	 4.010402 	 297.647000 	 44.546000 	 -2947737.285468 	 4.026290 	 297.647000 	 44.546000 	 -2947737.285468 	 108.559881 	 108.671418 	 296.679785
12:40:34.169 PM 9/20/2023 	 4.010218 	 297.647000 	 44.546000 	 -2947722.072068 	 4.040433 	 297.647000 	 44.546000 	 -2947722.072068 	 108.560655 	 108.672013 	 296.678382
12:40:46.169 PM 9/20/2023 	 4.021636 	 297.647000 	 44.546000 	 -2947709.179766 	 4.035554 	 297.647000 	 44.546000 	 -2947709.179766 	 108.560595 	 108.671954 	 296.677192
12:40:58.669 PM 9/20/2023 	 4.017147 	 297.647000 	 44.546000 	 -2947694.225167 	 4.033554 	 297.647000 	 44.546000 	 -2947694.225167 	 108.560536 	 108.672251 	 296.675812
12:41:09.669 PM 9/20/2023 	 4.015635 	 297.647000 	 44.546000 	 -2947691.389007 	 4.038415 	 297.647000 	 44.546000 	 -2947691.389007 	 108.561012 	 108.672609 	 296.675550
12:41:22.169 PM 9/20/2023 	 4.009938 	 297.647000 	 44.546000 	 -2947684.427601 	 4.039160 	 297.647000 	 44.546000 	 -2947684.427601 	 108.560893 	 108.672549 	 296.674908
12:41:34.669 PM 9/20/2023 	 4.021371 	 297.647000 	 44.546000 	 -2947682.107156 	 4.037589 	 297.647000 	 44.546000 	 -2947682.107156 	 108.560357 	 108.673205 	 296.674694
12:41:47.669 PM 9/20/2023 	 4.013735 	 297.647000 	 44.546000 	 -2947677.981952 	 4.033046 	 297.647000 	 44.546000 	 -2947677.981952 	 108.560715 	 108.673264 	 296.674313
12:41:58.169 PM 9/20/2023 	 4.013073 	 297.647000 	 44.546000 	 -2947680.560200 	 4.030258 	 297.647000 	 44.546000 	 -2947680.560200 	 108.560000 	 108.674098 	 296.674551
12:42:13.170 PM 9/20/2023 	 4.014532 	 297.647000 	 44.546000 	 -2947677.724128 	 4.030333 	 297.647000 	 44.546000 	 -2947677.724128 	 108.560476 	 108.674634 	 296.674289
12:42:23.170 PM 9/20/2023 	 4.025874 	 297.647000 	 44.546000 	 -2947676.692834 	 4.044845 	 297.647000 	 44.546000 	 -2947676.692834 	 108.560953 	 108.674753 	 296.674194
12:42:33.669 PM 9/20/2023 	 4.005204 	 297.647000 	 44.546000 	 -2947677.208481 	 4.036588 	 297.647000 	 44.546000 	 -2947677.208481 	 108.561251 	 108.675111 	 296.674241
12:42:43.669 PM 9/20/2023 	 4.011987 	 297.647000 	 44.546000 	 -2947676.435010 	 4.037464 	 297.647000 	 44.546000 	 -2947676.435010 	 108.561548 	 108.675528 	 296.674170
12:42:54.169 PM 9/20/2023 	 4.016537 	 297.647000 	 44.546000 	 -2947675.661542 	 4.050751 	 297.647000 	 44.546000 	 -2947675.661542 	 108.560179 	 108.676838 	 296.674099
12:43:04.169 PM 9/20/2023 	 4.019260 	 297.647000 	 44.546000 	 -2947673.856786 	 4.042684 	 297.647000 	 44.546000 	 -2947673.856786 	 108.560774 	 108.677076 	 296.673932
12:43:14.669 PM 9/20/2023 	 4.012512 	 297.647000 	 44.546000 	 -2947677.981952 	 4.049578 	 297.647000 	 44.546000 	 -2947677.981952 	 108.575247 	 108.677791 	 296.674313
12:43:24.669 PM 9/20/2023 	 4.014380 	 297.647000 	 44.546000 	 -2947684.685429 	 4.034126 	 297.647000 	 44.546000 	 -2947684.685429 	 108.591150 	 108.678744 	 296.674931
12:43:34.669 PM 9/20/2023 	 4.011435 	 297.647000 	 44.546000 	 -2947688.552865 	 4.039288 	 297.647000 	 44.546000 	 -2947688.552865 	 108.612830 	 108.680710 	 296.675288
12:43:45.169 PM 9/20/2023 	 4.019371 	 297.647000 	 44.546000 	 -2947702.475918 	 4.029764 	 297.647000 	 44.546000 	 -2947702.475918 	 108.657142 	 108.681961 	 296.676573
12:43:56.170 PM 9/20/2023 	 4.014179 	 297.647000 	 44.546000 	 -2947717.172949 	 4.040742 	 297.647000 	 44.546000 	 -2947717.172949 	 108.712533 	 108.685058 	 296.677929
12:44:06.669 PM 9/20/2023 	 4.013321 	 297.647000 	 44.546000 	 -2947734.964746 	 4.044345 	 297.647000 	 44.546000 	 -2947734.964746 	 108.727125 	 108.686309 	 296.679571
12:44:16.669 PM 9/20/2023 	 4.007311 	 297.647000 	 44.546000 	 -2947755.335944 	 4.036710 	 297.647000 	 44.546000 	 -2947755.335944 	 108.731950 	 108.688215 	 296.681451
12:44:26.670 PM 9/20/2023 	 4.010910 	 297.647000 	 44.546000 	 -2947773.645038 	 4.029811 	 297.647000 	 44.546000 	 -2947773.645038 	 108.731950 	 108.689168 	 296.683141
12:44:37.169 PM 9/20/2023 	 4.008557 	 297.647000 	 44.546000 	 -2947794.791695 	 4.032418 	 297.647000 	 44.546000 	 -2947794.791695 	 108.728852 	 108.689883 	 296.685092
12:44:47.669 PM 9/20/2023 	 4.010723 	 297.647000 	 44.546000 	 -2947816.455175 	 4.026567 	 297.647000 	 44.546000 	 -2947816.455175 	 108.724505 	 108.690062 	 296.687091
12:44:58.169 PM 9/20/2023 	 4.020559 	 297.647000 	 44.546000 	 -2947830.898085 	 4.027697 	 297.647000 	 44.546000 	 -2947830.898085 	 108.720693 	 108.690300 	 296.688424
12:45:08.169 PM 9/20/2023 	 4.015717 	 297.647000 	 44.546000 	 -2947848.694463 	 4.032298 	 297.647000 	 44.546000 	 -2947848.694463 	 108.720752 	 108.691610 	 296.690066
12:45:18.670 PM 9/20/2023 	 4.019135 	 297.647000 	 44.546000 	 -2947873.197895 	 4.041218 	 297.647000 	 44.546000 	 -2947873.197895 	 108.717536 	 108.692385 	 296.692327
12:45:29.170 PM 9/20/2023 	 4.009763 	 297.647000 	 44.546000 	 -2947888.932395 	 4.037551 	 297.647000 	 44.546000 	 -2947888.932395 	 108.712354 	 108.693040 	 296.693779
12:45:39.669 PM 9/20/2023 	 4.013064 	 297.647000 	 44.546000 	 -2947903.119720 	 4.030027 	 297.647000 	 44.546000 	 -2947903.119720 	 108.705386 	 108.692742 	 296.695088
12:45:50.169 PM 9/20/2023 	 4.016464 	 297.647000 	 44.546000 	 -2947911.632333 	 4.042667 	 297.647000 	 44.546000 	 -2947911.632333 	 108.697524 	 108.692504 	 296.695874
12:46:00.669 PM 9/20/2023 	 4.012737 	 297.647000 	 44.546000 	 -2947913.438060 	 4.032439 	 297.647000 	 44.546000 	 -2947913.438060 	 108.689483 	 108.692742 	 296.696040
12:46:10.669 PM 9/20/2023 	 4.012054 	 297.647000 	 44.546000 	 -2947915.243795 	 4.035142 	 297.647000 	 44.546000 	 -2947915.243795 	 108.682813 	 108.693516 	 296.696207
12:46:21.170 PM 9/20/2023 	 3.998170 	 297.647000 	 44.546000 	 -2947920.403076 	 4.030693 	 297.647000 	 44.546000 	 -2947920.403076 	 108.675844 	 108.693516 	 296.696683
12:46:31.669 PM 9/20/2023 	 4.018452 	 297.647000 	 44.546000 	 -2947919.371215 	 4.038769 	 297.647000 	 44.546000 	 -2947919.371215 	 108.667982 	 108.693516 	 296.696588
12:46:42.169 PM 9/20/2023 	 4.008951 	 297.647000 	 44.546000 	 -2947918.855285 	 4.030634 	 297.647000 	 44.546000 	 -2947918.855285 	 108.660358 	 108.692921 	 296.696540
12:46:52.170 PM 9/20/2023 	 4.006164 	 297.647000 	 44.546000 	 -2947918.597321 	 4.036147 	 297.647000 	 44.546000 	 -2947918.597321 	 108.652377 	 108.692087 	 296.696516
12:47:02.170 PM 9/20/2023 	 4.012865 	 297.647000 	 44.546000 	 -2947905.699282 	 4.030450 	 297.647000 	 44.546000 	 -2947905.699282 	 108.644992 	 108.691849 	 296.695326
12:47:12.669 PM 9/20/2023 	 4.011815 	 297.647000 	 44.546000 	 -2947899.508357 	 4.034494 	 297.647000 	 44.546000 	 -2947899.508357 	 108.637130 	 108.691312 	 296.694755
12:47:22.670 PM 9/20/2023 	 4.020133 	 297.647000 	 44.546000 	 -2947887.900607 	 4.042935 	 297.647000 	 44.546000 	 -2947887.900607 	 108.631472 	 108.691134 	 296.693684
12:47:33.170 PM 9/20/2023 	 4.023980 	 297.647000 	 44.546000 	 -2947870.102650 	 4.039674 	 297.647000 	 44.546000 	 -2947870.102650 	 108.625158 	 108.690776 	 296.692042
12:47:45.169 PM 9/20/2023 	 4.017652 	 297.647000 	 44.546000 	 -2947860.043252 	 4.033344 	 297.647000 	 44.546000 	 -2947860.043252 	 108.618786 	 108.690359 	 296.691113
12:47:55.170 PM 9/20/2023 	 4.015562 	 297.647000 	 44.546000 	 -2947846.631078 	 4.034558 	 297.647000 	 44.546000 	 -2947846.631078 	 108.614319 	 108.689942 	 296.689876
12:48:05.170 PM 9/20/2023 	 4.000125 	 297.647000 	 44.546000 	 -2947832.703482 	 4.044994 	 297.647000 	 44.546000 	 -2947832.703482 	 108.609732 	 108.690598 	 296.688590
12:48:15.670 PM 9/20/2023 	 4.015273 	 297.647000 	 44.546000 	 -2947816.713080 	 4.047726 	 297.647000 	 44.546000 	 -2947816.713080 	 108.605325 	 108.691015 	 296.687115
12:48:26.670 PM 9/20/2023 	 4.012191 	 297.647000 	 44.546000 	 -2947810.523402 	 4.033685 	 297.647000 	 44.546000 	 -2947810.523402 	 108.601692 	 108.691491 	 296.686544
12:48:37.170 PM 9/20/2023 	 4.012366 	 297.647000 	 44.546000 	 -2947802.270634 	 4.039283 	 297.647000 	 44.546000 	 -2947802.270634 	 108.598237 	 108.692325 	 296.685782
12:48:47.171 PM 9/20/2023 	 4.012518 	 297.647000 	 44.546000 	 -2947798.660096 	 4.028091 	 297.647000 	 44.546000 	 -2947798.660096 	 108.595200 	 108.693457 	 296.685449
12:48:57.671 PM 9/20/2023 	 4.017547 	 297.647000 	 44.546000 	 -2947796.596945 	 4.039227 	 297.647000 	 44.546000 	 -2947796.596945 	 108.592043 	 108.693993 	 296.685259
12:49:08.171 PM 9/20/2023 	 4.024187 	 297.647000 	 44.546000 	 -2947791.181219 	 4.025577 	 297.647000 	 44.546000 	 -2947791.181219 	 108.588589 	 108.694172 	 296.684759
12:49:18.670 PM 9/20/2023 	 4.013735 	 297.647000 	 44.546000 	 -2947779.834199 	 4.034494 	 297.647000 	 44.546000 	 -2947779.834199 	 108.583586 	 108.693397 	 296.683712
12:49:28.671 PM 9/20/2023 	 4.015265 	 297.647000 	 44.546000 	 -2947766.682335 	 4.027203 	 297.647000 	 44.546000 	 -2947766.682335 	 108.580012 	 108.692921 	 296.682498
12:49:38.671 PM 9/20/2023 	 4.013700 	 297.647000 	 44.546000 	 -2947752.499392 	 4.051908 	 297.647000 	 44.546000 	 -2947752.499392 	 108.576558 	 108.692027 	 296.681189
12:49:49.171 PM 9/20/2023 	 4.016292 	 297.647000 	 44.546000 	 -2947741.411226 	 4.025057 	 297.647000 	 44.546000 	 -2947741.411226 	 108.573639 	 108.691015 	 296.680166
12:49:59.670 PM 9/20/2023 	 4.014243 	 297.647000 	 44.546000 	 -2947726.971241 	 4.037861 	 297.647000 	 44.546000 	 -2947726.971241 	 108.570065 	 108.689466 	 296.678834
12:50:09.670 PM 9/20/2023 	 4.003336 	 297.647000 	 44.546000 	 -2947708.148398 	 4.034348 	 297.647000 	 44.546000 	 -2947708.148398 	 108.567921 	 108.688751 	 296.677097
12:50:20.171 PM 9/20/2023 	 4.017859 	 297.647000 	 44.546000 	 -2947685.201085 	 4.041758 	 297.647000 	 44.546000 	 -2947685.201085 	 108.565003 	 108.688155 	 296.674979
12:50:30.171 PM 9/20/2023 	 4.011324 	 297.647000 	 44.546000 	 -2947666.380021 	 4.042754 	 297.647000 	 44.546000 	 -2947666.380021 	 108.562442 	 108.687500 	 296.673242
12:50:40.671 PM 9/20/2023 	 4.009506 	 297.647000 	 44.546000 	 -2947641.372450 	 4.024941 	 297.647000 	 44.546000 	 -2947641.372450 	 108.559166 	 108.686369 	 296.670934
12:50:50.671 PM 9/20/2023 	 4.009351 	 297.647000 	 44.546000 	 -2947621.264296 	 4.037831 	 297.647000 	 44.546000 	 -2947621.264296 	 108.556605 	 108.686130 	 296.669079
12:51:00.671 PM 9/20/2023 	 4.011196 	 297.647000 	 44.546000 	 -2947596.774831 	 4.039066 	 297.647000 	 44.546000 	 -2947596.774831 	 108.554342 	 108.684462 	 296.666819
12:51:10.671 PM 9/20/2023 	 4.015574 	 297.647000 	 44.546000 	 -2947573.060011 	 4.038731 	 297.647000 	 44.546000 	 -2947573.060011 	 108.552376 	 108.684045 	 296.664630
12:51:21.171 PM 9/20/2023 	 4.003321 	 297.647000 	 44.546000 	 -2947549.346463 	 4.041516 	 297.647000 	 44.546000 	 -2947549.346463 	 108.550649 	 108.683033 	 296.662442
12:51:31.672 PM 9/20/2023 	 4.013043 	 297.647000 	 44.546000 	 -2947517.902198 	 4.040085 	 297.647000 	 44.546000 	 -2947517.902198 	 108.548564 	 108.682616 	 296.659540
12:51:42.171 PM 9/20/2023 	 4.015367 	 297.647000 	 44.546000 	 -2947486.202457 	 4.036482 	 297.647000 	 44.546000 	 -2947486.202457 	 108.546361 	 108.681365 	 296.656614
12:51:52.671 PM 9/20/2023 	 4.013382 	 297.647000 	 44.546000 	 -2947450.124217 	 4.031139 	 297.647000 	 44.546000 	 -2947450.124217 	 108.543859 	 108.679578 	 296.653284
12:52:02.672 PM 9/20/2023 	 4.011117 	 297.647000 	 44.546000 	 -2947416.367958 	 4.026643 	 297.647000 	 44.546000 	 -2947416.367958 	 108.542251 	 108.677672 	 296.650169
12:52:13.172 PM 9/20/2023 	 4.024193 	 297.647000 	 44.546000 	 -2947378.491865 	 4.043995 	 297.647000 	 44.546000 	 -2947378.491865 	 108.539869 	 108.676540 	 296.646673
12:52:23.172 PM 9/20/2023 	 4.014427 	 297.647000 	 44.546000 	 -2947340.876643 	 4.043989 	 297.647000 	 44.546000 	 -2947340.876643 	 108.538141 	 108.675528 	 296.643201
12:52:33.671 PM 9/20/2023 	 4.008067 	 297.647000 	 44.546000 	 -2947296.051722 	 4.025703 	 297.647000 	 44.546000 	 -2947296.051722 	 108.536295 	 108.673860 	 296.639064
12:52:43.671 PM 9/20/2023 	 4.018034 	 297.647000 	 44.546000 	 -2947253.291949 	 4.029256 	 297.647000 	 44.546000 	 -2947253.291949 	 108.534985 	 108.673145 	 296.635117
12:52:53.671 PM 9/20/2023 	 4.012404 	 297.647000 	 44.546000 	 -2947212.339175 	 4.030850 	 297.647000 	 44.546000 	 -2947212.339175 	 108.533793 	 108.671537 	 296.631337
12:53:04.172 PM 9/20/2023 	 4.016228 	 297.647000 	 44.546000 	 -2947174.223017 	 4.041300 	 297.647000 	 44.546000 	 -2947174.223017 	 108.531709 	 108.671060 	 296.627819
12:53:14.671 PM 9/20/2023 	 4.012898 	 297.647000 	 44.546000 	 -2947142.032875 	 4.033764 	 297.647000 	 44.546000 	 -2947142.032875 	 108.530518 	 108.670524 	 296.624848
12:53:25.172 PM 9/20/2023 	 4.009386 	 297.647000 	 44.546000 	 -2947105.467713 	 4.031329 	 297.647000 	 44.546000 	 -2947105.467713 	 108.529565 	 108.670345 	 296.621472
12:53:35.671 PM 9/20/2023 	 4.009573 	 297.647000 	 44.546000 	 -2947064.528617 	 4.031609 	 297.647000 	 44.546000 	 -2947064.528617 	 108.528433 	 108.669214 	 296.617693
12:53:45.672 PM 9/20/2023 	 4.022112 	 297.647000 	 44.546000 	 -2947033.891142 	 4.035198 	 297.647000 	 44.546000 	 -2947033.891142 	 108.526706 	 108.668141 	 296.614865
12:53:56.672 PM 9/20/2023 	 4.016321 	 297.647000 	 44.546000 	 -2946994.503219 	 4.034526 	 297.647000 	 44.546000 	 -2946994.503219 	 108.525515 	 108.667010 	 296.611229
12:54:06.672 PM 9/20/2023 	 4.008569 	 297.647000 	 44.546000 	 -2946957.950243 	 4.038707 	 297.647000 	 44.546000 	 -2946957.950243 	 108.524085 	 108.665461 	 296.607855
12:54:17.172 PM 9/20/2023 	 4.013233 	 297.647000 	 44.546000 	 -2946911.877199 	 4.036211 	 297.647000 	 44.546000 	 -2946911.877199 	 108.521762 	 108.663615 	 296.603602
12:54:27.172 PM 9/20/2023 	 4.009211 	 297.647000 	 44.546000 	 -2946869.154527 	 4.033125 	 297.647000 	 44.546000 	 -2946869.154527 	 108.520273 	 108.661887 	 296.599658
12:54:38.172 PM 9/20/2023 	 4.016905 	 297.647000 	 44.546000 	 -2946823.605374 	 4.037236 	 297.647000 	 44.546000 	 -2946823.605374 	 108.518308 	 108.660696 	 296.595453
12:54:48.672 PM 9/20/2023 	 4.012308 	 297.647000 	 44.546000 	 -2946777.546306 	 4.020214 	 297.647000 	 44.546000 	 -2946777.546306 	 108.517057 	 108.659385 	 296.591200
12:54:58.672 PM 9/20/2023 	 4.011923 	 297.647000 	 44.546000 	 -2946735.093865 	 4.039542 	 297.647000 	 44.546000 	 -2946735.093865 	 108.516223 	 108.659445 	 296.587281
12:55:08.672 PM 9/20/2023 	 4.019689 	 297.647000 	 44.546000 	 -2946697.276026 	 4.029285 	 297.647000 	 44.546000 	 -2946697.276026 	 108.515330 	 108.659028 	 296.583790
12:55:19.672 PM 9/20/2023 	 4.021105 	 297.647000 	 44.546000 	 -2946655.088505 	 4.035627 	 297.647000 	 44.546000 	 -2946655.088505 	 108.513900 	 108.658373 	 296.579895
12:55:29.672 PM 9/20/2023 	 4.014620 	 297.647000 	 44.546000 	 -2946620.363987 	 4.039750 	 297.647000 	 44.546000 	 -2946620.363987 	 108.513067 	 108.656884 	 296.576689
12:55:40.172 PM 9/20/2023 	 4.007034 	 297.647000 	 44.546000 	 -2946581.527194 	 4.037172 	 297.647000 	 44.546000 	 -2946581.527194 	 108.512114 	 108.655394 	 296.573103
12:55:50.172 PM 9/20/2023 	 4.014383 	 297.647000 	 44.546000 	 -2946545.522612 	 4.034964 	 297.647000 	 44.546000 	 -2946545.522612 	 108.511280 	 108.654084 	 296.569778
12:56:00.672 PM 9/20/2023 	 4.017985 	 297.647000 	 44.546000 	 -2946498.463890 	 4.030427 	 297.647000 	 44.546000 	 -2946498.463890 	 108.510744 	 108.652535 	 296.565433
12:56:10.673 PM 9/20/2023 	 4.023259 	 297.647000 	 44.546000 	 -2946461.951821 	 4.047163 	 297.647000 	 44.546000 	 -2946461.951821 	 108.510208 	 108.651999 	 296.562062
12:56:21.172 PM 9/20/2023 	 4.009842 	 297.647000 	 44.546000 	 -2946418.501236 	 4.029916 	 297.647000 	 44.546000 	 -2946418.501236 	 108.509195 	 108.651225 	 296.558050
12:56:32.173 PM 9/20/2023 	 4.011815 	 297.647000 	 44.546000 	 -2946372.998384 	 4.032164 	 297.647000 	 44.546000 	 -2946372.998384 	 108.507766 	 108.649557 	 296.553848
12:56:42.673 PM 9/20/2023 	 4.015177 	 297.647000 	 44.546000 	 -2946331.869881 	 4.035957 	 297.647000 	 44.546000 	 -2946331.869881 	 108.507408 	 108.648961 	 296.550050
12:56:53.672 PM 9/20/2023 	 4.015437 	 297.647000 	 44.546000 	 -2946289.460107 	 4.041280 	 297.647000 	 44.546000 	 -2946289.460107 	 108.506515 	 108.648425 	 296.546134
12:57:04.672 PM 9/20/2023 	 4.024800 	 297.647000 	 44.546000 	 -2946245.255447 	 4.030602 	 297.647000 	 44.546000 	 -2946245.255447 	 108.505681 	 108.648366 	 296.542052
12:57:14.672 PM 9/20/2023 	 4.002116 	 297.647000 	 44.546000 	 -2946212.618787 	 4.027761 	 297.647000 	 44.546000 	 -2946212.618787 	 108.505145 	 108.647651 	 296.539038
12:57:25.672 PM 9/20/2023 	 3.997253 	 297.647000 	 44.546000 	 -2946175.359395 	 4.031507 	 297.647000 	 44.546000 	 -2946175.359395 	 108.505086 	 108.647651 	 296.535597
12:57:36.173 PM 9/20/2023 	 4.010084 	 297.647000 	 44.546000 	 -2946144.012537 	 4.049049 	 297.647000 	 44.546000 	 -2946144.012537 	 108.504549 	 108.647532 	 296.532703
12:57:47.172 PM 9/20/2023 	 4.005011 	 297.647000 	 44.546000 	 -2946118.063126 	 4.029776 	 297.647000 	 44.546000 	 -2946118.063126 	 108.504013 	 108.647770 	 296.530306
12:57:58.173 PM 9/20/2023 	 4.010884 	 297.647000 	 44.546000 	 -2946090.316920 	 4.046512 	 297.647000 	 44.546000 	 -2946090.316920 	 108.504728 	 108.647174 	 296.527744
12:58:09.172 PM 9/20/2023 	 4.013738 	 297.647000 	 44.546000 	 -2946062.829334 	 4.038777 	 297.647000 	 44.546000 	 -2946062.829334 	 108.503954 	 108.647294 	 296.525205
12:58:19.673 PM 9/20/2023 	 4.014982 	 297.647000 	 44.546000 	 -2946038.939638 	 4.041998 	 297.647000 	 44.546000 	 -2946038.939638 	 108.504133 	 108.647413 	 296.522999
12:58:30.172 PM 9/20/2023 	 4.010907 	 297.647000 	 44.546000 	 -2946017.876671 	 4.040450 	 297.647000 	 44.546000 	 -2946017.876671 	 108.504728 	 108.647532 	 296.521054
12:58:41.172 PM 9/20/2023 	 4.005253 	 297.647000 	 44.546000 	 -2945997.071552 	 4.033277 	 297.647000 	 44.546000 	 -2945997.071552 	 108.505800 	 108.647711 	 296.519132
12:58:51.672 PM 9/20/2023 	 4.027733 	 297.647000 	 44.546000 	 -2945978.578931 	 4.033788 	 297.647000 	 44.546000 	 -2945978.578931 	 108.505443 	 108.647830 	 296.517424
12:59:01.673 PM 9/20/2023 	 4.011514 	 297.647000 	 44.546000 	 -2945953.923302 	 4.034491 	 297.647000 	 44.546000 	 -2945953.923302 	 108.505443 	 108.648187 	 296.515147
12:59:12.172 PM 9/20/2023 	 4.012971 	 297.647000 	 44.546000 	 -2945941.339185 	 4.047067 	 297.647000 	 44.546000 	 -2945941.339185 	 108.504549 	 108.647174 	 296.513985
1:02:34.626 PM 9/20/2023 	 4.010452 	 297.647000 	 44.546000 	 -2946307.554404 	 4.042395 	 297.647000 	 44.546000 	 -2946307.554404 	 108.506038 	 108.647830 	 296.559094
1:02:45.125 PM 9/20/2023 	 4.017991 	 297.647000 	 44.546000 	 -2946349.204819 	 4.039539 	 297.647000 	 44.546000 	 -2946349.204819 	 108.505919 	 108.648306 	 296.562940
1:02:55.125 PM 9/20/2023 	 4.019252 	 297.647000 	 44.546000 	 -2946373.631266 	 4.038030 	 297.647000 	 44.546000 	 -2946373.631266 	 108.505502 	 108.648723 	 296.565196
1:04:57.828 PM 9/20/2023 	 4.025375 	 297.647000 	 44.546000 	 -2947016.338043 	 4.026106 	 297.647000 	 44.546000 	 -2947016.338043 	 108.508957 	 108.653250 	 296.596783
1:05:08.329 PM 9/20/2023 	 4.018096 	 297.647000 	 44.546000 	 -2947047.992951 	 4.044675 	 297.647000 	 44.546000 	 -2947047.992951 	 108.509314 	 108.654382 	 296.599705
1:05:18.828 PM 9/20/2023 	 4.013782 	 297.647000 	 44.546000 	 -2947075.789371 	 4.037210 	 297.647000 	 44.546000 	 -2947075.789371 	 108.509910 	 108.654620 	 296.602271
1:05:28.829 PM 9/20/2023 	 4.010434 	 297.647000 	 44.546000 	 -2947095.865648 	 4.035715 	 297.647000 	 44.546000 	 -2947095.865648 	 108.510446 	 108.654203 	 296.604124
1:05:39.329 PM 9/20/2023 	 4.007107 	 297.647000 	 44.546000 	 -2947097.667409 	 4.027063 	 297.647000 	 44.546000 	 -2947097.667409 	 108.510625 	 108.653727 	 296.604291
1:05:49.329 PM 9/20/2023 	 4.013344 	 297.647000 	 44.546000 	 -2947099.983971 	 4.032158 	 297.647000 	 44.546000 	 -2947099.983971 	 108.510684 	 108.654263 	 296.604505
1:05:59.329 PM 9/20/2023 	 4.016677 	 297.647000 	 44.546000 	 -2947093.291715 	 4.034690 	 297.647000 	 44.546000 	 -2947093.291715 	 108.510386 	 108.654263 	 296.603887
1:06:09.829 PM 9/20/2023 	 4.010691 	 297.647000 	 44.546000 	 -2947079.392738 	 4.043069 	 297.647000 	 44.546000 	 -2947079.392738 	 108.510148 	 108.654620 	 296.602604
1:06:19.830 PM 9/20/2023 	 4.010364 	 297.647000 	 44.546000 	 -2947059.059835 	 4.031125 	 297.647000 	 44.546000 	 -2947059.059835 	 108.510148 	 108.654501 	 296.600727
1:06:30.329 PM 9/20/2023 	 4.013581 	 297.647000 	 44.546000 	 -2947035.896906 	 4.045064 	 297.647000 	 44.546000 	 -2947035.896906 	 108.510327 	 108.655275 	 296.598589
1:06:40.329 PM 9/20/2023 	 4.019179 	 297.647000 	 44.546000 	 -2947012.735189 	 4.033826 	 297.647000 	 44.546000 	 -2947012.735189 	 108.510863 	 108.655275 	 296.596450
1:06:50.829 PM 9/20/2023 	 4.016382 	 297.647000 	 44.546000 	 -2946988.545355 	 4.034961 	 297.647000 	 44.546000 	 -2946988.545355 	 108.510922 	 108.655335 	 296.594217
1:07:00.830 PM 9/20/2023 	 4.013560 	 297.647000 	 44.546000 	 -2946954.836194 	 4.044173 	 297.647000 	 44.546000 	 -2946954.836194 	 108.511042 	 108.655573 	 296.591105
1:07:11.330 PM 9/20/2023 	 4.010151 	 297.647000 	 44.546000 	 -2946926.532773 	 4.039782 	 297.647000 	 44.546000 	 -2946926.532773 	 108.511339 	 108.656109 	 296.588492
1:07:21.830 PM 9/20/2023 	 4.019012 	 297.647000 	 44.546000 	 -2946892.571055 	 4.024830 	 297.647000 	 44.546000 	 -2946892.571055 	 108.511458 	 108.657062 	 296.585357
1:07:32.330 PM 9/20/2023 	 4.011572 	 297.647000 	 44.546000 	 -2946860.155480 	 4.039612 	 297.647000 	 44.546000 	 -2946860.155480 	 108.511578 	 108.656705 	 296.582365
1:07:42.330 PM 9/20/2023 	 4.003158 	 297.647000 	 44.546000 	 -2946826.198850 	 4.035814 	 297.647000 	 44.546000 	 -2946826.198850 	 108.511578 	 108.656645 	 296.579230
1:07:52.830 PM 9/20/2023 	 4.017118 	 297.647000 	 44.546000 	 -2946790.958735 	 4.039180 	 297.647000 	 44.546000 	 -2946790.958735 	 108.511816 	 108.656764 	 296.575976
1:08:02.830 PM 9/20/2023 	 4.011339 	 297.647000 	 44.546000 	 -2946756.235816 	 4.034170 	 297.647000 	 44.546000 	 -2946756.235816 	 108.512173 	 108.657360 	 296.572770
1:08:12.830 PM 9/20/2023 	 4.016993 	 297.647000 	 44.546000 	 -2946724.344569 	 4.039417 	 297.647000 	 44.546000 	 -2946724.344569 	 108.511756 	 108.656705 	 296.569826
1:08:22.830 PM 9/20/2023 	 4.010452 	 297.647000 	 44.546000 	 -2946689.369711 	 4.037703 	 297.647000 	 44.546000 	 -2946689.369711 	 108.511994 	 108.656586 	 296.566597
1:08:32.831 PM 9/20/2023 	 4.016511 	 297.647000 	 44.546000 	 -2946659.283254 	 4.039338 	 297.647000 	 44.546000 	 -2946659.283254 	 108.512411 	 108.657062 	 296.563819
1:08:42.831 PM 9/20/2023 	 4.018478 	 297.647000 	 44.546000 	 -2946630.484456 	 4.039116 	 297.647000 	 44.546000 	 -2946630.484456 	 108.512352 	 108.657479 	 296.561160
1:08:53.331 PM 9/20/2023 	 4.016102 	 297.647000 	 44.546000 	 -2946602.458851 	 4.025276 	 297.647000 	 44.546000 	 -2946602.458851 	 108.512233 	 108.657539 	 296.558572
1:09:03.831 PM 9/20/2023 	 4.006573 	 297.647000 	 44.546000 	 -2946569.807398 	 4.039899 	 297.647000 	 44.546000 	 -2946569.807398 	 108.512471 	 108.657598 	 296.555557
1:09:13.831 PM 9/20/2023 	 4.013627 	 297.647000 	 44.546000 	 -2946542.813919 	 4.035294 	 297.647000 	 44.546000 	 -2946542.813919 	 108.513007 	 108.657479 	 296.553065
1:09:23.831 PM 9/20/2023 	 4.014984 	 297.647000 	 44.546000 	 -2946514.022685 	 4.037969 	 297.647000 	 44.546000 	 -2946514.022685 	 108.512828 	 108.658134 	 296.550406
1:09:34.330 PM 9/20/2023 	 4.016368 	 297.647000 	 44.546000 	 -2946484.976281 	 4.041712 	 297.647000 	 44.546000 	 -2946484.976281 	 108.512471 	 108.657360 	 296.547724
1:09:44.331 PM 9/20/2023 	 4.012328 	 297.647000 	 44.546000 	 -2946455.931780 	 4.041052 	 297.647000 	 44.546000 	 -2946455.931780 	 108.512233 	 108.657360 	 296.545042
1:09:54.331 PM 9/20/2023 	 4.006850 	 297.647000 	 44.546000 	 -2946418.922074 	 4.038842 	 297.647000 	 44.546000 	 -2946418.922074 	 108.511816 	 108.658015 	 296.541625
1:10:04.831 PM 9/20/2023 	 4.020942 	 297.647000 	 44.546000 	 -2946386.027149 	 4.047478 	 297.647000 	 44.546000 	 -2946386.027149 	 108.511518 	 108.657956 	 296.538587
1:10:14.831 PM 9/20/2023 	 4.021540 	 297.647000 	 44.546000 	 -2946349.280236 	 4.040716 	 297.647000 	 44.546000 	 -2946349.280236 	 108.511042 	 108.657777 	 296.535194
1:10:24.831 PM 9/20/2023 	 4.016952 	 297.647000 	 44.546000 	 -2946315.619651 	 4.021127 	 297.647000 	 44.546000 	 -2946315.619651 	 108.511161 	 108.657420 	 296.532086
1:10:34.832 PM 9/20/2023 	 4.016461 	 297.647000 	 44.546000 	 -2946275.795539 	 4.031650 	 297.647000 	 44.546000 	 -2946275.795539 	 108.510982 	 108.656824 	 296.528408
1:10:45.332 PM 9/20/2023 	 4.014313 	 297.647000 	 44.546000 	 -2946242.654326 	 4.037388 	 297.647000 	 44.546000 	 -2946242.654326 	 108.510982 	 108.657062 	 296.525348
1:10:55.832 PM 9/20/2023 	 4.015673 	 297.647000 	 44.546000 	 -2946209.258708 	 4.026313 	 297.647000 	 44.546000 	 -2946209.258708 	 108.510922 	 108.657539 	 296.522264
1:11:06.331 PM 9/20/2023 	 4.013975 	 297.647000 	 44.546000 	 -2946169.957853 	 4.030798 	 297.647000 	 44.546000 	 -2946169.957853 	 108.510446 	 108.656526 	 296.518634
1:11:16.831 PM 9/20/2023 	 4.026741 	 297.647000 	 44.546000 	 -2946134.256172 	 4.036170 	 297.647000 	 44.546000 	 -2946134.256172 	 108.510625 	 108.656228 	 296.515337
1:11:27.331 PM 9/20/2023 	 4.009322 	 297.647000 	 44.546000 	 -2946093.934705 	 4.033028 	 297.647000 	 44.546000 	 -2946093.934705 	 108.510565 	 108.656169 	 296.511613
1:11:37.331 PM 9/20/2023 	 4.013505 	 297.647000 	 44.546000 	 -2946060.293481 	 4.043183 	 297.647000 	 44.546000 	 -2946060.293481 	 108.510327 	 108.655692 	 296.508506
1:11:47.332 PM 9/20/2023 	 4.008607 	 297.647000 	 44.546000 	 -2946025.114164 	 4.037332 	 297.647000 	 44.546000 	 -2946025.114164 	 108.510803 	 108.655692 	 296.505257
1:11:57.831 PM 9/20/2023 	 4.013143 	 297.647000 	 44.546000 	 -2945993.018679 	 4.031525 	 297.647000 	 44.546000 	 -2945993.018679 	 108.510922 	 108.655692 	 296.502293
1:12:07.832 PM 9/20/2023 	 4.014590 	 297.647000 	 44.546000 	 -2945957.074490 	 4.044926 	 297.647000 	 44.546000 	 -2945957.074490 	 108.510446 	 108.655990 	 296.498973
1:12:17.832 PM 9/20/2023 	 4.015165 	 297.647000 	 44.546000 	 -2945922.160063 	 4.027671 	 297.647000 	 44.546000 	 -2945922.160063 	 108.510505 	 108.655394 	 296.495748
1:12:27.832 PM 9/20/2023 	 4.014836 	 297.647000 	 44.546000 	 -2945892.125583 	 4.044015 	 297.647000 	 44.546000 	 -2945892.125583 	 108.510565 	 108.655037 	 296.492974
1:12:38.331 PM 9/20/2023 	 4.008496 	 297.647000 	 44.546000 	 -2945856.959585 	 4.033122 	 297.647000 	 44.546000 	 -2945856.959585 	 108.510684 	 108.655335 	 296.489726
1:12:48.332 PM 9/20/2023 	 4.016371 	 297.647000 	 44.546000 	 -2945829.752767 	 4.022033 	 297.647000 	 44.546000 	 -2945829.752767 	 108.510684 	 108.654263 	 296.487213
1:12:58.832 PM 9/20/2023 	 4.007016 	 297.647000 	 44.546000 	 -2945794.078427 	 4.030663 	 297.647000 	 44.546000 	 -2945794.078427 	 108.509969 	 108.654024 	 296.483918
1:13:09.332 PM 9/20/2023 	 4.018417 	 297.647000 	 44.546000 	 -2945759.433429 	 4.034290 	 297.647000 	 44.546000 	 -2945759.433429 	 108.510148 	 108.654144 	 296.480718
1:13:19.332 PM 9/20/2023 	 4.017363 	 297.647000 	 44.546000 	 -2945734.285419 	 4.037969 	 297.647000 	 44.546000 	 -2945734.285419 	 108.510208 	 108.653667 	 296.478395
1:13:29.831 PM 9/20/2023 	 4.006132 	 297.647000 	 44.546000 	 -2945700.671424 	 4.032555 	 297.647000 	 44.546000 	 -2945700.671424 	 108.510684 	 108.653727 	 296.475290
1:13:39.832 PM 9/20/2023 	 4.013551 	 297.647000 	 44.546000 	 -2945668.342805 	 4.036348 	 297.647000 	 44.546000 	 -2945668.342805 	 108.509910 	 108.654024 	 296.472304
1:13:50.332 PM 9/20/2023 	 4.015352 	 297.647000 	 44.546000 	 -2945642.686844 	 4.036153 	 297.647000 	 44.546000 	 -2945642.686844 	 108.509076 	 108.653727 	 296.469934
1:14:00.832 PM 9/20/2023 	 4.013610 	 297.647000 	 44.546000 	 -2945609.592842 	 4.051178 	 297.647000 	 44.546000 	 -2945609.592842 	 108.508838 	 108.654144 	 296.466877
1:14:11.332 PM 9/20/2023 	 4.010709 	 297.647000 	 44.546000 	 -2945577.527362 	 4.027726 	 297.647000 	 44.546000 	 -2945577.527362 	 108.508778 	 108.653548 	 296.463915
1:14:21.833 PM 9/20/2023 	 4.025343 	 297.647000 	 44.546000 	 -2945546.490179 	 4.031312 	 297.647000 	 44.546000 	 -2945546.490179 	 108.508004 	 108.653727 	 296.461048
